[conf]                N               2
[conf]                J            3.034
[conf]             beta           1.000
[conf]              dt0       4.000e-01
[conf]        eps_trunc       1.000e-04
[conf]           eps_dt       9.000e-02
[conf]          eps_tol       1.000e-03
[conf]             Dmax              10
[conf]           dt_red           0.800
[conf]         phys_gap       1.000e-03
[info]           i      MBD                dt                 E           rel_err           exp_err             slope
[itstep]         0    2.000         4.000e-01     -3.3728887610      1.000000e+00      1.000000e-03     -6.151792e+00
[itstep]         1    2.000         4.000e-01     -3.4657096775      2.751971e-02      1.074989e+03     -2.320523e-01
[itstep]         2    2.000         4.000e-01     -3.4986148998      9.494512e-03      3.708794e+02     -8.226306e-02
[itstep]         3    2.000         4.000e-01     -3.5165247504      5.119126e-03      1.999659e+02     -4.477463e-02
[itstep]         4    2.000         4.000e-01     -3.5262702256      2.771337e-03      1.082554e+02     -2.436369e-02
[itstep]         5    2.000         4.000e-01     -3.5314528357      1.469714e-03      5.741072e+01     -1.295653e-02
[itstep]         6    2.000         4.000e-01     -3.5341701058      7.694482e-04      3.005657e+01     -6.793175e-03
[itstep]         7    2.000         4.000e-01     -3.5355839628      4.000535e-04      1.562709e+01     -3.534642e-03
[itstep]         8    2.000         4.000e-01     -3.5363166960      2.072453e-04      8.095520e+00     -1.831833e-03
[itstep]         9    2.000         4.000e-01     -3.5366956505      1.071608e-04      4.185968e+00     -9.473863e-04
[itstep]        10    2.000         4.000e-01     -3.5368914281      5.535608e-05      2.162347e+00     -4.894440e-04
[itstep]        11    2.000         4.000e-01     -3.5369925158      2.858095e-05      1.116443e+00     -2.527193e-04
[itstep]        12    2.000         4.000e-01     -3.5370446965      1.475284e-05      5.762827e-01     -1.304517e-04
[itstep]        13    2.000         4.000e-01     -3.5370716278      7.614061e-06      2.974243e-01     -6.732819e-05
[itstep]        14    2.000         4.000e-01     -3.5370855264      3.929408e-06      1.534925e-01     -3.474650e-05
[itstep]        15    2.000         4.000e-01     -3.5370926988      2.027788e-06      7.921045e-02     -1.793115e-05
[itstep]        16    2.000         4.000e-01     -3.5370964002      1.046429e-06      4.087613e-02     -9.253291e-06
[itstep]        17    2.000         4.000e-01     -3.5370983102      5.399991e-07      2.109371e-02     -4.775072e-06
[itstep]        18    2.000         4.000e-01     -3.5370992958      2.786596e-07      1.088514e-02     -2.464116e-06
[itstep]        19    2.000         4.000e-01     -3.5370998045      1.437984e-07      5.617125e-03     -1.271573e-06
[itstep]        20    2.000         4.000e-01     -3.5371000669      7.420505e-08      2.898635e-03     -6.561767e-07
[itstep]        21    2.000         4.000e-01     -3.5371002024      3.829240e-08      1.495797e-03     -3.386101e-07
[update_dt]  (i= 22) Reduced time step from   0.400000 to   0.320000
[update_E0]  (i= 22) Extrapolated energy ground state E0:  -5.358189
[itstep]        22    2.000         3.200e-01     -3.5371002723      1.976021e-08      7.718833e-04     -1.747346e-07
[itstep]        23    2.000         3.200e-01     -3.5853975979      1.365450e-02      1.302194e+03     -1.509291e-01
[itstep]        24    2.000         3.200e-01     -3.5888877366      9.734314e-04      9.283365e+01     -1.090668e-02
[itstep]        25    2.000         3.200e-01     -3.5891904062      8.433520e-05      8.042832e+00     -9.458424e-04
[itstep]        26    2.000         3.200e-01     -3.5892171472      7.450450e-06      7.105303e-01     -8.356589e-05
[itstep]        27    2.000         3.200e-01     -3.5892195171      6.602696e-07      6.296822e-02     -7.405785e-06
[itstep]        28    2.000         3.200e-01     -3.5892197292      5.909967e-08      5.636184e-03     -6.628803e-07
[update_dt]  (i= 29) Reduced time step from   0.320000 to   0.256000
[update_E0]  (i= 29) Extrapolated energy ground state E0:  -3.625379
[itstep]        29    2.000         2.560e-01     -3.5892197495      5.645239e-09      5.383720e-04     -6.331876e-08
[itstep]        30    2.000         2.560e-01     -3.6112278699      6.131728e-03      1.427654e+03     -8.596922e-02
[itstep]        31    2.000         2.560e-01     -3.6138598226      7.288249e-04      1.696928e+02     -1.028107e-02
[itstep]        32    2.000         2.560e-01     -3.6142347556      1.037486e-04      2.415586e+01     -1.464582e-03
[itstep]        33    2.000         2.560e-01     -3.6142897903      1.522721e-05      3.545361e+00     -2.149793e-04
[itstep]        34    2.000         2.560e-01     -3.6142979054      2.245274e-06      5.227685e-01     -3.169949e-05
[itstep]        35    2.000         2.560e-01     -3.6142991029      3.313204e-07      7.714154e-02     -4.677697e-06
[itstep]        36    2.000         2.560e-01     -3.6142992797      4.891333e-08      1.138852e-02     -6.905757e-07
[itstep]        37    2.000         2.560e-01     -3.6142993058      7.233544e-09      1.684191e-03     -1.021257e-07
[update_dt]  (i= 38) Reduced time step from   0.256000 to   0.204800
[update_E0]  (i= 38) Extrapolated energy ground state E0:  -3.631699
[itstep]        38    2.000         2.048e-01     -3.6142993097      1.078305e-09      2.510625e-04     -1.522390e-08
[itstep]        39    2.000         2.048e-01     -3.6235826061      2.568491e-03      1.460018e+03     -4.532860e-02
[itstep]        40    2.000         2.048e-01     -3.6252365606      4.564418e-04      2.594571e+02     -8.075950e-03
[itstep]        41    2.000         2.048e-01     -3.6255811070      9.504108e-05      5.402460e+01     -1.682355e-03
[itstep]        42    2.000         2.048e-01     -3.6256558490      2.061516e-05      1.171836e+01     -3.649509e-04
[itstep]        43    2.000         2.048e-01     -3.6256722133      4.513499e-06      2.565627e+00     -7.990428e-05
[itstep]        44    2.000         2.048e-01     -3.6256758036      9.902334e-07      5.628825e-01     -1.753057e-05
[itstep]        45    2.000         2.048e-01     -3.6256765917      2.173505e-07      1.235494e-01     -3.847863e-06
[itstep]        46    2.000         2.048e-01     -3.6256767646      4.771250e-08      2.712142e-02     -8.446782e-07
[itstep]        47    2.000         2.048e-01     -3.6256768026      1.047446e-08      5.954040e-03     -1.854346e-07
[itstep]        48    2.000         2.048e-01     -3.6256768110      2.299833e-09      1.307304e-03     -4.071509e-08
[update_dt]  (i= 49) Reduced time step from   0.204800 to   0.163840
[update_E0]  (i= 49) Extrapolated energy ground state E0:  -3.633570
[itstep]        49    2.000         1.638e-01     -3.6256768128      5.052194e-10      2.871840e-04     -8.944152e-09
[itstep]        50    2.000         1.638e-01     -3.6293792490      1.021171e-03      1.417160e+03     -2.259788e-02
[itstep]        51    2.000         1.638e-01     -3.6302876040      2.502783e-04      3.473310e+02     -5.544159e-03
[itstep]        52    2.000         1.638e-01     -3.6305417018      6.999385e-05      9.713598e+01     -1.550890e-03
[itstep]        53    2.000         1.638e-01     -3.6306162095      2.052248e-05      2.848066e+01     -4.547589e-04
[itstep]        54    2.000         1.638e-01     -3.6306383866      6.108357e-06      8.477048e+00     -1.353583e-04
[itstep]        55    2.000         1.638e-01     -3.6306450178      1.826458e-06      2.534720e+00     -4.047369e-05
[itstep]        56    2.000         1.638e-01     -3.6306470033      5.468837e-07      7.589535e-01     -1.211878e-05
[itstep]        57    2.000         1.638e-01     -3.6306475981      1.638174e-07      2.273424e-01     -3.630147e-06
[itstep]        58    2.000         1.638e-01     -3.6306477763      4.907717e-08      6.810825e-02     -1.087536e-06
[itstep]        59    2.000         1.638e-01     -3.6306478297      1.470332e-08      2.040496e-02     -3.258215e-07
[itstep]        60    2.000         1.638e-01     -3.6306478457      4.405121e-09      6.113333e-03     -9.761623e-08
[itstep]        61    2.000         1.638e-01     -3.6306478504      1.319792e-09      1.831580e-03     -2.924622e-08
[update_dt]  (i= 62) Reduced time step from   0.163840 to   0.131072
[update_E0]  (i= 62) Extrapolated energy ground state E0:  -3.634097
[itstep]        62    2.000         1.311e-01     -3.6306478519      3.954250e-10      5.487624e-04     -8.762506e-09
[itstep]        63    2.000         1.311e-01     -3.6320644014      3.901644e-04      1.321928e+03     -1.080742e-02
[itstep]        64    2.000         1.311e-01     -3.6325149538      1.240486e-04      4.202929e+02     -3.437442e-03
[itstep]        65    2.000         1.311e-01     -3.6326739880      4.378076e-05      1.483350e+02     -1.213335e-03
[itstep]        66    2.000         1.311e-01     -3.6327328994      1.621708e-05      5.494559e+01     -4.494579e-04
[itstep]        67    2.000         1.311e-01     -3.6327551633      6.128707e-06      2.076487e+01     -1.698605e-04
[itstep]        68    2.000         1.311e-01     -3.6327636442      2.334566e-06      7.909817e+00     -6.470418e-05
[itstep]        69    2.000         1.311e-01     -3.6327668848      8.920252e-07      3.022299e+00     -2.472318e-05
[itstep]        70    2.000         1.311e-01     -3.6327681244      3.412410e-07      1.156169e+00     -9.457770e-06
[itstep]        71    2.000         1.311e-01     -3.6327685988      1.305996e-07      4.424887e-01     -3.619676e-06
[itstep]        72    2.000         1.311e-01     -3.6327687805      4.999172e-08      1.693785e-01     -1.385562e-06
[itstep]        73    2.000         1.311e-01     -3.6327688500      1.913741e-08      6.484006e-02     -5.304091e-07
[itstep]        74    2.000         1.311e-01     -3.6327688766      7.326207e-09      2.482216e-02     -2.030519e-07
[itstep]        75    2.000         1.311e-01     -3.6327688868      2.804657e-09      9.502547e-03     -7.773339e-08
[itstep]        76    2.000         1.311e-01     -3.6327688907      1.073696e-09      3.637825e-03     -2.975838e-08
[itstep]        77    2.000         1.311e-01     -3.6327688922      4.110424e-10      1.392666e-03     -1.139238e-08
[update_dt]  (i= 78) Reduced time step from   0.131072 to   0.104858
[update_E0]  (i= 78) Extrapolated energy ground state E0:  -3.634240
[itstep]        78    2.000         1.049e-01     -3.6327688927      1.573580e-10      5.331498e-04     -4.361308e-09
[itstep]        79    2.000         1.049e-01     -3.6332939983      1.445469e-04      1.195664e+03     -5.007797e-03
[itstep]        80    2.000         1.049e-01     -3.6335004862      5.683216e-05      4.701046e+02     -1.969223e-03
[itstep]        81    2.000         1.049e-01     -3.6335883454      2.418031e-05      2.000149e+02     -8.378905e-04
[itstep]        82    2.000         1.049e-01     -3.6336274310      1.075676e-05      8.897780e+01     -3.727496e-04
[itstep]        83    2.000         1.049e-01     -3.6336452208      4.895876e-06      4.049773e+01     -1.696566e-04
[itstep]        84    2.000         1.049e-01     -3.6336534086      2.253319e-06      1.863902e+01     -7.808457e-05
[itstep]        85    2.000         1.049e-01     -3.6336571970      1.042602e-06      8.624198e+00     -3.612950e-05
[itstep]        86    2.000         1.049e-01     -3.6336589543      4.836113e-07      4.000339e+00     -1.675871e-05
[itstep]        87    2.000         1.049e-01     -3.6336597704      2.245847e-07      1.857721e+00     -7.782596e-06
[itstep]        88    2.000         1.049e-01     -3.6336601496      1.043517e-07      8.631772e-01     -3.616129e-06
[itstep]        89    2.000         1.049e-01     -3.6336603258      4.849854e-08      4.011705e-01     -1.680634e-06
[itstep]        90    2.000         1.049e-01     -3.6336604077      2.254284e-08      1.864700e-01     -7.811836e-07
[itstep]        91    2.000         1.049e-01     -3.6336604458      1.047882e-08      8.667880e-02     -3.631257e-07
[itstep]        92    2.000         1.049e-01     -3.6336604635      4.871101e-09      4.029280e-02     -1.687997e-07
[itstep]        93    2.000         1.049e-01     -3.6336604717      2.264370e-09      1.873043e-02     -7.846785e-08
[itstep]        94    2.000         1.049e-01     -3.6336604755      1.052615e-09      8.707025e-03     -3.647656e-08
[itstep]        95    2.000         1.049e-01     -3.6336604773      4.893202e-10      4.047562e-03     -1.695655e-08
[itstep]        96    2.000         1.049e-01     -3.6336604781      2.274663e-10      1.881557e-03     -7.882455e-09
[update_dt]  (i= 97) Reduced time step from   0.104858 to   0.083886
[update_E0]  (i= 97) Extrapolated energy ground state E0:  -3.634279
[itstep]        97    2.000         8.389e-02     -3.6336604785      1.057400e-10      8.746609e-04     -3.664239e-09

[info]       steps       dt                E0                 E
[output]        98    0.084     -3.6342790312     -3.6336604785
