[conf]                N               2
[conf]                J            2.207
[conf]             beta           1.000
[conf]              dt0       4.000e-01
[conf]        eps_trunc       1.000e-04
[conf]           eps_dt       9.000e-02
[conf]          eps_tol       1.000e-03
[conf]             Dmax              10
[conf]           dt_red           0.800
[conf]         phys_gap       1.000e-03
[info]           i      MBD                dt                 E           rel_err           exp_err             slope
[itstep]         0    2.000         4.000e-01     -2.6669454781      1.000000e+00      1.000000e-03     -5.273472e+00
[itstep]         1    2.000         4.000e-01     -2.7824272335      4.330113e-02      1.691450e+03     -2.887044e-01
[itstep]         2    2.000         4.000e-01     -2.8532188711      2.544240e-02      9.938439e+02     -1.769791e-01
[itstep]         3    2.000         4.000e-01     -2.8954751865      1.481005e-02      5.785176e+02     -1.056408e-01
[itstep]         4    2.000         4.000e-01     -2.9178076066      7.712869e-03      3.012839e+02     -5.583105e-02
[itstep]         5    2.000         4.000e-01     -2.9289890400      3.832135e-03      1.496928e+02     -2.795358e-02
[itstep]         6    2.000         4.000e-01     -2.9344469492      1.863411e-03      7.278948e+01     -1.364477e-02
[itstep]         7    2.000         4.000e-01     -2.9370788720      8.969059e-04      3.503539e+01     -6.579807e-03
[itstep]         8    2.000         4.000e-01     -2.9383406628      4.296074e-04      1.678154e+01     -3.154477e-03
[itstep]         9    2.000         4.000e-01     -2.9389439017      2.052992e-04      8.019499e+00     -1.508097e-03
[itstep]        10    2.000         4.000e-01     -2.9392319146      9.799877e-05      3.828077e+00     -7.200322e-04
[itstep]        11    2.000         4.000e-01     -2.9393693371      4.675457e-05      1.826350e+00     -3.435563e-04
[itstep]        12    2.000         4.000e-01     -2.9394348870      2.230066e-05      8.711197e-01     -1.638747e-04
[itstep]        13    2.000         4.000e-01     -2.9394661494      1.063553e-05      4.154504e-01     -7.815613e-05
[itstep]        14    2.000         4.000e-01     -2.9394810583      5.071958e-06      1.981233e-01     -3.727212e-05
[itstep]        15    2.000         4.000e-01     -2.9394881680      2.418690e-06      9.448006e-02     -1.777423e-05
[itstep]        16    2.000         4.000e-01     -2.9394915584      1.153397e-06      4.505459e-02     -8.475995e-06
[itstep]        17    2.000         4.000e-01     -2.9394931751      5.500157e-07      2.148499e-02     -4.041917e-06
[itstep]        18    2.000         4.000e-01     -2.9394939461      2.622829e-07      1.024543e-02     -1.927447e-06
[itstep]        19    2.000         4.000e-01     -2.9394943138      1.250732e-07      4.885671e-03     -9.191296e-07
[itstep]        20    2.000         4.000e-01     -2.9394944891      5.964282e-08      2.329797e-03     -4.382993e-07
[itstep]        21    2.000         4.000e-01     -2.9394945727      2.844146e-08      1.110995e-03     -2.090088e-07
[update_dt]  (i= 22) Reduced time step from   0.400000 to   0.320000
[update_E0]  (i= 22) Extrapolated energy ground state E0:  -4.592005
[itstep]        22    2.000         3.200e-01     -2.9394946125      1.356268e-08      5.297923e-04     -9.966859e-08
[itstep]        23    2.000         3.200e-01     -2.9584618216      6.452541e-03      6.153622e+02     -5.927253e-02
[itstep]        24    2.000         3.200e-01     -2.9606043104      7.241901e-04      6.906415e+01     -6.695277e-03
[itstep]        25    2.000         3.200e-01     -2.9608928009      9.744313e-05      9.292901e+00     -9.015330e-04
[itstep]        26    2.000         3.200e-01     -2.9609327621      1.349633e-05      1.287110e+00     -1.248787e-04
[itstep]        27    2.000         3.200e-01     -2.9609383207      1.877324e-06      1.790355e-01     -1.737072e-05
[itstep]        28    2.000         3.200e-01     -2.9609390949      2.614720e-07      2.493591e-02     -2.419383e-06
[itstep]        29    2.000         3.200e-01     -2.9609392031      3.652834e-08      3.483614e-03     -3.379943e-07
[update_dt]  (i= 30) Reduced time step from   0.320000 to   0.256000
[update_E0]  (i= 30) Extrapolated energy ground state E0:  -2.975817
[itstep]        30    2.000         2.560e-01     -2.9609392184      5.164724e-09      4.925464e-04     -4.778885e-08
[itstep]        31    2.000         2.560e-01     -2.9690547749      2.740872e-03      6.381591e+02     -3.170139e-02
[itstep]        32    2.000         2.560e-01     -2.9704393596      4.663385e-04      1.085779e+02     -5.408534e-03
[itstep]        33    2.000         2.560e-01     -2.9707161826      9.319262e-05      2.169810e+01     -1.081340e-03
[itstep]        34    2.000         2.560e-01     -2.9707737436      1.937612e-05      4.511354e+00     -2.248475e-04
[itstep]        35    2.000         2.560e-01     -2.9707858154      4.063534e-06      9.461153e-01     -4.715563e-05
[itstep]        36    2.000         2.560e-01     -2.9707883517      8.537628e-07      1.987821e-01     -9.907603e-06
[itstep]        37    2.000         2.560e-01     -2.9707888848      1.794494e-07      4.178133e-02     -2.082446e-06
[itstep]        38    2.000         2.560e-01     -2.9707889969      3.772206e-08      8.782851e-03     -4.377510e-07
[itstep]        39    2.000         2.560e-01     -2.9707890205      7.930433e-09      1.846448e-03     -9.202986e-08
[update_dt]  (i= 40) Reduced time step from   0.256000 to   0.204800
[update_E0]  (i= 40) Extrapolated energy ground state E0:  -2.977622
[itstep]        40    2.000         2.048e-01     -2.9707890254      1.667732e-09      3.882992e-04     -1.935344e-08
[itstep]        41    2.000         2.048e-01     -2.9740550181      1.099369e-03      6.249188e+02     -1.594723e-02
[itstep]        42    2.000         2.048e-01     -2.9748296908      2.604769e-04      1.480640e+02     -3.782581e-03
[itstep]        43    2.000         2.048e-01     -2.9750398098      7.063231e-05      4.014982e+01     -1.025972e-03
[itstep]        44    2.000         2.048e-01     -2.9750995147      2.006859e-05      1.140767e+01     -2.915276e-04
[itstep]        45    2.000         2.048e-01     -2.9751167236      5.784301e-06      3.287995e+00     -8.402770e-05
[itstep]        46    2.000         2.048e-01     -2.9751217046      1.674246e-06      9.516986e-01     -2.432166e-05
[itstep]        47    2.000         2.048e-01     -2.9751231482      4.852014e-07      2.758051e-01     -7.048502e-06
[itstep]        48    2.000         2.048e-01     -2.9751235667      1.406631e-07      7.995770e-02     -2.043408e-06
[itstep]        49    2.000         2.048e-01     -2.9751236880      4.078339e-08      2.318267e-02     -5.924591e-07
[itstep]        50    2.000         2.048e-01     -2.9751237232      1.182497e-08      6.721716e-03     -1.717810e-07
[itstep]        51    2.000         2.048e-01     -2.9751237334      3.428635e-09      1.948953e-03     -4.980768e-08
[update_dt]  (i= 52) Reduced time step from   0.204800 to   0.163840
[update_E0]  (i= 52) Extrapolated energy ground state E0:  -2.978131
[itstep]        52    2.000         1.638e-01     -2.9751237363      9.941368e-10      5.651013e-04     -1.444180e-08
[itstep]        53    2.000         1.638e-01     -2.9763807528      4.225090e-04      5.863490e+02     -7.672219e-03
[itstep]        54    2.000         1.638e-01     -2.9767699772      1.307711e-04      1.814813e+02     -2.375638e-03
[itstep]        55    2.000         1.638e-01     -2.9769041226      4.506407e-05      6.253896e+01     -8.187584e-04
[itstep]        56    2.000         1.638e-01     -2.9769526460      1.629996e-05      2.262074e+01     -2.961635e-04
[itstep]        57    2.000         1.638e-01     -2.9769705439      6.012137e-06      8.343517e+00     -1.092398e-04
[itstep]        58    2.000         1.638e-01     -2.9769771952      2.234270e-06      3.100673e+00     -4.059666e-05
[itstep]        59    2.000         1.638e-01     -2.9769796741      8.326743e-07      1.155568e+00     -1.512972e-05
[itstep]        60    2.000         1.638e-01     -2.9769805989      3.106539e-07      4.311189e-01     -5.644594e-06
[itstep]        61    2.000         1.638e-01     -2.9769809441      1.159448e-07      1.609057e-01     -2.106722e-06
[itstep]        62    2.000         1.638e-01     -2.9769810729      4.328029e-08      6.006347e-02     -7.864051e-07
[itstep]        63    2.000         1.638e-01     -2.9769811210      1.615672e-08      2.242196e-02     -2.935685e-07
[itstep]        64    2.000         1.638e-01     -2.9769811389      6.031500e-09      8.370388e-03     -1.095927e-07
[itstep]        65    2.000         1.638e-01     -2.9769811457      2.251650e-09      3.124792e-03     -4.091260e-08
[itstep]        66    2.000         1.638e-01     -2.9769811482      8.405771e-10      1.166535e-03     -1.527333e-08
[update_dt]  (i= 67) Reduced time step from   0.163840 to   0.131072
[update_E0]  (i= 67) Extrapolated energy ground state E0:  -2.978270
[itstep]        67    2.000         1.311e-01     -2.9769811491      3.138005e-10      4.354856e-04     -5.701770e-09
[itstep]        68    2.000         1.311e-01     -2.9774490402      1.571697e-04      5.325115e+02     -3.569726e-03
[itstep]        69    2.000         1.311e-01     -2.9776290967      6.047339e-05      2.048918e+02     -1.373722e-03
[itstep]        70    2.000         1.311e-01     -2.9777042689      2.524565e-05      8.553560e+01     -5.735183e-04
[itstep]        71    2.000         1.311e-01     -2.9777371008      1.102593e-05      3.735731e+01     -2.504880e-04
[itstep]        72    2.000         1.311e-01     -2.9777517690      4.925948e-06      1.668976e+01     -1.119093e-04
[itstep]        73    2.000         1.311e-01     -2.9777583935      2.224665e-06      7.537458e+00     -5.054092e-05
[itstep]        74    2.000         1.311e-01     -2.9777614004      1.009784e-06      3.421282e+00     -2.294078e-05
[itstep]        75    2.000         1.311e-01     -2.9777627684      4.594100e-07      1.556542e+00     -1.043711e-05
[itstep]        76    2.000         1.311e-01     -2.9777633915      2.092347e-07      7.089148e-01     -4.753505e-06
[itstep]        77    2.000         1.311e-01     -2.9777636754      9.534061e-08      3.230266e-01     -2.165999e-06
[itstep]        78    2.000         1.311e-01     -2.9777638048      4.345285e-08      1.472240e-01     -9.871851e-07
[itstep]        79    2.000         1.311e-01     -2.9777638637      1.980626e-08      6.710623e-02     -4.499693e-07
[itstep]        80    2.000         1.311e-01     -2.9777638906      9.028316e-09      3.058912e-02     -2.051101e-07
[itstep]        81    2.000         1.311e-01     -2.9777639029      4.115477e-09      1.394378e-02     -9.349761e-08
[itstep]        82    2.000         1.311e-01     -2.9777639085      1.876021e-09      6.356207e-03     -4.262045e-08
[itstep]        83    2.000         1.311e-01     -2.9777639110      8.551783e-10      2.897457e-03     -1.942840e-08
[itstep]        84    2.000         1.311e-01     -2.9777639122      3.898315e-10      1.320800e-03     -8.856400e-09
[update_dt]  (i= 85) Reduced time step from   0.131072 to   0.104858
[update_E0]  (i= 85) Extrapolated energy ground state E0:  -2.978307
[itstep]        85    2.000         1.049e-01     -2.9777639127      1.777054e-10      6.020893e-04     -4.037206e-09
[itstep]        86    2.000         1.049e-01     -2.9779336478      5.700085e-05      4.715000e+02     -1.618720e-03
[itstep]        87    2.000         1.049e-01     -2.9780116941      2.620823e-05      2.167894e+02     -7.443081e-04
[itstep]        88    2.000         1.049e-01     -2.9780497823      1.278979e-05      1.057946e+02     -3.632368e-04
[itstep]        89    2.000         1.049e-01     -2.9780690997      6.486607e-06      5.365595e+01     -1.842254e-04
[itstep]        90    2.000         1.049e-01     -2.9780791250      3.366355e-06      2.784584e+01     -9.560812e-05
[itstep]        91    2.000         1.049e-01     -2.9780843963      1.770035e-06      1.464139e+01     -5.027108e-05
[itstep]        92    2.000         1.049e-01     -2.9780871880      9.374406e-07      7.754327e+00     -2.662446e-05
[itstep]        93    2.000         1.049e-01     -2.9780886724      4.984417e-07      4.123013e+00     -1.415637e-05
[itstep]        94    2.000         1.049e-01     -2.9780894634      2.655870e-07      2.196884e+00     -7.543008e-06
[itstep]        95    2.000         1.049e-01     -2.9780898853      1.416754e-07      1.171912e+00     -4.023762e-06
[itstep]        96    2.000         1.049e-01     -2.9780901105      7.562185e-08      6.255293e-01     -2.147757e-06
[itstep]        97    2.000         1.049e-01     -2.9780902308      4.037774e-08      3.339969e-01     -1.146780e-06
[itstep]        98    2.000         1.049e-01     -2.9780902950      2.156317e-08      1.783664e-01     -6.124217e-07
[itstep]        99    2.000         1.049e-01     -2.9780903293      1.151659e-08      9.526297e-02     -3.270858e-07
[itstep]       100    2.000         1.049e-01     -2.9780903476      6.151153e-09      5.088114e-02     -1.747006e-07
[itstep]       101    2.000         1.049e-01     -2.9780903574      3.285495e-09      2.717698e-02     -9.331228e-08
[itstep]       102    2.000         1.049e-01     -2.9780903626      1.754896e-09      1.451616e-02     -4.984131e-08
[itstep]       103    2.000         1.049e-01     -2.9780903654      9.373571e-10      7.753636e-03     -2.662214e-08
[itstep]       104    2.000         1.049e-01     -2.9780903669      5.006806e-10      4.141533e-03     -1.421997e-08
[itstep]       105    2.000         1.049e-01     -2.9780903677      2.674347e-10      2.212168e-03     -7.595488e-09
[itstep]       106    2.000         1.049e-01     -2.9780903681      1.428476e-10      1.181608e-03     -4.057055e-09
[update_dt]  (i=107) Reduced time step from   0.104858 to   0.083886
[update_E0]  (i=107) Extrapolated energy ground state E0:  -2.978317
[itstep]       107    2.000         8.389e-02     -2.9780903683      7.630125e-11      6.311491e-04     -2.167053e-09

[info]       steps       dt                E0                 E
[output]       108    0.084     -2.9783168525     -2.9780903683
