[conf]                N               3
[conf]                J            3.310
[conf]             beta           1.000
[conf]              dt0       4.000e-01
[conf]        eps_trunc       1.000e-04
[conf]           eps_dt       9.000e-02
[conf]          eps_tol       1.000e-03
[conf]             Dmax              10
[conf]           dt_red           0.800
[conf]         phys_gap       1.000e-03
[info]           i      MBD                dt                 E           rel_err           exp_err             slope
[itstep]         0    2.000         4.000e-01     -6.8356658893      1.000000e+00      1.000000e-03     -1.719412e+01
[itstep]         1    2.000         4.000e-01     -6.7867964341     -7.149187e-03      2.792651e+02      1.221736e-01
[itstep]         2    2.000         4.000e-01     -6.7759362001     -1.600200e-03      6.250783e+01      2.715059e-02
[itstep]         3    2.000         4.000e-01     -6.7762545136      4.697706e-05      1.835041e+00     -7.957839e-04
[itstep]         4    2.000         4.000e-01     -6.7771605146      1.337023e-04      5.222747e+00     -2.265003e-03
[itstep]         5    2.000         4.000e-01     -6.7779189473      1.119101e-04      4.371488e+00     -1.896082e-03
[itstep]         6    2.000         4.000e-01     -6.7785144457      8.785858e-05      3.431976e+00     -1.488746e-03
[itstep]         7    2.000         4.000e-01     -6.7789766357      6.818456e-05      2.663459e+00     -1.155475e-03
[itstep]         8    2.000         4.000e-01     -6.7793332803      5.261039e-05      2.055093e+00     -8.916115e-04
[itstep]         9    2.000         4.000e-01     -6.7796073235      4.042333e-05      1.579036e+00     -6.851080e-04
[itstep]        10    2.000         4.000e-01     -6.7798172196      3.095993e-05      1.209372e+00     -5.247404e-04
[itstep]        11    2.000         4.000e-01     -6.7799775883      2.365384e-05      9.239780e-01     -4.009217e-04
[itstep]        12    2.000         4.000e-01     -6.7800998856      1.803801e-05      7.046096e-01     -3.057432e-04
[itstep]        13    2.000         4.000e-01     -6.7801930157      1.373580e-05      5.365548e-01     -2.328253e-04
[itstep]        14    2.000         4.000e-01     -6.7802638573      1.044832e-05      4.081373e-01     -1.771040e-04
[itstep]        15    2.000         4.000e-01     -6.7803176998      7.941060e-06      3.101977e-01     -1.346062e-04
[itstep]        16    2.000         4.000e-01     -6.7803585964      6.031662e-06      2.356118e-01     -1.022415e-04
[itstep]        17    2.000         4.000e-01     -6.7803896449      4.579179e-06      1.788742e-01     -7.762118e-05
[itstep]        18    2.000         4.000e-01     -6.7804132081      3.475204e-06      1.357502e-01     -5.890810e-05
[itstep]        19    2.000         4.000e-01     -6.7804310857      2.636655e-06      1.029943e-01     -4.469403e-05
[itstep]        20    2.000         4.000e-01     -6.7804446467      2.000025e-06      7.812598e-02     -3.390258e-05
[itstep]        21    2.000         4.000e-01     -6.7804549318      1.516871e-06      5.925276e-02     -2.571264e-05
[itstep]        22    2.000         4.000e-01     -6.7804627313      1.150295e-06      4.493342e-02     -1.949882e-05
[itstep]        23    2.000         4.000e-01     -6.7804686454      8.722292e-07      3.407145e-02     -1.478529e-05
[itstep]        24    2.000         4.000e-01     -6.7804731296      6.613354e-07      2.583341e-02     -1.121041e-05
[itstep]        25    2.000         4.000e-01     -6.7804765294      5.014066e-07      1.958620e-02     -8.499435e-06
[itstep]        26    2.000         4.000e-01     -6.7804791069      3.801379e-07      1.484913e-02     -6.443789e-06
[itstep]        27    2.000         4.000e-01     -6.7804810610      2.881901e-07      1.125743e-02     -4.885167e-06
[itstep]        28    2.000         4.000e-01     -6.7804825423      2.184777e-07      8.534284e-03     -3.703459e-06
[itstep]        29    2.000         4.000e-01     -6.7804836654      1.656256e-07      6.469751e-03     -2.807554e-06
[itstep]        30    2.000         4.000e-01     -6.7804845167      1.255574e-07      4.904586e-03     -2.128350e-06
[itstep]        31    2.000         4.000e-01     -6.7804851621      9.518154e-08      3.718029e-03     -1.613442e-06
[itstep]        32    2.000         4.000e-01     -6.7804856513      7.215391e-08      2.818512e-03     -1.223096e-06
[itstep]        33    2.000         4.000e-01     -6.7804860222      5.469713e-08      2.136607e-03     -9.271828e-07
[itstep]        34    2.000         4.000e-01     -6.7804863033      4.146363e-08      1.619673e-03     -7.028589e-07
[itstep]        35    2.000         4.000e-01     -6.7804865165      3.143176e-08      1.227803e-03     -5.328065e-07
[update_dt]  (i= 36) Reduced time step from   0.400000 to   0.320000
[update_E0]  (i= 36) Extrapolated energy ground state E0: -11.513689
[itstep]        36    2.000         3.200e-01     -6.7804866780      2.382698e-08      9.307413e-04     -4.038962e-07
[itstep]        37    2.000         3.200e-01     -6.9244985834      2.123917e-02      2.025525e+03     -4.500372e-01
[itstep]        38    2.000         3.200e-01     -6.9313246806      9.857894e-04      9.401220e+01     -2.133155e-02
[itstep]        39    2.000         3.200e-01     -6.9320524093      1.049913e-04      1.001275e+01     -2.274152e-03
[itstep]        40    2.000         3.200e-01     -6.9321393833      1.254665e-05      1.196541e+00     -2.717938e-04
[itstep]        41    2.000         3.200e-01     -6.9321499650      1.526479e-06      1.455764e-01     -3.306802e-05
[itstep]        42    2.000         3.200e-01     -6.9321513132      1.944844e-07      1.854748e-02     -4.213110e-06
[itstep]        43    2.000         3.200e-01     -6.9321515342      3.188054e-08      3.040365e-03     -6.906272e-07
[itstep]        44    2.000         3.200e-01     -6.9321516094      1.084740e-08      1.034489e-03     -2.349870e-07
[update_dt]  (i= 45) Reduced time step from   0.320000 to   0.256000
[update_E0]  (i= 45) Extrapolated energy ground state E0:  -7.037372
[itstep]        45    2.000         2.560e-01     -6.9321516590      7.150790e-09      6.819525e-04     -1.549074e-07
[itstep]        46    2.000         2.560e-01     -7.0049958476      1.050816e-02      2.446623e+03     -2.845476e-01
[itstep]        47    2.000         2.560e-01     -7.0101197068      7.314578e-04      1.703058e+02     -2.001507e-02
[itstep]        48    2.000         2.560e-01     -7.0108968420      1.108590e-04      2.581138e+01     -3.035684e-03
[itstep]        49    2.000         2.560e-01     -7.0110392279      2.030923e-05      4.728610e+00     -5.561949e-04
[itstep]        50    2.000         2.560e-01     -7.0110661754      3.843583e-06      8.949039e-01     -1.052637e-04
[itstep]        51    2.000         2.560e-01     -7.0110713119      7.326255e-07      1.705777e-01     -2.006440e-05
[itstep]        52    2.000         2.560e-01     -7.0110723019      1.412173e-07      3.287971e-02     -3.867518e-06
[itstep]        53    2.000         2.560e-01     -7.0110725019      2.851776e-08      6.639809e-03     -7.810160e-07
[itstep]        54    2.000         2.560e-01     -7.0110725502      6.888440e-09      1.603840e-03     -1.886537e-07
[update_dt]  (i= 55) Reduced time step from   0.256000 to   0.204800
[update_E0]  (i= 55) Extrapolated energy ground state E0:  -7.065825
[itstep]        55    2.000         2.048e-01     -7.0110725684      2.604687e-09      6.064510e-04     -7.133457e-08
[itstep]        56    2.000         2.048e-01     -7.0453330546      4.886626e-03      2.777725e+03     -1.672875e-01
[itstep]        57    2.000         2.048e-01     -7.0487581114      4.861455e-04      2.763417e+02     -1.672391e-02
[itstep]        58    2.000         2.048e-01     -7.0494165053      9.340567e-05      5.309497e+01     -3.214814e-03
[itstep]        59    2.000         2.048e-01     -7.0495789487      2.304352e-05      1.309872e+01     -7.931804e-04
[itstep]        60    2.000         2.048e-01     -7.0496218660      6.087926e-06      3.460585e+00     -2.095572e-04
[itstep]        61    2.000         2.048e-01     -7.0496333869      1.634254e-06      9.289658e-01     -5.625426e-05
[itstep]        62    2.000         2.048e-01     -7.0496364927      4.405700e-07      2.504350e-01     -1.516532e-05
[itstep]        63    2.000         2.048e-01     -7.0496373329      1.191717e-07      6.774125e-02     -4.102133e-06
[itstep]        64    2.000         2.048e-01     -7.0496375621      3.252348e-08      1.848746e-02     -1.119525e-06
[itstep]        65    2.000         2.048e-01     -7.0496376265      9.134432e-09      5.192323e-03     -3.144259e-07
[itstep]        66    2.000         2.048e-01     -7.0496376463      2.798995e-09      1.591045e-03     -9.634718e-08
[update_dt]  (i= 67) Reduced time step from   0.204800 to   0.163840
[update_E0]  (i= 67) Extrapolated energy ground state E0:  -7.076393
[itstep]        67    2.000         1.638e-01     -7.0496376537      1.063039e-09      6.042676e-04     -3.659198e-08
[itstep]        68    2.000         1.638e-01     -7.0647608339      2.145242e-03      2.977122e+03     -9.230457e-02
[itstep]        69    2.000         1.638e-01     -7.0668539575      2.962766e-04      4.111664e+02     -1.277541e-02
[itstep]        70    2.000         1.638e-01     -7.0673367488      6.831772e-05      9.480988e+01     -2.946724e-03
[itstep]        71    2.000         1.638e-01     -7.0674818231      2.052744e-05      2.848754e+01     -8.854634e-04
[itstep]        72    2.000         1.638e-01     -7.0675304741      6.883777e-06      9.553159e+00     -2.969419e-04
[itstep]        73    2.000         1.638e-01     -7.0675473986      2.394688e-06      3.323297e+00     -1.032991e-04
[itstep]        74    2.000         1.638e-01     -7.0675533532      8.425321e-07      1.169248e+00     -3.634421e-05
[itstep]        75    2.000         1.638e-01     -7.0675554559      2.975056e-07      4.128719e-01     -1.283347e-05
[itstep]        76    2.000         1.638e-01     -7.0675561996      1.052292e-07      1.460348e-01     -4.539264e-06
[itstep]        77    2.000         1.638e-01     -7.0675564632      3.729833e-08      5.176183e-02     -1.608936e-06
[itstep]        78    2.000         1.638e-01     -7.0675565571      1.328426e-08      1.843561e-02     -5.730424e-07
[itstep]        79    2.000         1.638e-01     -7.0675565909      4.790103e-09      6.647604e-03     -2.066304e-07
[itstep]        80    2.000         1.638e-01     -7.0675566035      1.781802e-09      2.472747e-03     -7.686150e-08
[update_dt]  (i= 81) Reduced time step from   0.163840 to   0.131072
[update_E0]  (i= 81) Extrapolated energy ground state E0:  -7.079988
[itstep]        81    2.000         1.311e-01     -7.0675566086      7.129309e-10      9.893904e-04     -3.075366e-08
[itstep]        82    2.000         1.311e-01     -7.0738798513      8.946858e-04      3.031314e+03     -4.824251e-02
[itstep]        83    2.000         1.311e-01     -7.0750586176      1.666365e-04      5.645863e+02     -8.993273e-03
[itstep]        84    2.000         1.311e-01     -7.0753798945      4.540978e-05      1.538543e+02     -2.451148e-03
[itstep]        85    2.000         1.311e-01     -7.0754905010      1.563259e-05      5.296529e+01     -8.438610e-04
[itstep]        86    2.000         1.311e-01     -7.0755340460      6.154340e-06      2.085171e+01     -3.322218e-04
[itstep]        87    2.000         1.311e-01     -7.0755522995      2.579812e-06      8.740744e+00     -1.392635e-04
[itstep]        88    2.000         1.311e-01     -7.0755601516      1.109747e-06      3.759969e+00     -5.990656e-05
[itstep]        89    2.000         1.311e-01     -7.0755635636      4.822233e-07      1.633836e+00     -2.603149e-05
[itstep]        90    2.000         1.311e-01     -7.0755650521      2.103692e-07      7.127584e-01     -1.135620e-05
[itstep]        91    2.000         1.311e-01     -7.0755657025      9.192596e-08      3.114573e-01     -4.962372e-06
[itstep]        92    2.000         1.311e-01     -7.0755659870      4.020915e-08      1.362339e-01     -2.170582e-06
[itstep]        93    2.000         1.311e-01     -7.0755661116      1.760813e-08      5.965866e-02     -9.505271e-07
[itstep]        94    2.000         1.311e-01     -7.0755661663      7.727219e-09      2.618084e-02     -4.171330e-07
[itstep]        95    2.000         1.311e-01     -7.0755661904      3.406120e-09      1.154038e-02     -1.838701e-07
[itstep]        96    2.000         1.311e-01     -7.0755662011      1.515624e-09      5.135134e-03     -8.181685e-08
[itstep]        97    2.000         1.311e-01     -7.0755662060      6.878320e-10      2.330466e-03     -3.713075e-08
[itstep]        98    2.000         1.311e-01     -7.0755662083      3.247188e-10      1.100190e-03     -1.752906e-08
[update_dt]  (i= 99) Reduced time step from   0.131072 to   0.104858
[update_E0]  (i= 99) Extrapolated energy ground state E0:  -7.081123
[itstep]        99    2.000         1.049e-01     -7.0755662094      1.648227e-10      5.584410e-04     -8.897505e-09
[itstep]       100    2.000         1.049e-01     -7.0780932436      3.571494e-04      2.954271e+03     -2.409968e-02
[itstep]       101    2.000         1.049e-01     -7.0787079059      8.684010e-05      7.183245e+02     -5.861877e-03
[itstep]       102    2.000         1.049e-01     -7.0789051597      2.786578e-05      2.305004e+02     -1.881158e-03
[itstep]       103    2.000         1.049e-01     -7.0789811774      1.073863e-05      8.882783e+01     -7.249614e-04
[itstep]       104    2.000         1.049e-01     -7.0790145261      4.710952e-06      3.896808e+01     -3.180384e-04
[itstep]       105    2.000         1.049e-01     -7.0790303801      2.239572e-06      1.852531e+01     -1.511952e-04
[itstep]       106    2.000         1.049e-01     -7.0790382518      1.111971e-06      9.198009e+00     -7.507016e-05
[itstep]       107    2.000         1.049e-01     -7.0790422454      5.641469e-07      4.666514e+00     -3.808610e-05
[itstep]       108    2.000         1.049e-01     -7.0790442924      2.891662e-07      2.391927e+00     -1.952190e-05
[itstep]       109    2.000         1.049e-01     -7.0790453467      1.489324e-07      1.231940e+00     -1.005458e-05
[itstep]       110    2.000         1.049e-01     -7.0790458910      7.688034e-08      6.359393e-01     -5.190271e-06
[itstep]       111    2.000         1.049e-01     -7.0790461722      3.973130e-08      3.286496e-01     -2.682302e-06
[itstep]       112    2.000         1.049e-01     -7.0790463177      2.054688e-08      1.699598e-01     -1.387141e-06
[itstep]       113    2.000         1.049e-01     -7.0790463929      1.063220e-08      8.794746e-02     -7.177907e-07
[itstep]       114    2.000         1.049e-01     -7.0790464319      5.506278e-09      4.554686e-02     -3.717346e-07
[itstep]       115    2.000         1.049e-01     -7.0790464521      2.855594e-09      2.362092e-02     -1.927841e-07
[itstep]       116    2.000         1.049e-01     -7.0790464626      1.484644e-09      1.228069e-02     -1.002299e-07
[itstep]       117    2.000         1.049e-01     -7.0790464681      7.754201e-10      6.414125e-03     -5.234942e-08
[itstep]       118    2.000         1.049e-01     -7.0790464710      4.083844e-10      3.378076e-03     -2.757046e-08
[itstep]       119    2.000         1.049e-01     -7.0790464726      2.183119e-10      1.805834e-03     -1.473847e-08
[update_dt]  (i=120) Reduced time step from   0.104858 to   0.083886
[update_E0]  (i=120) Extrapolated energy ground state E0:  -7.081461
[itstep]       120    2.000         8.389e-02     -7.0790464734      1.197578e-10      9.906130e-04     -8.084972e-09

[info]       steps       dt                E0                 E
[output]       121    0.084     -7.0814609655     -7.0790464734
