[conf]                N               2
[conf]                J            1.517
[conf]             beta           1.000
[conf]              dt0       4.000e-01
[conf]        eps_trunc       1.000e-04
[conf]           eps_dt       9.000e-02
[conf]          eps_tol       1.000e-03
[conf]             Dmax              10
[conf]           dt_red           0.800
[conf]         phys_gap       1.000e-03
[info]           i      MBD                dt                 E           rel_err           exp_err             slope
[itstep]         0    2.000         4.000e-01     -1.9080259646      1.000000e+00      1.000000e-03     -5.634993e+00
[itstep]         1    2.000         4.000e-01     -2.2392009351      1.735694e-01      6.780056e+03     -8.279374e-01
[itstep]         2    2.000         4.000e-01     -2.3695336318      5.820500e-02      2.273633e+03     -3.258317e-01
[itstep]         3    2.000         4.000e-01     -2.4389966725      2.931507e-02      1.145120e+03     -1.736576e-01
[itstep]         4    2.000         4.000e-01     -2.4720039340      1.353313e-02      5.286379e+02     -8.251815e-02
[itstep]         5    2.000         4.000e-01     -2.4866451024      5.922793e-03      2.313591e+02     -3.660292e-02
[itstep]         6    2.000         4.000e-01     -2.4929424961      2.532486e-03      9.892523e+01     -1.574348e-02
[itstep]         7    2.000         4.000e-01     -2.4956158014      1.072349e-03      4.188865e+01     -6.683263e-03
[itstep]         8    2.000         4.000e-01     -2.4967444095      4.522363e-04      1.766548e+01     -2.821520e-03
[itstep]         9    2.000         4.000e-01     -2.4972197841      1.903978e-04      7.437414e+00     -1.188437e-03
[itstep]        10    2.000         4.000e-01     -2.4974198208      8.010376e-05      3.129053e+00     -5.000917e-04
[itstep]        11    2.000         4.000e-01     -2.4975039618      3.369118e-05      1.316062e+00     -2.103525e-04
[itstep]        12    2.000         4.000e-01     -2.4975393479      1.416857e-05      5.534598e-01     -8.846515e-05
[itstep]        13    2.000         4.000e-01     -2.4975542287      5.958178e-06      2.327413e-01     -3.720196e-05
[itstep]        14    2.000         4.000e-01     -2.4975604862      2.505484e-06      9.787045e-02     -1.564395e-05
[itstep]        15    2.000         4.000e-01     -2.4975631176      1.053576e-06      4.115529e-02     -6.578422e-06
[itstep]        16    2.000         4.000e-01     -2.4975642241      4.430351e-07      1.730606e-02     -2.766270e-06
[itstep]        17    2.000         4.000e-01     -2.4975646894      1.862987e-07      7.277294e-03     -1.163233e-06
[itstep]        18    2.000         4.000e-01     -2.4975648851      7.833961e-08      3.060141e-03     -4.891456e-07
[itstep]        19    2.000         4.000e-01     -2.4975649673      3.294221e-08      1.286805e-03     -2.056883e-07
[update_dt]  (i= 20) Reduced time step from   0.400000 to   0.320000
[update_E0]  (i= 20) Extrapolated energy ground state E0:  -4.470316
[itstep]        20    2.000         3.200e-01     -2.4975650019      1.385237e-08      5.411081e-04     -8.649297e-08
[itstep]        21    2.000         3.200e-01     -2.5036153284      2.422490e-03      2.310267e+02     -1.890727e-02
[itstep]        22    2.000         3.200e-01     -2.5045633505      3.786612e-04      3.611195e+01     -2.962569e-03
[itstep]        23    2.000         3.200e-01     -2.5047381881      6.980765e-05      6.657376e+00     -5.463677e-04
[itstep]        24    2.000         3.200e-01     -2.5047716433      1.335676e-05      1.273800e+00     -1.045475e-04
[itstep]        25    2.000         3.200e-01     -2.5047780926      2.574784e-06      2.455506e-01     -2.015390e-05
[itstep]        26    2.000         3.200e-01     -2.5047793378      4.971228e-07      4.740933e-02     -3.891195e-06
[itstep]        27    2.000         3.200e-01     -2.5047795783      9.604161e-08      9.159242e-03     -7.517595e-07
[itstep]        28    2.000         3.200e-01     -2.5047796248      1.857287e-08      1.771247e-03     -1.453780e-07
[update_dt]  (i= 29) Reduced time step from   0.320000 to   0.256000
[update_E0]  (i= 29) Extrapolated energy ground state E0:  -2.509785
[itstep]        29    2.000         2.560e-01     -2.5047796339      3.600450e-09      3.433657e-04     -2.818229e-08
[itstep]        30    2.000         2.560e-01     -2.5072533217      9.875870e-04      2.299405e+02     -9.662843e-03
[itstep]        31    2.000         2.560e-01     -2.5078008643      2.183834e-04      5.084635e+01     -2.138838e-03
[itstep]        32    2.000         2.560e-01     -2.5079402641      5.558645e-05      1.294223e+01     -5.445303e-04
[itstep]        33    2.000         2.560e-01     -2.5079773948      1.480529e-05      3.447124e+00     -1.450421e-04
[itstep]        34    2.000         2.560e-01     -2.5079874135      3.994738e-06      9.300973e-01     -3.913559e-05
[itstep]        35    2.000         2.560e-01     -2.5079901264      1.081700e-06      2.518528e-01     -1.059722e-05
[itstep]        36    2.000         2.560e-01     -2.5079908617      2.931881e-07      6.826318e-02     -2.872316e-06
[itstep]        37    2.000         2.560e-01     -2.5079910611      7.948784e-08      1.850721e-02     -7.787296e-07
[itstep]        38    2.000         2.560e-01     -2.5079911152      2.155197e-08      5.017958e-03     -2.111412e-07
[itstep]        39    2.000         2.560e-01     -2.5079911298      5.843639e-09      1.360578e-03     -5.724919e-08
[update_dt]  (i= 40) Reduced time step from   0.256000 to   0.204800
[update_E0]  (i= 40) Extrapolated energy ground state E0:  -2.510219
[itstep]        40    2.000         2.048e-01     -2.5079911338      1.584476e-09      3.689146e-04     -1.552286e-08
[itstep]        41    2.000         2.048e-01     -2.5089541233      3.839685e-04      2.182608e+02     -4.702097e-03
[itstep]        42    2.000         2.048e-01     -2.5092358964      1.123070e-04      6.383913e+01     -1.375845e-03
[itstep]        43    2.000         2.048e-01     -2.5093282299      3.679749e-05      2.091695e+01     -4.508476e-04
[itstep]        44    2.000         2.048e-01     -2.5093599857      1.265509e-05      7.193589e+00     -1.550576e-04
[itstep]        45    2.000         2.048e-01     -2.5093711103      4.433218e-06      2.519993e+00     -5.431905e-05
[itstep]        46    2.000         2.048e-01     -2.5093750335      1.563448e-06      8.887174e-01     -1.915660e-05
[itstep]        47    2.000         2.048e-01     -2.5093764205      5.526981e-07      3.141725e-01     -6.772104e-06
[itstep]        48    2.000         2.048e-01     -2.5093769112      1.955519e-07      1.111584e-01     -2.396061e-06
[itstep]        49    2.000         2.048e-01     -2.5093770849      6.920969e-08      3.934116e-02     -8.480137e-07
[itstep]        50    2.000         2.048e-01     -2.5093771463      2.449730e-08      1.392510e-02     -3.001610e-07
[itstep]        51    2.000         2.048e-01     -2.5093771681      8.671334e-09      4.929083e-03     -1.062483e-07
[itstep]        52    2.000         2.048e-01     -2.5093771758      3.069442e-09      1.744776e-03     -3.760932e-08
[update_dt]  (i= 53) Reduced time step from   0.204800 to   0.163840
[update_E0]  (i= 53) Extrapolated energy ground state E0:  -2.510339
[itstep]        53    2.000         1.638e-01     -2.5093771785      1.086514e-09      6.176120e-04     -1.331286e-08
[itstep]        54    2.000         1.638e-01     -2.5097386626      1.440533e-04      1.999141e+02     -2.206324e-03
[itstep]        55    2.000         1.638e-01     -2.5098714478      5.290795e-05      7.342454e+01     -8.104562e-04
[itstep]        56    2.000         1.638e-01     -2.5099246636      2.120260e-05      2.942452e+01     -3.248035e-04
[itstep]        57    2.000         1.638e-01     -2.5099469992      8.898924e-06      1.234974e+01     -1.363259e-04
[itstep]        58    2.000         1.638e-01     -2.5099565838      3.818663e-06      5.299459e+00     -5.850001e-05
[itstep]        59    2.000         1.638e-01     -2.5099607385      1.655284e-06      2.297168e+00     -2.535822e-05
[itstep]        60    2.000         1.638e-01     -2.5099625476      7.207547e-07      1.000248e+00     -1.104166e-05
[itstep]        61    2.000         1.638e-01     -2.5099633369      3.144584e-07      4.363987e-01     -4.817375e-06
[itstep]        62    2.000         1.638e-01     -2.5099636815      1.373145e-07      1.905621e-01     -2.103603e-06
[itstep]        63    2.000         1.638e-01     -2.5099638321      5.998391e-08      8.324440e-02     -9.189297e-07
[itstep]        64    2.000         1.638e-01     -2.5099638979      2.620749e-08      3.637020e-02     -4.014884e-07
[itstep]        65    2.000         1.638e-01     -2.5099639266      1.145111e-08      1.589161e-02     -1.754265e-07
[itstep]        66    2.000         1.638e-01     -2.5099639392      5.003614e-09      6.943909e-03     -7.665338e-08
[itstep]        67    2.000         1.638e-01     -2.5099639447      2.186381e-09      3.034214e-03     -3.349450e-08
[itstep]        68    2.000         1.638e-01     -2.5099639471      9.553673e-10      1.325838e-03     -1.463585e-08
[update_dt]  (i= 69) Reduced time step from   0.163840 to   0.131072
[update_E0]  (i= 69) Extrapolated energy ground state E0:  -2.510371
[itstep]        69    2.000         1.311e-01     -2.5099639481      4.174619e-10      5.793447e-04     -6.395351e-09
[itstep]        70    2.000         1.311e-01     -2.5100959222      5.258006e-05      1.781482e+02     -1.006882e-03
[itstep]        71    2.000         1.311e-01     -2.5101543267      2.326786e-05      7.883456e+01     -4.455913e-04
[itstep]        72    2.000         1.311e-01     -2.5101818879      1.097989e-05      3.720133e+01     -2.102755e-04
[itstep]        73    2.000         1.311e-01     -2.5101954278      5.393980e-06      1.827552e+01     -1.033010e-04
[itstep]        74    2.000         1.311e-01     -2.5102022352      2.711914e-06      9.188323e+00     -5.193661e-05
[itstep]        75    2.000         1.311e-01     -2.5102057015      1.380862e-06      4.678544e+00     -2.644534e-05
[itstep]        76    2.000         1.311e-01     -2.5102074784      7.078797e-07      2.398390e+00     -1.355685e-05
[itstep]        77    2.000         1.311e-01     -2.5102083926      3.641741e-07      1.233870e+00     -6.974431e-06
[itstep]        78    2.000         1.311e-01     -2.5102088637      1.876986e-07      6.359476e-01     -3.594686e-06
[itstep]        79    2.000         1.311e-01     -2.5102091068      9.683431e-08      3.280874e-01     -1.854510e-06
[itstep]        80    2.000         1.311e-01     -2.5102092323      4.998192e-08      1.693453e-01     -9.572225e-07
[itstep]        81    2.000         1.311e-01     -2.5102092970      2.580524e-08      8.743156e-02     -4.942059e-07
[itstep]        82    2.000         1.311e-01     -2.5102093305      1.332480e-08      4.514616e-02     -2.551882e-07
[itstep]        83    2.000         1.311e-01     -2.5102093478      6.880863e-09      2.331327e-02     -1.317780e-07
[itstep]        84    2.000         1.311e-01     -2.5102093567      3.553371e-09      1.203929e-02     -6.805195e-08
[itstep]        85    2.000         1.311e-01     -2.5102093613      1.835043e-09      6.217367e-03     -3.514360e-08
[itstep]        86    2.000         1.311e-01     -2.5102093637      9.476675e-10      3.210822e-03     -1.814914e-08
[itstep]        87    2.000         1.311e-01     -2.5102093649      4.894042e-10      1.658166e-03     -9.372765e-09
[update_dt]  (i= 88) Reduced time step from   0.131072 to   0.104858
[update_E0]  (i= 88) Extrapolated energy ground state E0:  -2.510380
[itstep]        88    2.000         1.049e-01     -2.5102093655      2.527441e-10      8.563302e-04     -4.840397e-09
[itstep]        89    2.000         1.049e-01     -2.5102565154      1.878323e-05      1.553713e+02     -4.496560e-04
[itstep]        90    2.000         1.049e-01     -2.5102808258      9.684423e-06      8.010767e+01     -2.318419e-04
[itstep]        91    2.000         1.049e-01     -2.5102939472      5.227080e-06      4.323740e+01     -1.251358e-04
[itstep]        92    2.000         1.049e-01     -2.5103012631      2.914372e-06      2.410712e+01     -6.977015e-05
[itstep]        93    2.000         1.049e-01     -2.5103054310      1.660317e-06      1.373382e+01     -3.974815e-05
[itstep]        94    2.000         1.049e-01     -2.5103078382      9.589129e-07      7.931942e+00     -2.295651e-05
[itstep]        95    2.000         1.049e-01     -2.5103092402      5.585128e-07      4.619910e+00     -1.337089e-05
[itstep]        96    2.000         1.049e-01     -2.5103100610      3.269704e-07      2.704636e+00     -7.827729e-06
[itstep]        97    2.000         1.049e-01     -2.5103105430      1.920063e-07      1.588239e+00     -4.596665e-06
[itstep]        98    2.000         1.049e-01     -2.5103108266      1.129576e-07      9.343631e-01     -2.704225e-06
[itstep]        99    2.000         1.049e-01     -2.5103109936      6.652512e-08      5.502829e-01     -1.592624e-06
[itstep]       100    2.000         1.049e-01     -2.5103110920      3.920437e-08      3.242909e-01     -9.385601e-07
[itstep]       101    2.000         1.049e-01     -2.5103111500      2.311255e-08      1.911825e-01     -5.533188e-07
[itstep]       102    2.000         1.049e-01     -2.5103111842      1.362882e-08      1.127350e-01     -3.262766e-07
[itstep]       103    2.000         1.049e-01     -2.5103112044      8.037596e-09      6.648543e-02     -1.924216e-07
[itstep]       104    2.000         1.049e-01     -2.5103112163      4.740540e-09      3.921283e-02     -1.134895e-07
[itstep]       105    2.000         1.049e-01     -2.5103112233      2.796080e-09      2.312863e-02     -6.693869e-08
[itstep]       106    2.000         1.049e-01     -2.5103112275      1.649237e-09      1.364217e-02     -3.948304e-08
[itstep]       107    2.000         1.049e-01     -2.5103112299      9.728003e-10      8.046815e-03     -2.328903e-08
[itstep]       108    2.000         1.049e-01     -2.5103112313      5.738092e-10      4.746439e-03     -1.373710e-08
[itstep]       109    2.000         1.049e-01     -2.5103112322      3.384657e-10      2.799722e-03     -8.102933e-09
[itstep]       110    2.000         1.049e-01     -2.5103112327      1.996477e-10      1.651447e-03     -4.779604e-09
[update_dt]  (i=111) Reduced time step from   0.104858 to   0.083886
[update_E0]  (i=111) Extrapolated energy ground state E0:  -2.510382
[itstep]       111    2.000         8.389e-02     -2.5103112330      1.177639e-10      9.741199e-04     -2.819290e-09

[info]       steps       dt                E0                 E
[output]       112    0.084     -2.5103819053     -2.5103112330
