[conf]                N               2
[conf]                J            2.483
[conf]             beta           1.000
[conf]              dt0       4.000e-01
[conf]        eps_trunc       1.000e-04
[conf]           eps_dt       9.000e-02
[conf]          eps_tol       1.000e-03
[conf]             Dmax              10
[conf]           dt_red           0.800
[conf]         phys_gap       1.000e-03
[info]           i      MBD                dt                 E           rel_err           exp_err             slope
[itstep]         0    2.000         4.000e-01     -2.8762764960      1.000000e+00      1.000000e-03     -7.298983e+00
[itstep]         1    2.000         4.000e-01     -3.0017314510      4.361714e-02      1.703795e+03     -3.136374e-01
[itstep]         2    2.000         4.000e-01     -3.0608678523      1.970076e-02      7.695611e+02     -1.478410e-01
[itstep]         3    2.000         4.000e-01     -3.0954491361      1.129787e-02      4.413230e+02     -8.645321e-02
[itstep]         4    2.000         4.000e-01     -3.1140810282      6.019124e-03      2.351220e+02     -4.657973e-02
[itstep]         5    2.000         4.000e-01     -3.1236860037      3.084369e-03      1.204832e+02     -2.401244e-02
[itstep]         6    2.000         4.000e-01     -3.1285268913      1.549736e-03      6.053655e+01     -1.210222e-02
[itstep]         7    2.000         4.000e-01     -3.1309390518      7.710212e-04      3.011802e+01     -6.030401e-03
[itstep]         8    2.000         4.000e-01     -3.1321341906      3.817190e-04      1.491090e+01     -2.987847e-03
[itstep]         9    2.000         4.000e-01     -3.1327246714      1.885235e-04      7.364199e+00     -1.476202e-03
[itstep]        10    2.000         4.000e-01     -3.1330160032      9.299629e-05      3.632668e+00     -7.283295e-04
[itstep]        11    2.000         4.000e-01     -3.1331596418      4.584674e-05      1.790888e+00     -3.590965e-04
[itstep]        12    2.000         4.000e-01     -3.1332304375      2.259563e-05      8.826418e-01     -1.769893e-04
[itstep]        13    2.000         4.000e-01     -3.1332653250      1.113468e-05      4.349486e-01     -8.721883e-05
[itstep]        14    2.000         4.000e-01     -3.1332825159      5.486565e-06      2.143190e-01     -4.297716e-05
[itstep]        15    2.000         4.000e-01     -3.1332909864      2.703386e-06      1.056010e-01     -2.117618e-05
[itstep]        16    2.000         4.000e-01     -3.1332951600      1.332011e-06      5.203170e-02     -1.043395e-05
[itstep]        17    2.000         4.000e-01     -3.1332972164      6.563028e-07      2.563683e-02     -5.140976e-06
[itstep]        18    2.000         4.000e-01     -3.1332982296      3.233692e-07      1.263161e-02     -2.533030e-06
[itstep]        19    2.000         4.000e-01     -3.1332987288      1.593281e-07      6.223752e-03     -1.248056e-06
[itstep]        20    2.000         4.000e-01     -3.1332989748      7.850284e-08      3.066517e-03     -6.149322e-07
[itstep]        21    2.000         4.000e-01     -3.1332990960      3.867927e-08      1.510909e-03     -3.029843e-07
[update_dt]  (i= 22) Reduced time step from   0.400000 to   0.320000
[update_E0]  (i= 22) Extrapolated energy ground state E0:  -5.337130
[itstep]        22    2.000         3.200e-01     -3.1332991557      1.905773e-08      7.444424e-04     -1.492839e-07
[itstep]        23    2.000         3.200e-01     -3.1603068860      8.619582e-03      8.220274e+02     -8.439916e-02
[itstep]        24    2.000         3.200e-01     -3.1629483769      8.358337e-04      7.971131e+01     -8.254659e-03
[itstep]        25    2.000         3.200e-01     -3.1632573557      9.768694e-05      9.316153e+00     -9.655586e-04
[itstep]        26    2.000         3.200e-01     -3.1632944071      1.171305e-05      1.117044e+00     -1.157856e-04
[itstep]        27    2.000         3.200e-01     -3.1632988655      1.409435e-06      1.344142e-01     -1.393268e-05
[itstep]        28    2.000         3.200e-01     -3.1632994033      1.700166e-07      1.621405e-02     -1.680667e-06
[itstep]        29    2.000         3.200e-01     -3.1632994689      2.071878e-08      1.975897e-03     -2.048116e-07
[update_dt]  (i= 30) Reduced time step from   0.320000 to   0.256000
[update_E0]  (i= 30) Extrapolated energy ground state E0:  -3.184113
[itstep]        30    2.000         2.560e-01     -3.1632994773      2.647832e-09      2.525169e-04     -2.617464e-08
[itstep]        31    2.000         2.560e-01     -3.1750944195      3.728683e-03      8.681518e+02     -4.607399e-02
[itstep]        32    2.000         2.560e-01     -3.1768888305      5.651520e-04      1.315847e+02     -7.009418e-03
[itstep]        33    2.000         2.560e-01     -3.1772107737      1.013391e-04      2.359486e+01     -1.257590e-03
[itstep]        34    2.000         2.560e-01     -3.1772706672      1.885097e-05      4.389083e+00     -2.339590e-04
[itstep]        35    2.000         2.560e-01     -3.1772818882      3.531658e-06      8.222783e-01     -4.383217e-05
[itstep]        36    2.000         2.560e-01     -3.1772839933      6.625380e-07      1.542592e-01     -8.222930e-06
[itstep]        37    2.000         2.560e-01     -3.1772843883      1.243276e-07      2.894729e-02     -1.543063e-06
[itstep]        38    2.000         2.560e-01     -3.1772844625      2.333455e-08      5.432999e-03     -2.896114e-07
[itstep]        39    2.000         2.560e-01     -3.1772844764      4.381561e-09      1.020162e-03     -5.438072e-08
[update_dt]  (i= 40) Reduced time step from   0.256000 to   0.204800
[update_E0]  (i= 40) Extrapolated energy ground state E0:  -3.186987
[itstep]        40    2.000         2.048e-01     -3.1772844790      8.240395e-10      1.918616e-04     -1.022737e-08
[itstep]        41    2.000         2.048e-01     -3.1821035689      1.516732e-03      8.621625e+02     -2.353071e-02
[itstep]        42    2.000         2.048e-01     -3.1831457567      3.275154e-04      1.861709e+02     -5.088808e-03
[itstep]        43    2.000         2.048e-01     -3.1834055529      8.161618e-05      4.639343e+01     -1.268536e-03
[itstep]        44    2.000         2.048e-01     -3.1834732872      2.127731e-05      1.209475e+01     -3.307340e-04
[itstep]        45    2.000         2.048e-01     -3.1834911695      5.617222e-06      3.193021e+00     -8.731580e-05
[itstep]        46    2.000         2.048e-01     -3.1834959065      1.487975e-06      8.458157e-01     -2.312966e-05
[itstep]        47    2.000         2.048e-01     -3.1834971624      3.945125e-07      2.242544e-01     -6.132465e-06
[itstep]        48    2.000         2.048e-01     -3.1834974955      1.046237e-07      5.947167e-02     -1.626314e-06
[itstep]        49    2.000         2.048e-01     -3.1834975838      2.774773e-08      1.577276e-02     -4.313224e-07
[itstep]        50    2.000         2.048e-01     -3.1834976072      7.359264e-09      4.183257e-03     -1.143955e-07
[itstep]        51    2.000         2.048e-01     -3.1834976134      1.951859e-09      1.109504e-03     -3.034053e-08
[update_dt]  (i= 52) Reduced time step from   0.204800 to   0.163840
[update_E0]  (i= 52) Extrapolated energy ground state E0:  -3.187808
[itstep]        52    2.000         1.638e-01     -3.1834976151      5.177007e-10      2.942788e-04     -8.047358e-09
[itstep]        53    2.000         1.638e-01     -3.1853736790      5.893090e-04      8.178306e+02     -1.145059e-02
[itstep]        54    2.000         1.638e-01     -3.1859125092      1.691576e-04      2.347533e+02     -3.288758e-03
[itstep]        55    2.000         1.638e-01     -3.1860861888      5.451488e-05      7.565459e+01     -1.060056e-03
[itstep]        56    2.000         1.638e-01     -3.1861449469      1.844208e-05      2.559353e+01     -3.586308e-04
[itstep]        57    2.000         1.638e-01     -3.1861651884      6.352965e-06      8.816510e+00     -1.235441e-04
[itstep]        58    2.000         1.638e-01     -3.1861722065      2.202687e-06      3.056843e+00     -4.283524e-05
[itstep]        59    2.000         1.638e-01     -3.1861746453      7.654481e-07      1.062273e+00     -1.488556e-05
[itstep]        60    2.000         1.638e-01     -3.1861754935      2.662091e-07      3.694394e-01     -5.176934e-06
[itstep]        61    2.000         1.638e-01     -3.1861757886      9.260835e-08      1.285199e-01     -1.800943e-06
[itstep]        62    2.000         1.638e-01     -3.1861758913      3.221952e-08      4.471356e-02     -6.265689e-07
[itstep]        63    2.000         1.638e-01     -3.1861759270      1.120992e-08      1.555689e-02     -2.179979e-07
[itstep]        64    2.000         1.638e-01     -3.1861759394      3.900237e-09      5.412667e-03     -7.584743e-08
[itstep]        65    2.000         1.638e-01     -3.1861759437      1.357006e-09      1.883224e-03     -2.638953e-08
[update_dt]  (i= 66) Reduced time step from   0.163840 to   0.131072
[update_E0]  (i= 66) Extrapolated energy ground state E0:  -3.188034
[itstep]        66    2.000         1.311e-01     -3.1861759452      4.721422e-10      6.552290e-04     -9.181691e-09
[itstep]        67    2.000         1.311e-01     -3.1868804404      2.211100e-04      7.491497e+02     -5.374872e-03
[itstep]        68    2.000         1.311e-01     -3.1871353636      7.999144e-05      2.710215e+02     -1.944909e-03
[itstep]        69    2.000         1.311e-01     -3.1872361910      3.163576e-05      1.071861e+02     -7.692523e-04
[itstep]        70    2.000         1.311e-01     -3.1872779710      1.310854e-05      4.441347e+01     -3.187563e-04
[itstep]        71    2.000         1.311e-01     -3.1872956685      5.552526e-06      1.881269e+01     -1.350208e-04
[itstep]        72    2.000         1.311e-01     -3.1873032393      2.375312e-06      8.047871e+00     -5.776079e-05
[itstep]        73    2.000         1.311e-01     -3.1873064921      1.020553e-06      3.457769e+00     -2.481699e-05
[itstep]        74    2.000         1.311e-01     -3.1873078923      4.393084e-07      1.488435e+00     -1.068276e-05
[itstep]        75    2.000         1.311e-01     -3.1873084956      1.892595e-07      6.412360e-01     -4.602266e-06
[itstep]        76    2.000         1.311e-01     -3.1873087555      8.156402e-08      2.763496e-01     -1.983411e-06
[itstep]        77    2.000         1.311e-01     -3.1873088676      3.515650e-08      1.191148e-01     -8.549088e-07
[itstep]        78    2.000         1.311e-01     -3.1873089159      1.515448e-08      5.134537e-02     -3.685150e-07
[itstep]        79    2.000         1.311e-01     -3.1873089367      6.532638e-09      2.213344e-02     -1.588557e-07
[itstep]        80    2.000         1.311e-01     -3.1873089457      2.816058e-09      9.541177e-03     -6.847876e-08
[itstep]        81    2.000         1.311e-01     -3.1873089496      1.213939e-09      4.112985e-03     -2.951964e-08
[itstep]        82    2.000         1.311e-01     -3.1873089512      5.233021e-10      1.773016e-03     -1.272526e-08
[update_dt]  (i= 83) Reduced time step from   0.131072 to   0.104858
[update_E0]  (i= 83) Extrapolated energy ground state E0:  -3.188095
[itstep]        83    2.000         1.049e-01     -3.1873089519      2.255849e-10      7.643115e-04     -5.485602e-09
[itstep]        84    2.000         1.049e-01     -3.1875662963      8.074031e-05      6.678682e+02     -2.454227e-03
[itstep]        85    2.000         1.049e-01     -3.1876787981      3.529397e-05      2.919448e+02     -1.072901e-03
[itstep]        86    2.000         1.049e-01     -3.1877313225      1.647733e-05      1.362973e+02     -5.009121e-04
[itstep]        87    2.000         1.049e-01     -3.1877568649      8.012692e-06      6.627944e+01     -2.435905e-04
[itstep]        88    2.000         1.049e-01     -3.1877695773      3.987894e-06      3.298708e+01     -1.212352e-04
[itstep]        89    2.000         1.049e-01     -3.1877759842      2.009840e-06      1.662500e+01     -6.110101e-05
[itstep]        90    2.000         1.049e-01     -3.1877792346      1.019649e-06      8.434341e+00     -3.099836e-05
[itstep]        91    2.000         1.049e-01     -3.1877808893      5.190755e-07      4.293692e+00     -1.578043e-05
[itstep]        92    2.000         1.049e-01     -3.1877817332      2.647146e-07      2.189668e+00     -8.047602e-06
[itstep]        93    2.000         1.049e-01     -3.1877821639      1.351198e-07      1.117685e+00     -4.107786e-06
[itstep]        94    2.000         1.049e-01     -3.1877823839      6.900205e-08      5.707716e-01     -2.097735e-06
[itstep]        95    2.000         1.049e-01     -3.1877824962      3.524585e-08      2.915468e-01     -1.071511e-06
[itstep]        96    2.000         1.049e-01     -3.1877825536      1.800556e-08      1.489385e-01     -5.473883e-07
[itstep]        97    2.000         1.049e-01     -3.1877825829      9.198825e-09      7.609090e-02     -2.796541e-07
[itstep]        98    2.000         1.049e-01     -3.1877825979      4.699718e-09      3.887515e-02     -1.428764e-07
[itstep]        99    2.000         1.049e-01     -3.1877826056      2.401144e-09      1.986180e-02     -7.299734e-08
[itstep]       100    2.000         1.049e-01     -3.1877826095      1.226784e-09      1.014772e-02     -3.729555e-08
[itstep]       101    2.000         1.049e-01     -3.1877826115      6.267879e-10      5.184668e-03     -1.905502e-08
[itstep]       102    2.000         1.049e-01     -3.1877826125      3.202379e-10      2.648946e-03     -9.735572e-09
[itstep]       103    2.000         1.049e-01     -3.1877826130      1.636165e-10      1.353404e-03     -4.974116e-09
[update_dt]  (i=104) Reduced time step from   0.104858 to   0.083886
[update_E0]  (i=104) Extrapolated energy ground state E0:  -3.188111
[itstep]       104    2.000         8.389e-02     -3.1877826133      8.359560e-11      6.914866e-04     -2.541395e-09

[info]       steps       dt                E0                 E
[output]       105    0.084     -3.1881112239     -3.1877826133
