[conf]                N               2
[conf]                J            3.724
[conf]             beta           1.000
[conf]              dt0       4.000e-01
[conf]        eps_trunc       1.000e-04
[conf]           eps_dt       9.000e-02
[conf]          eps_tol       1.000e-03
[conf]             Dmax              10
[conf]           dt_red           0.800
[conf]         phys_gap       1.000e-03
[info]           i      MBD                dt                 E           rel_err           exp_err             slope
[itstep]         0    2.000         4.000e-01     -3.8509884776      1.000000e+00      1.000000e-03     -1.075007e+01
[itstep]         1    2.000         4.000e-01     -3.9331479879      2.133465e-02      8.333850e+02     -2.053988e-01
[itstep]         2    2.000         4.000e-01     -3.9777565988      1.134171e-02      4.430354e+02     -1.115215e-01
[itstep]         3    2.000         4.000e-01     -4.0096637352      8.021390e-03      3.133355e+02     -7.976784e-02
[itstep]         4    2.000         4.000e-01     -4.0302149408      5.125419e-03      2.002117e+02     -5.137801e-02
[itstep]         5    2.000         4.000e-01     -4.0424523906      3.036426e-03      1.186104e+02     -3.059362e-02
[itstep]         6    2.000         4.000e-01     -4.0493986309      1.718323e-03      6.712201e+01     -1.736560e-02
[itstep]         7    2.000         4.000e-01     -4.0532346048      9.472947e-04      3.700370e+01     -9.589935e-03
[itstep]         8    2.000         4.000e-01     -4.0553208760      5.147176e-04      2.010616e+01     -5.215678e-03
[itstep]         9    2.000         4.000e-01     -4.0564461210      2.774737e-04      1.083882e+01     -2.813112e-03
[itstep]        10    2.000         4.000e-01     -4.0570503030      1.489437e-04      5.818113e+00     -1.510455e-03
[itstep]        11    2.000         4.000e-01     -4.0573739246      7.976769e-05      3.115925e+00     -8.090538e-04
[itstep]        12    2.000         4.000e-01     -4.0575470431      4.266764e-05      1.666705e+00     -4.327965e-04
[itstep]        13    2.000         4.000e-01     -4.0576395872      2.280788e-05      8.909329e-01     -2.313602e-04
[itstep]        14    2.000         4.000e-01     -4.0576890402      1.218762e-05      4.760787e-01     -1.236324e-04
[itstep]        15    2.000         4.000e-01     -4.0577154612      6.511350e-06      2.543496e-01     -6.605258e-05
[itstep]        16    2.000         4.000e-01     -4.0577295756      3.478402e-06      1.358751e-01     -3.528591e-05
[itstep]        17    2.000         4.000e-01     -4.0577371152      1.858083e-06      7.258137e-02     -1.884900e-05
[itstep]        18    2.000         4.000e-01     -4.0577411425      9.925175e-07      3.877021e-02     -1.006844e-05
[itstep]        19    2.000         4.000e-01     -4.0577432938      5.301570e-07      2.070926e-02     -5.378100e-06
[itstep]        20    2.000         4.000e-01     -4.0577444429      2.831831e-07      1.106184e-02     -2.872711e-06
[itstep]        21    2.000         4.000e-01     -4.0577450566      1.512615e-07      5.908651e-03     -1.534451e-06
[itstep]        22    2.000         4.000e-01     -4.0577453845      8.079569e-08      3.156082e-03     -8.196208e-07
[itstep]        23    2.000         4.000e-01     -4.0577455596      4.315663e-08      1.685806e-03     -4.377966e-07
[update_dt]  (i= 24) Reduced time step from   0.400000 to   0.320000
[update_E0]  (i= 24) Extrapolated energy ground state E0:  -7.184405
[itstep]        24    2.000         3.200e-01     -4.0577456531      2.305190e-08      9.004647e-04     -2.338468e-07
[itstep]        25    2.000         3.200e-01     -4.1417659290      2.070615e-02      1.974692e+03     -2.625634e-01
[itstep]        26    2.000         3.200e-01     -4.1458486236      9.857376e-04      9.400727e+01     -1.275842e-02
[itstep]        27    2.000         3.200e-01     -4.1460865941      5.739972e-05      5.474064e+00     -7.436579e-04
[itstep]        28    2.000         3.200e-01     -4.1461006449      3.388946e-06      3.231950e-01     -4.390894e-05
[itstep]        29    2.000         3.200e-01     -4.1461014819      2.018750e-07      1.925230e-02     -2.615606e-06
[itstep]        30    2.000         3.200e-01     -4.1461015361      1.306995e-08      1.246447e-03     -1.693417e-07
[update_dt]  (i= 31) Reduced time step from   0.320000 to   0.256000
[update_E0]  (i= 31) Extrapolated energy ground state E0:  -4.207400
[itstep]        31    2.000         2.560e-01     -4.1461015424      1.508518e-09      1.438635e-04     -1.954522e-08
[itstep]        32    2.000         2.560e-01     -4.1864844392      9.739968e-03      2.267763e+03     -1.577457e-01
[itstep]        33    2.000         2.560e-01     -4.1900078841      8.416238e-04      1.959558e+02     -1.376346e-02
[itstep]        34    2.000         2.560e-01     -4.1903768715      8.806366e-05      2.050392e+01     -1.441357e-03
[itstep]        35    2.000         2.560e-01     -4.1904163931      9.431514e-06      2.195945e+00     -1.543812e-04
[itstep]        36    2.000         2.560e-01     -4.1904206370      1.012754e-06      2.358002e-01     -1.657759e-05
[itstep]        37    2.000         2.560e-01     -4.1904210930      1.088417e-07      2.534168e-02     -1.781611e-06
[itstep]        38    2.000         2.560e-01     -4.1904211423      1.174298e-08      2.734126e-03     -1.922189e-07
[update_dt]  (i= 39) Reduced time step from   0.256000 to   0.204800
[update_E0]  (i= 39) Extrapolated energy ground state E0:  -4.221169
[itstep]        39    2.000         2.048e-01     -4.1904211477      1.299695e-09      3.026088e-04     -2.127449e-08
[itstep]        40    2.000         2.048e-01     -4.2081721780      4.236097e-03      2.407942e+03     -8.667495e-02
[itstep]        41    2.000         2.048e-01     -4.2106272168      5.833979e-04      3.316233e+02     -1.198749e-02
[itstep]        42    2.000         2.048e-01     -4.2110297910      9.560906e-05      5.434746e+01     -1.965694e-03
[itstep]        43    2.000         2.048e-01     -4.2110980852      1.621794e-05      9.218833e+00     -3.334680e-04
[itstep]        44    2.000         2.048e-01     -4.2111097403      2.767720e-06      1.573267e+00     -5.690987e-05
[itstep]        45    2.000         2.048e-01     -4.2111117315      4.728293e-07      2.687723e-01     -9.722344e-06
[itstep]        46    2.000         2.048e-01     -4.2111120717      8.079492e-08      4.592660e-02     -1.661311e-06
[itstep]        47    2.000         2.048e-01     -4.2111121299      1.380926e-08      7.849656e-03     -2.839470e-07
[itstep]        48    2.000         2.048e-01     -4.2111121398      2.362590e-09      1.342977e-03     -4.857973e-08
[update_dt]  (i= 49) Reduced time step from   0.204800 to   0.163840
[update_E0]  (i= 49) Extrapolated energy ground state E0:  -4.225467
[itstep]        49    2.000         1.638e-01     -4.2111121415      4.060415e-10      2.308079e-04     -8.349055e-09
[itstep]        50    2.000         1.638e-01     -4.2184195104      1.735259e-03      2.408155e+03     -4.460064e-02
[itstep]        51    2.000         1.638e-01     -4.2198792920      3.460494e-04      4.802400e+02     -8.909800e-03
[itstep]        52    2.000         1.638e-01     -4.2202176679      8.018615e-05      1.112806e+02     -2.065283e-03
[itstep]        53    2.000         1.638e-01     -4.2202995795      1.940934e-05      2.693587e+01     -4.999490e-04
[itstep]        54    2.000         1.638e-01     -4.2203196306      4.751105e-06      6.593483e+00     -1.223821e-04
[itstep]        55    2.000         1.638e-01     -4.2203245525      1.166244e-06      1.618489e+00     -3.004104e-05
[itstep]        56    2.000         1.638e-01     -4.2203257615      2.864728e-07      3.975608e-01     -7.379199e-06
[itstep]        57    2.000         1.638e-01     -4.2203260585      7.038045e-08      9.767249e-02     -1.812918e-06
[itstep]        58    2.000         1.638e-01     -4.2203261315      1.729196e-08      2.399741e-02     -4.454205e-07
[itstep]        59    2.000         1.638e-01     -4.2203261495      4.248728e-09      5.896294e-03     -1.094422e-07
[itstep]        60    2.000         1.638e-01     -4.2203261539      1.044087e-09      1.448962e-03     -2.689445e-08
[update_dt]  (i= 61) Reduced time step from   0.163840 to   0.131072
[update_E0]  (i= 61) Extrapolated energy ground state E0:  -4.226719
[itstep]        61    2.000         1.311e-01     -4.2203261549      2.566976e-10      3.562395e-04     -6.612229e-09
[itstep]        62    2.000         1.311e-01     -4.2231914564      6.789289e-04      2.300301e+03     -2.186052e-02
[itstep]        63    2.000         1.311e-01     -4.2239618693      1.824243e-04      6.180777e+02     -5.877784e-03
[itstep]        64    2.000         1.311e-01     -4.2241959834      5.542522e-05      1.877879e+02     -1.786148e-03
[itstep]        65    2.000         1.311e-01     -4.2242706362      1.767268e-05      5.987737e+01     -5.695562e-04
[itstep]        66    2.000         1.311e-01     -4.2242948451      5.730898e-06      1.941704e+01     -1.846990e-04
[itstep]        67    2.000         1.311e-01     -4.2243027400      1.868928e-06      6.332173e+00     -6.023332e-05
[itstep]        68    2.000         1.311e-01     -4.2243053194      6.106176e-07      2.068853e+00     -1.967952e-05
[itstep]        69    2.000         1.311e-01     -4.2243061627      1.996231e-07      6.763493e-01     -6.433631e-06
[itstep]        70    2.000         1.311e-01     -4.2243064384      6.527380e-08      2.211562e-01     -2.103703e-06
[itstep]        71    2.000         1.311e-01     -4.2243065286      2.134498e-08      7.231959e-02     -6.879251e-07
[itstep]        72    2.000         1.311e-01     -4.2243065581      6.980117e-09      2.364956e-02     -2.249615e-07
[itstep]        73    2.000         1.311e-01     -4.2243065677      2.282630e-09      7.733850e-03     -7.356664e-08
[itstep]        74    2.000         1.311e-01     -4.2243065709      7.464760e-10      2.529159e-03     -2.405810e-08
[update_dt]  (i= 75) Reduced time step from   0.131072 to   0.104858
[update_E0]  (i= 75) Extrapolated energy ground state E0:  -4.227068
[itstep]        75    2.000         1.049e-01     -4.2243065719      2.441260e-10      8.271311e-04     -7.867913e-09
[itstep]        76    2.000         1.049e-01     -4.2253894345      2.563409e-04      2.120402e+03     -1.032698e-02
[itstep]        77    2.000         1.049e-01     -4.2257603774      8.778904e-05      7.261739e+02     -3.537587e-03
[itstep]        78    2.000         1.049e-01     -4.2259001916      3.308616e-05      2.736823e+02     -1.333372e-03
[itstep]        79    2.000         1.049e-01     -4.2259554558      1.307749e-05      1.081745e+02     -5.270403e-04
[itstep]        80    2.000         1.049e-01     -4.2259777694      5.280140e-06      4.367629e+01     -2.127994e-04
[itstep]        81    2.000         1.049e-01     -4.2259868607      2.151292e-06      1.779507e+01     -8.670149e-05
[itstep]        82    2.000         1.049e-01     -4.2259905788      8.798141e-07      7.277652e+00     -3.545840e-05
[itstep]        83    2.000         1.049e-01     -4.2259921017      3.603781e-07      2.980978e+00     -1.452403e-05
[itstep]        84    2.000         1.049e-01     -4.2259927260      1.477079e-07      1.221811e+00     -5.952955e-06
[itstep]        85    2.000         1.049e-01     -4.2259929819      6.055685e-08      5.009146e-01     -2.440575e-06
[itstep]        86    2.000         1.049e-01     -4.2259930868      2.482959e-08      2.053856e-01     -1.000688e-06
[itstep]        87    2.000         1.049e-01     -4.2259931298      1.018111e-08      8.421618e-02     -4.103213e-07
[itstep]        88    2.000         1.049e-01     -4.2259931475      4.174734e-09      3.453259e-02     -1.682510e-07
[itstep]        89    2.000         1.049e-01     -4.2259931547      1.711850e-09      1.416009e-02     -6.899134e-08
[itstep]        90    2.000         1.049e-01     -4.2259931577      7.019477e-10      5.806375e-03     -2.829004e-08
[itstep]        91    2.000         1.049e-01     -4.2259931589      2.878365e-10      2.380928e-03     -1.160045e-08
[update_dt]  (i= 92) Reduced time step from   0.104858 to   0.083886
[update_E0]  (i= 92) Extrapolated energy ground state E0:  -4.227163
[itstep]        92    2.000         8.389e-02     -4.2259931594      1.180287e-10      9.763107e-04     -4.756818e-09

[info]       steps       dt                E0                 E
[output]        93    0.084     -4.2271632580     -4.2259931594
