[conf]                N               3
[conf]                J            0.276
[conf]             beta           1.000
[conf]              dt0       4.000e-01
[conf]        eps_trunc       1.000e-04
[conf]           eps_dt       9.000e-02
[conf]          eps_tol       1.000e-03
[conf]             Dmax              10
[conf]           dt_red           0.800
[conf]         phys_gap       1.000e-03
[info]           i      MBD                dt                 E           rel_err           exp_err             slope
[itstep]         0    2.000         4.000e-01     -0.9698844724      1.000000e+00      1.000000e-03     -4.470000e+00
[itstep]         1    2.000         4.000e-01     -2.0616780258      1.125694e+00      4.397244e+04     -2.729484e+00
[itstep]         2    2.000         4.000e-01     -2.7126761904      3.157613e-01      1.233443e+04     -1.627495e+00
[itstep]         3    2.000         4.000e-01     -2.9515013113      8.804041e-02      3.439078e+03     -5.970628e-01
[itstep]         4    2.000         4.000e-01     -3.0160818288      2.188057e-02      8.547096e+02     -1.614513e-01
[itstep]         5    2.000         4.000e-01     -3.0322250694      5.352388e-03      2.090777e+02     -4.035810e-02
[itstep]         6    2.000         4.000e-01     -3.0362563513      1.329480e-03      5.193280e+01     -1.007820e-02
[itstep]         7    2.000         4.000e-01     -3.0372786678      3.367030e-04      1.315246e+01     -2.555791e-03
[itstep]         8    2.000         4.000e-01     -3.0375420440      8.671452e-05      3.387286e+00     -6.584404e-04
[itstep]         9    2.000         4.000e-01     -3.0376107736      2.262672e-05      8.838561e-01     -1.718240e-04
[itstep]        10    2.000         4.000e-01     -3.0376288850      5.962398e-06      2.329062e-01     -4.527861e-05
[itstep]        11    2.000         4.000e-01     -3.0376336924      1.582590e-06      6.181991e-02     -1.201830e-05
[itstep]        12    2.000         4.000e-01     -3.0376349751      4.222923e-07      1.649579e-02     -3.206923e-06
[itstep]        13    2.000         4.000e-01     -3.0376353187      1.131161e-07      4.418597e-03     -8.590135e-07
[itstep]        14    2.000         4.000e-01     -3.0376354110      3.038362e-08      1.186860e-03     -2.307359e-07
[update_dt]  (i= 15) Reduced time step from   0.400000 to   0.320000
[update_E0]  (i= 15) Extrapolated energy ground state E0:  -5.712628
[itstep]        15    2.000         3.200e-01     -3.0376354359      8.177532e-09      3.194348e-04     -6.210090e-08
[itstep]        16    2.000         3.200e-01     -3.0378164898      5.960356e-05      5.684239e+00     -5.657934e-04
[itstep]        17    2.000         3.200e-01     -3.0378555271      1.285047e-05      1.225516e+00     -1.219918e-04
[itstep]        18    2.000         3.200e-01     -3.0378653448      3.231759e-06      3.082045e-01     -3.068005e-05
[itstep]        19    2.000         3.200e-01     -3.0378679618      8.614637e-07      8.215558e-02     -8.178158e-06
[itstep]        20    2.000         3.200e-01     -3.0378686790      2.360850e-07      2.251482e-02     -2.241235e-06
[itstep]        21    2.000         3.200e-01     -3.0378688792      6.591668e-08      6.286304e-03     -6.257694e-07
[itstep]        22    2.000         3.200e-01     -3.0378689360      1.868959e-08      1.782378e-03     -1.774266e-07
[update_dt]  (i= 23) Reduced time step from   0.320000 to   0.256000
[update_E0]  (i= 23) Extrapolated energy ground state E0:  -3.038031
[itstep]        23    2.000         2.560e-01     -3.0378689523      5.371292e-09      5.122463e-04     -5.099151e-08
[itstep]        24    2.000         2.560e-01     -3.0379408310      2.366090e-05      5.508983e+00     -2.807762e-04
[itstep]        25    2.000         2.560e-01     -3.0379612409      6.718336e-06      1.564235e+00     -7.972620e-05
[itstep]        26    2.000         2.560e-01     -3.0379678032      2.160094e-06      5.029361e-01     -2.563392e-05
[itstep]        27    2.000         2.560e-01     -3.0379700351      7.346668e-07      1.710529e-01     -8.718336e-06
[itstep]        28    2.000         2.560e-01     -3.0379708151      2.567460e-07      5.977834e-02     -3.046823e-06
[itstep]        29    2.000         2.560e-01     -3.0379710921      9.119338e-08      2.123261e-02     -1.082199e-06
[itstep]        30    2.000         2.560e-01     -3.0379711917      3.278421e-08      7.633168e-03     -3.890526e-07
[itstep]        31    2.000         2.560e-01     -3.0379712279      1.190750e-08      2.772431e-03     -1.413072e-07
[itstep]        32    2.000         2.560e-01     -3.0379712412      4.364900e-09      1.016282e-03     -5.179859e-08
[update_dt]  (i= 33) Reduced time step from   0.256000 to   0.204800
[update_E0]  (i= 33) Extrapolated energy ground state E0:  -3.038042
[itstep]        33    2.000         2.048e-01     -3.0379712461      1.613481e-09      3.756678e-04     -1.914730e-08
[itstep]        34    2.000         2.048e-01     -3.0379986380      9.016520e-06      5.125298e+00     -1.337497e-04
[itstep]        35    2.000         2.048e-01     -3.0380084053      3.215032e-06      1.827534e+00     -4.769172e-05
[itstep]        36    2.000         2.048e-01     -3.0380122392      1.262002e-06      7.173651e-01     -1.872057e-05
[itstep]        37    2.000         2.048e-01     -3.0380138237      5.215547e-07      2.964695e-01     -7.736765e-06
[itstep]        38    2.000         2.048e-01     -3.0380144966      2.215011e-07      1.259088e-01     -3.285759e-06
[itstep]        39    2.000         2.048e-01     -3.0380147870      9.556488e-08      5.432235e-02     -1.417615e-06
[itstep]        40    2.000         2.048e-01     -3.0380149136      4.166865e-08      2.368588e-02     -6.181151e-07
[itstep]        41    2.000         2.048e-01     -3.0380149692      1.831784e-08      1.041249e-02     -2.717279e-07
[itstep]        42    2.000         2.048e-01     -3.0380149938      8.109269e-09      4.609586e-03     -1.202934e-07
[itstep]        43    2.000         2.048e-01     -3.0380150048      3.612734e-09      2.053601e-03     -5.359150e-08
[update_dt]  (i= 44) Reduced time step from   0.204800 to   0.163840
[update_E0]  (i= 44) Extrapolated energy ground state E0:  -3.038045
[itstep]        44    2.000         1.638e-01     -3.0380150097      1.618924e-09      9.202516e-04     -2.401521e-08
[itstep]        45    2.000         1.638e-01     -3.0380251256      3.329771e-06      4.620985e+00     -6.174251e-05
[itstep]        46    2.000         1.638e-01     -3.0380294810      1.433632e-06      1.989565e+00     -2.658332e-05
[itstep]        47    2.000         1.638e-01     -3.0380314951      6.629438e-07      9.200194e-01     -1.229274e-05
[itstep]        48    2.000         1.638e-01     -3.0380324686      3.204413e-07      4.447017e-01     -5.941839e-06
[itstep]        49    2.000         1.638e-01     -3.0380329517      1.590244e-07      2.206907e-01     -2.948739e-06
[itstep]        50    2.000         1.638e-01     -3.0380331953      8.018920e-08      1.112849e-01     -1.486923e-06
[itstep]        51    2.000         1.638e-01     -3.0380333195      4.085657e-08      5.669988e-02     -7.575905e-07
[itstep]        52    2.000         1.638e-01     -3.0380333832      2.097056e-08      2.910250e-02     -3.888505e-07
[itstep]        53    2.000         1.638e-01     -3.0380334161      1.082616e-08      1.502431e-02     -2.007460e-07
[itstep]        54    2.000         1.638e-01     -3.0380334331      5.616665e-09      7.794688e-03     -1.041480e-07
[itstep]        55    2.000         1.638e-01     -3.0380334420      2.926851e-09      4.061822e-03     -5.427168e-08
[itstep]        56    2.000         1.638e-01     -3.0380334467      1.531420e-09      2.125273e-03     -2.839665e-08
[itstep]        57    2.000         1.638e-01     -3.0380334491      8.043585e-10      1.116272e-03     -1.491497e-08
[update_dt]  (i= 58) Reduced time step from   0.163840 to   0.131072
[update_E0]  (i= 58) Extrapolated energy ground state E0:  -3.038046
[itstep]        58    2.000         1.311e-01     -3.0380334504      4.240020e-10      5.884210e-04     -7.862135e-09
[itstep]        59    2.000         1.311e-01     -3.0380370948      1.199578e-06      4.064328e+00     -2.780424e-05
[itstep]        60    2.000         1.311e-01     -3.0380389285      6.035973e-07      2.045067e+00     -1.399041e-05
[itstep]        61    2.000         1.311e-01     -3.0380398998      3.197116e-07      1.083225e+00     -7.410402e-06
[itstep]        62    2.000         1.311e-01     -3.0380404330      1.755166e-07      5.946733e-01     -4.068194e-06
[itstep]        63    2.000         1.311e-01     -3.0380407328      9.868230e-08      3.343486e-01     -2.287299e-06
[itstep]        64    2.000         1.311e-01     -3.0380409041      5.636158e-08      1.909605e-01     -1.306372e-06
[itstep]        65    2.000         1.311e-01     -3.0380410029      3.253112e-08      1.102197e-01     -7.540197e-07
[itstep]        66    2.000         1.311e-01     -3.0380410604      1.891512e-08      6.408694e-02     -4.384226e-07
[itstep]        67    2.000         1.311e-01     -3.0380410940      1.105823e-08      3.746674e-02     -2.563122e-07
[itstep]        68    2.000         1.311e-01     -3.0380411137      6.492793e-09      2.199844e-02     -1.504927e-07
[itstep]        69    2.000         1.311e-01     -3.0380411253      3.826015e-09      1.296304e-02     -8.868097e-08
[itstep]        70    2.000         1.311e-01     -3.0380411322      2.261747e-09      7.663095e-03     -5.242370e-08
[itstep]        71    2.000         1.311e-01     -3.0380411362      1.340915e-09      4.543198e-03     -3.108029e-08
[itstep]        72    2.000         1.311e-01     -3.0380411387      7.971402e-10      2.700816e-03     -1.847644e-08
[itstep]        73    2.000         1.311e-01     -3.0380411401      4.750913e-10      1.609672e-03     -1.101186e-08
[update_dt]  (i= 74) Reduced time step from   0.131072 to   0.104858
[update_E0]  (i= 74) Extrapolated energy ground state E0:  -3.038046
[itstep]        74    2.000         1.049e-01     -3.0380411410      2.838421e-10      9.616945e-04     -6.579010e-09
[itstep]        75    2.000         1.049e-01     -3.0380424291      4.239954e-07      3.507208e+00     -1.228443e-05
[itstep]        76    2.000         1.049e-01     -3.0380431661      2.426026e-07      2.006762e+00     -7.028932e-06
[itstep]        77    2.000         1.049e-01     -3.0380436033      1.438873e-07      1.190208e+00     -4.168852e-06
[itstep]        78    2.000         1.049e-01     -3.0380438697      8.771316e-08      7.255462e-01     -2.541317e-06
[itstep]        79    2.000         1.049e-01     -3.0380440355      5.455757e-08      4.512896e-01     -1.580699e-06
[itstep]        80    2.000         1.049e-01     -3.0380441401      3.442955e-08      2.847945e-01     -9.975289e-07
[itstep]        81    2.000         1.049e-01     -3.0380442068      2.195350e-08      1.815951e-01     -6.360599e-07
[itstep]        82    2.000         1.049e-01     -3.0380442496      1.410345e-08      1.166610e-01     -4.086200e-07
[itstep]        83    2.000         1.049e-01     -3.0380442773      9.110673e-09      7.536172e-02     -2.639640e-07
[itstep]        84    2.000         1.049e-01     -3.0380442953      5.910357e-09      4.888933e-02     -1.712411e-07
[itstep]        85    2.000         1.049e-01     -3.0380443070      3.847157e-09      3.182294e-02     -1.114639e-07
[itstep]        86    2.000         1.049e-01     -3.0380443146      2.511194e-09      2.077211e-02     -7.275694e-08
[itstep]        87    2.000         1.049e-01     -3.0380443196      1.643115e-09      1.359153e-02     -4.760606e-08
[itstep]        88    2.000         1.049e-01     -3.0380443228      1.077433e-09      8.912317e-03     -3.121652e-08
[itstep]        89    2.000         1.049e-01     -3.0380443250      7.078948e-10      5.855568e-03     -2.050987e-08
[itstep]        90    2.000         1.049e-01     -3.0380443264      4.659565e-10      3.854302e-03     -1.350018e-08
[itstep]        91    2.000         1.049e-01     -3.0380443273      3.072402e-10      2.541431e-03     -8.901685e-09
[itstep]        92    2.000         1.049e-01     -3.0380443280      2.029252e-10      1.678558e-03     -5.879362e-09
[itstep]        93    2.000         1.049e-01     -3.0380443284      1.342403e-10      1.110410e-03     -3.889351e-09
[update_dt]  (i= 94) Reduced time step from   0.104858 to   0.083886
[update_E0]  (i= 94) Extrapolated energy ground state E0:  -3.038047
[itstep]        94    2.000         8.389e-02     -3.0380443286      8.894021e-11      7.356962e-04     -2.576869e-09

[info]       steps       dt                E0                 E
[output]        95    0.084     -3.0380465401     -3.0380443286
