[conf]                N               2
[conf]                J            1.655
[conf]             beta           1.000
[conf]              dt0       4.000e-01
[conf]        eps_trunc       1.000e-04
[conf]           eps_dt       9.000e-02
[conf]          eps_tol       1.000e-03
[conf]             Dmax              10
[conf]           dt_red           0.800
[conf]         phys_gap       1.000e-03
[info]           i      MBD                dt                 E           rel_err           exp_err             slope
[itstep]         0    2.000         4.000e-01     -2.3511052778      1.000000e+00      1.000000e-03     -6.711004e+00
[itstep]         1    2.000         4.000e-01     -2.4991496650      6.296800e-02      2.459687e+03     -3.701110e-01
[itstep]         2    2.000         4.000e-01     -2.5404926129      1.654281e-02      6.462034e+02     -1.033574e-01
[itstep]         3    2.000         4.000e-01     -2.5618042971      8.388800e-03      3.276875e+02     -5.327921e-02
[itstep]         4    2.000         4.000e-01     -2.5717009989      3.863176e-03      1.509053e+02     -2.474175e-02
[itstep]         5    2.000         4.000e-01     -2.5761017640      1.711227e-03      6.684482e+01     -1.100191e-02
[itstep]         6    2.000         4.000e-01     -2.5780291755      7.481892e-04      2.922614e+01     -4.818529e-03
[itstep]         7    2.000         4.000e-01     -2.5788686473      3.256254e-04      1.271974e+01     -2.098680e-03
[itstep]         8    2.000         4.000e-01     -2.5792334927      1.414750e-04      5.526366e+00     -9.121134e-04
[itstep]         9    2.000         4.000e-01     -2.5793919237      6.142561e-05      2.399438e+00     -3.960775e-04
[itstep]        10    2.000         4.000e-01     -2.5794606968      2.666253e-05      1.041505e+00     -1.719328e-04
[itstep]        11    2.000         4.000e-01     -2.5794905460      1.157189e-05      4.520269e-01     -7.462308e-05
[itstep]        12    2.000         4.000e-01     -2.5795035005      5.022114e-06      1.961763e-01     -3.238624e-05
[itstep]        13    2.000         4.000e-01     -2.5795091226      2.179516e-06      8.513734e-02     -1.405517e-05
[itstep]        14    2.000         4.000e-01     -2.5795115624      9.458663e-07      3.694790e-02     -6.099677e-06
[itstep]        15    2.000         4.000e-01     -2.5795126213      4.104855e-07      1.603459e-02     -2.647130e-06
[itstep]        16    2.000         4.000e-01     -2.5795130808      1.781415e-07      6.958654e-03     -1.148796e-06
[itstep]        17    2.000         4.000e-01     -2.5795132802      7.730940e-08      3.019899e-03     -4.985515e-07
[itstep]        18    2.000         4.000e-01     -2.5795133668      3.355052e-08      1.310567e-03     -2.163600e-07
[update_dt]  (i= 19) Reduced time step from   0.400000 to   0.320000
[update_E0]  (i= 19) Extrapolated energy ground state E0:  -4.600325
[itstep]        19    2.000         3.200e-01     -2.5795134043      1.456016e-08      5.687563e-04     -9.389532e-08
[itstep]        20    2.000         3.200e-01     -2.5873953019      3.055575e-03      2.914024e+02     -2.463093e-02
[itstep]        21    2.000         3.200e-01     -2.5885575648      4.492019e-04      4.283923e+01     -3.632071e-03
[itstep]        22    2.000         3.200e-01     -2.5887598938      7.816283e-05      7.454189e+00     -6.322781e-04
[itstep]        23    2.000         3.200e-01     -2.5887963798      1.409402e-05      1.344111e+00     -1.140189e-04
[itstep]        24    2.000         3.200e-01     -2.5888030034      2.558562e-06      2.440035e-01     -2.069874e-05
[itstep]        25    2.000         3.200e-01     -2.5888042075      4.651266e-07      4.435793e-02     -3.762878e-06
[itstep]        26    2.000         3.200e-01     -2.5888044266      8.462254e-08      8.070234e-03     -6.845975e-07
[itstep]        27    2.000         3.200e-01     -2.5888044665      1.542123e-08      1.470683e-03     -1.247579e-07
[update_dt]  (i= 28) Reduced time step from   0.320000 to   0.256000
[update_E0]  (i= 28) Extrapolated energy ground state E0:  -2.595250
[itstep]        28    2.000         2.560e-01     -2.5888044738      2.823337e-09      2.692544e-04     -2.284083e-08
[itstep]        29    2.000         2.560e-01     -2.5920533463      1.254970e-03      2.921955e+02     -1.269091e-02
[itstep]        30    2.000         2.560e-01     -2.5927385827      2.643605e-04      6.155122e+01     -2.676705e-03
[itstep]        31    2.000         2.560e-01     -2.5929054724      6.436810e-05      1.498687e+01     -6.519127e-04
[itstep]        32    2.000         2.560e-01     -2.5929479572      1.638501e-05      3.814933e+00     -1.659562e-04
[itstep]        33    2.000         2.560e-01     -2.5929589033      4.221483e-06      9.828907e-01     -4.275815e-05
[itstep]        34    2.000         2.560e-01     -2.5929617324      1.091082e-06      2.540374e-01     -1.105129e-05
[itstep]        35    2.000         2.560e-01     -2.5929624642      2.822324e-07      6.571236e-02     -2.858664e-06
[itstep]        36    2.000         2.560e-01     -2.5929626535      7.302129e-08      1.700159e-02     -7.396151e-07
[itstep]        37    2.000         2.560e-01     -2.5929627025      1.889373e-08      4.399040e-03     -1.913701e-07
[itstep]        38    2.000         2.560e-01     -2.5929627152      4.888732e-09      1.138247e-03     -4.951680e-08
[update_dt]  (i= 39) Reduced time step from   0.256000 to   0.204800
[update_E0]  (i= 39) Extrapolated energy ground state E0:  -2.595848
[itstep]        39    2.000         2.048e-01     -2.5929627185      1.264987e-09      2.945278e-04     -1.281275e-08
[itstep]        40    2.000         2.048e-01     -2.5942349845      4.906611e-04      2.789086e+02     -6.212236e-03
[itstep]        41    2.000         2.048e-01     -2.5945930440      1.380212e-04      7.845598e+01     -1.748337e-03
[itstep]        42    2.000         2.048e-01     -2.5947063662      4.367627e-05      2.482708e+01     -5.533308e-04
[itstep]        43    2.000         2.048e-01     -2.5947440047      1.450589e-05      8.245646e+00     -1.837819e-04
[itstep]        44    2.000         2.048e-01     -2.5947567285      4.903702e-06      2.787432e+00     -6.212818e-05
[itstep]        45    2.000         2.048e-01     -2.5947610565      1.667975e-06      9.481342e-01     -2.113276e-05
[itstep]        46    2.000         2.048e-01     -2.5947625318      5.685643e-07      3.231914e-01     -7.203557e-06
[itstep]        47    2.000         2.048e-01     -2.5947630351      1.939483e-07      1.102468e-01     -2.457274e-06
[itstep]        48    2.000         2.048e-01     -2.5947632068      6.617596e-08      3.761668e-02     -8.384323e-07
[itstep]        49    2.000         2.048e-01     -2.5947632654      2.258143e-08      1.283606e-02     -2.861009e-07
[itstep]        50    2.000         2.048e-01     -2.5947632854      7.705759e-09      4.380217e-03     -9.762998e-08
[itstep]        51    2.000         2.048e-01     -2.5947632922      2.629563e-09      1.494734e-03     -3.331589e-08
[update_dt]  (i= 52) Reduced time step from   0.204800 to   0.163840
[update_E0]  (i= 52) Extrapolated energy ground state E0:  -2.596012
[itstep]        52    2.000         1.638e-01     -2.5947632945      8.973318e-10      5.100741e-04     -1.136896e-08
[itstep]        53    2.000         1.638e-01     -2.5952430085      1.848777e-04      2.565694e+02     -2.927942e-03
[itstep]        54    2.000         1.638e-01     -2.5954137326      6.578349e-05      9.129293e+01     -1.042017e-03
[itstep]        55    2.000         1.638e-01     -2.5954802746      2.563828e-05      3.558027e+01     -4.061399e-04
[itstep]        56    2.000         1.638e-01     -2.5955074538      1.047176e-05      1.453249e+01     -1.658890e-04
[itstep]        57    2.000         1.638e-01     -2.5955187994      4.371243e-06      6.066319e+00     -6.924801e-05
[itstep]        58    2.000         1.638e-01     -2.5955235812      1.842327e-06      2.556742e+00     -2.918575e-05
[itstep]        59    2.000         1.638e-01     -2.5955256049      7.797082e-07      1.082063e+00     -1.235200e-05
[itstep]        60    2.000         1.638e-01     -2.5955264630      3.305742e-07      4.587639e-01     -5.236901e-06
[itstep]        61    2.000         1.638e-01     -2.5955268270      1.402602e-07      1.946501e-01     -2.221979e-06
[itstep]        62    2.000         1.638e-01     -2.5955269815      5.953049e-08      8.261516e-02     -9.430725e-07
[itstep]        63    2.000         1.638e-01     -2.5955270471      2.526992e-08      3.506906e-02     -4.003220e-07
[itstep]        64    2.000         1.638e-01     -2.5955270750      1.072737e-08      1.488722e-02     -1.699414e-07
[itstep]        65    2.000         1.638e-01     -2.5955270868      4.554007e-09      6.319954e-03     -7.214385e-08
[itstep]        66    2.000         1.638e-01     -2.5955270918      1.933296e-09      2.682988e-03     -3.062697e-08
[itstep]        67    2.000         1.638e-01     -2.5955270939      8.207393e-10      1.139005e-03     -1.300202e-08
[update_dt]  (i= 68) Reduced time step from   0.163840 to   0.131072
[update_E0]  (i= 68) Extrapolated energy ground state E0:  -2.596057
[itstep]        68    2.000         1.311e-01     -2.5955270948      3.484284e-10      4.835415e-04     -5.519746e-09
[itstep]        69    2.000         1.311e-01     -2.5957028414      6.771133e-05      2.294149e+02     -1.340840e-03
[itstep]        70    2.000         1.311e-01     -2.5957786310      2.919808e-05      9.892694e+01     -5.782283e-04
[itstep]        71    2.000         1.311e-01     -2.5958135943      1.346931e-05      4.563581e+01     -2.667492e-04
[itstep]        72    2.000         1.311e-01     -2.5958304036      6.475517e-06      2.193990e+01     -1.282443e-04
[itstep]        73    2.000         1.311e-01     -2.5958386744      3.186211e-06      1.079530e+01     -6.310168e-05
[itstep]        74    2.000         1.311e-01     -2.5958427947      1.587278e-06      5.377909e+00     -3.143554e-05
[itstep]        75    2.000         1.311e-01     -2.5958448606      7.958423e-07      2.696419e+00     -1.576143e-05
[itstep]        76    2.000         1.311e-01     -2.5958458999      4.003439e-07      1.356418e+00     -7.928700e-06
[itstep]        77    2.000         1.311e-01     -2.5958464235      2.017287e-07      6.834834e-01     -3.995183e-06
[itstep]        78    2.000         1.311e-01     -2.5958466876      1.017352e-07      3.446923e-01     -2.014839e-06
[itstep]        79    2.000         1.311e-01     -2.5958468208      5.132886e-08      1.739090e-01     -1.016555e-06
[itstep]        80    2.000         1.311e-01     -2.5958468881      2.590277e-08      8.776201e-02     -5.129977e-07
[itstep]        81    2.000         1.311e-01     -2.5958469220      1.307310e-08      4.429338e-02     -2.589093e-07
[itstep]        82    2.000         1.311e-01     -2.5958469391      6.598342e-09      2.235605e-02     -1.306784e-07
[itstep]        83    2.000         1.311e-01     -2.5958469478      3.330453e-09      1.128401e-02     -6.595875e-08
[itstep]        84    2.000         1.311e-01     -2.5958469522      1.681039e-09      5.695582e-03     -3.329254e-08
[itstep]        85    2.000         1.311e-01     -2.5958469544      8.485074e-10      2.874855e-03     -1.680447e-08
[itstep]        86    2.000         1.311e-01     -2.5958469555      4.282862e-10      1.451090e-03     -8.482096e-09
[update_dt]  (i= 87) Reduced time step from   0.131072 to   0.104858
[update_E0]  (i= 87) Extrapolated energy ground state E0:  -2.596069
[itstep]        87    2.000         1.049e-01     -2.5958469560      2.161797e-10      7.324452e-04     -4.281382e-09
[itstep]        88    2.000         1.049e-01     -2.5959099171      2.425454e-05      2.006289e+02     -6.004436e-04
[itstep]        89    2.000         1.049e-01     -2.5959416996      1.224329e-05      1.012741e+02     -3.031014e-04
[itstep]        90    2.000         1.049e-01     -2.5959585366      6.485896e-06      5.365007e+01     -1.605702e-04
[itstep]        91    2.000         1.049e-01     -2.5959677616      3.553591e-06      2.939461e+01     -8.797621e-05
[itstep]        92    2.000         1.049e-01     -2.5959729280      1.990165e-06      1.646226e+01     -4.927068e-05
[itstep]        93    2.000         1.049e-01     -2.5959758611      1.129892e-06      9.346246e+00     -2.797287e-05
[itstep]        94    2.000         1.049e-01     -2.5959775402      6.467955e-07      5.350167e+00     -1.601282e-05
[itstep]        95    2.000         1.049e-01     -2.5959785061      3.720707e-07      3.077696e+00     -9.211417e-06
[itstep]        96    2.000         1.049e-01     -2.5959790633      2.146520e-07      1.775560e+00     -5.314179e-06
[itstep]        97    2.000         1.049e-01     -2.5959793853      1.240439e-07      1.026067e+00     -3.070978e-06
[itstep]        98    2.000         1.049e-01     -2.5959795716      7.175325e-08      5.935289e-01     -1.776409e-06
[itstep]        99    2.000         1.049e-01     -2.5959796794      4.152932e-08      3.435225e-01     -1.028149e-06
[itstep]       100    2.000         1.049e-01     -2.5959797418      2.404427e-08      1.988895e-01     -5.952685e-07
[itstep]       101    2.000         1.049e-01     -2.5959797780      1.392360e-08      1.151733e-01     -3.447091e-07
[itstep]       102    2.000         1.049e-01     -2.5959797989      8.063795e-09      6.670215e-02     -1.996369e-07
[itstep]       103    2.000         1.049e-01     -2.5959798110      4.670415e-09      3.863277e-02     -1.156264e-07
[itstep]       104    2.000         1.049e-01     -2.5959798181      2.705126e-09      2.237628e-02     -6.697133e-08
[itstep]       105    2.000         1.049e-01     -2.5959798221      1.566857e-09      1.296073e-02     -3.879097e-08
[itstep]       106    2.000         1.049e-01     -2.5959798245      9.075617e-10      7.507174e-03     -2.246868e-08
[itstep]       107    2.000         1.049e-01     -2.5959798259      5.256856e-10      4.348370e-03     -1.301450e-08
[itstep]       108    2.000         1.049e-01     -2.5959798266      3.044939e-10      2.518715e-03     -7.538415e-09
[itstep]       109    2.000         1.049e-01     -2.5959798271      1.763725e-10      1.458919e-03     -4.366489e-09
[update_dt]  (i=110) Reduced time step from   0.104858 to   0.083886
[update_E0]  (i=110) Extrapolated energy ground state E0:  -2.596072
[itstep]       110    2.000         8.389e-02     -2.5959798274      1.021612e-10      8.450573e-04     -2.529223e-09

[info]       steps       dt                E0                 E
[output]       111    0.084     -2.5960720091     -2.5959798274
