[conf]                N               2
[conf]                J            3.724
[conf]             beta           1.000
[conf]              dt0       4.000e-01
[conf]        eps_trunc       1.000e-04
[conf]           eps_dt       9.000e-02
[conf]          eps_tol       1.000e-03
[conf]             Dmax              10
[conf]           dt_red           0.800
[conf]         phys_gap       1.000e-03
[info]           i      MBD                dt                 E           rel_err           exp_err             slope
[itstep]         0    2.000         4.000e-01     -3.8787005412      1.000000e+00      1.000000e-03     -1.541406e+01
[itstep]         1    2.000         4.000e-01     -3.9389360215      1.552981e-02      6.066332e+02     -1.505887e-01
[itstep]         2    2.000         4.000e-01     -3.9804972762      1.055139e-02      4.121637e+02     -1.039031e-01
[itstep]         3    2.000         4.000e-01     -4.0114600212      7.778612e-03      3.038520e+02     -7.740686e-02
[itstep]         4    2.000         4.000e-01     -4.0313131373      4.949100e-03      1.933242e+02     -4.963279e-02
[itstep]         5    2.000         4.000e-01     -4.0430857812      2.920300e-03      1.140742e+02     -2.943161e-02
[itstep]         6    2.000         4.000e-01     -4.0497515597      1.648686e-03      6.440179e+01     -1.666445e-02
[itstep]         7    2.000         4.000e-01     -4.0534274963      9.076943e-04      3.545681e+01     -9.189841e-03
[itstep]         8    2.000         4.000e-01     -4.0554251902      4.928406e-04      1.925159e+01     -4.994235e-03
[itstep]         9    2.000         4.000e-01     -4.0565022109      2.655753e-04      1.037403e+01     -2.692552e-03
[itstep]        10    2.000         4.000e-01     -4.0570803698      1.425265e-04      5.567440e+00     -1.445397e-03
[itstep]        11    2.000         4.000e-01     -4.0573900151      7.632221e-05      2.981336e+00     -7.741133e-04
[itstep]        12    2.000         4.000e-01     -4.0575556466      4.082217e-05      1.594616e+00     -4.140786e-04
[itstep]        13    2.000         4.000e-01     -4.0576441852      2.182067e-05      8.523701e-01     -2.213465e-04
[itstep]        14    2.000         4.000e-01     -4.0576914969      1.165989e-05      4.554644e-01     -1.182792e-04
[itstep]        15    2.000         4.000e-01     -4.0577167736      6.229348e-06      2.433339e-01     -6.319193e-05
[itstep]        16    2.000         4.000e-01     -4.0577302766      3.327738e-06      1.299898e-01     -3.375754e-05
[itstep]        17    2.000         4.000e-01     -4.0577374897      1.777597e-06      6.943740e-02     -1.803253e-05
[itstep]        18    2.000         4.000e-01     -4.0577413426      9.495236e-07      3.709077e-02     -9.632294e-06
[itstep]        19    2.000         4.000e-01     -4.0577434006      5.071913e-07      1.981216e-02     -5.145128e-06
[itstep]        20    2.000         4.000e-01     -4.0577444999      2.709159e-07      1.058265e-02     -2.748268e-06
[itstep]        21    2.000         4.000e-01     -4.0577450871      1.447089e-07      5.652692e-03     -1.467980e-06
[itstep]        22    2.000         4.000e-01     -4.0577454008      7.729567e-08      3.019362e-03     -7.841153e-07
[itstep]        23    2.000         4.000e-01     -4.0577455683      4.128711e-08      1.612778e-03     -4.188315e-07
[update_dt]  (i= 24) Reduced time step from   0.400000 to   0.320000
[update_E0]  (i= 24) Extrapolated energy ground state E0:  -8.459467
[itstep]        24    2.000         3.200e-01     -4.0577456578      2.205330e-08      8.614570e-04     -2.237167e-07
[itstep]        25    2.000         3.200e-01     -4.1417659328      2.070615e-02      1.974692e+03     -2.625634e-01
[itstep]        26    2.000         3.200e-01     -4.1458486260      9.857373e-04      9.400723e+01     -1.275842e-02
[itstep]        27    2.000         3.200e-01     -4.1460865956      5.739951e-05      5.474044e+00     -7.436552e-04
[itstep]        28    2.000         3.200e-01     -4.1461006459      3.388812e-06      3.231823e-01     -4.390721e-05
[itstep]        29    2.000         3.200e-01     -4.1461014826      2.017892e-07      1.924412e-02     -2.614495e-06
[itstep]        30    2.000         3.200e-01     -4.1461015365      1.301502e-08      1.241209e-03     -1.686300e-07
[update_dt]  (i= 31) Reduced time step from   0.320000 to   0.256000
[update_E0]  (i= 31) Extrapolated energy ground state E0:  -4.207400
[itstep]        31    2.000         2.560e-01     -4.1461015426      1.473353e-09      1.405099e-04     -1.908960e-08
[itstep]        32    2.000         2.560e-01     -4.1864844394      9.739968e-03      2.267763e+03     -1.577457e-01
[itstep]        33    2.000         2.560e-01     -4.1900078842      8.416238e-04      1.959558e+02     -1.376346e-02
[itstep]        34    2.000         2.560e-01     -4.1903768716      8.806365e-05      2.050392e+01     -1.441357e-03
[itstep]        35    2.000         2.560e-01     -4.1904163932      9.431506e-06      2.195944e+00     -1.543811e-04
[itstep]        36    2.000         2.560e-01     -4.1904206370      1.012749e-06      2.357990e-01     -1.657750e-05
[itstep]        37    2.000         2.560e-01     -4.1904210931      1.088380e-07      2.534081e-02     -1.781550e-06
[itstep]        38    2.000         2.560e-01     -4.1904211423      1.174027e-08      2.733495e-03     -1.921746e-07
[update_dt]  (i= 39) Reduced time step from   0.256000 to   0.204800
[update_E0]  (i= 39) Extrapolated energy ground state E0:  -4.221169
[itstep]        39    2.000         2.048e-01     -4.1904211477      1.297736e-09      3.021527e-04     -2.124242e-08
[itstep]        40    2.000         2.048e-01     -4.2081721780      4.236097e-03      2.407942e+03     -8.667495e-02
[itstep]        41    2.000         2.048e-01     -4.2106272169      5.833979e-04      3.316233e+02     -1.198749e-02
[itstep]        42    2.000         2.048e-01     -4.2110297910      9.560906e-05      5.434746e+01     -1.965694e-03
[itstep]        43    2.000         2.048e-01     -4.2110980852      1.621794e-05      9.218832e+00     -3.334679e-04
[itstep]        44    2.000         2.048e-01     -4.2111097403      2.767720e-06      1.573266e+00     -5.690986e-05
[itstep]        45    2.000         2.048e-01     -4.2111117315      4.728289e-07      2.687721e-01     -9.722337e-06
[itstep]        46    2.000         2.048e-01     -4.2111120717      8.079466e-08      4.592645e-02     -1.661305e-06
[itstep]        47    2.000         2.048e-01     -4.2111121299      1.380905e-08      7.849537e-03     -2.839427e-07
[itstep]        48    2.000         2.048e-01     -4.2111121398      2.362424e-09      1.342883e-03     -4.857633e-08
[update_dt]  (i= 49) Reduced time step from   0.204800 to   0.163840
[update_E0]  (i= 49) Extrapolated energy ground state E0:  -4.225467
[itstep]        49    2.000         1.638e-01     -4.2111121415      4.059122e-10      2.307344e-04     -8.346396e-09
[itstep]        50    2.000         1.638e-01     -4.2184195104      1.735259e-03      2.408155e+03     -4.460064e-02
[itstep]        51    2.000         1.638e-01     -4.2198792920      3.460494e-04      4.802400e+02     -8.909800e-03
[itstep]        52    2.000         1.638e-01     -4.2202176679      8.018615e-05      1.112806e+02     -2.065283e-03
[itstep]        53    2.000         1.638e-01     -4.2202995795      1.940934e-05      2.693587e+01     -4.999490e-04
[itstep]        54    2.000         1.638e-01     -4.2203196306      4.751105e-06      6.593483e+00     -1.223821e-04
[itstep]        55    2.000         1.638e-01     -4.2203245525      1.166244e-06      1.618489e+00     -3.004104e-05
[itstep]        56    2.000         1.638e-01     -4.2203257615      2.864727e-07      3.975608e-01     -7.379199e-06
[itstep]        57    2.000         1.638e-01     -4.2203260585      7.038042e-08      9.767246e-02     -1.812917e-06
[itstep]        58    2.000         1.638e-01     -4.2203261315      1.729194e-08      2.399738e-02     -4.454200e-07
[itstep]        59    2.000         1.638e-01     -4.2203261495      4.248712e-09      5.896272e-03     -1.094418e-07
[itstep]        60    2.000         1.638e-01     -4.2203261539      1.044073e-09      1.448943e-03     -2.689410e-08
[update_dt]  (i= 61) Reduced time step from   0.163840 to   0.131072
[update_E0]  (i= 61) Extrapolated energy ground state E0:  -4.226719
[itstep]        61    2.000         1.311e-01     -4.2203261549      2.566879e-10      3.562261e-04     -6.611980e-09
[itstep]        62    2.000         1.311e-01     -4.2231914565      6.789289e-04      2.300301e+03     -2.186052e-02
[itstep]        63    2.000         1.311e-01     -4.2239618693      1.824243e-04      6.180777e+02     -5.877784e-03
[itstep]        64    2.000         1.311e-01     -4.2241959834      5.542522e-05      1.877879e+02     -1.786148e-03
[itstep]        65    2.000         1.311e-01     -4.2242706362      1.767268e-05      5.987737e+01     -5.695562e-04
[itstep]        66    2.000         1.311e-01     -4.2242948451      5.730898e-06      1.941704e+01     -1.846990e-04
[itstep]        67    2.000         1.311e-01     -4.2243027400      1.868928e-06      6.332173e+00     -6.023332e-05
[itstep]        68    2.000         1.311e-01     -4.2243053194      6.106176e-07      2.068853e+00     -1.967952e-05
[itstep]        69    2.000         1.311e-01     -4.2243061627      1.996231e-07      6.763493e-01     -6.433630e-06
[itstep]        70    2.000         1.311e-01     -4.2243064384      6.527379e-08      2.211562e-01     -2.103702e-06
[itstep]        71    2.000         1.311e-01     -4.2243065286      2.134497e-08      7.231958e-02     -6.879250e-07
[itstep]        72    2.000         1.311e-01     -4.2243065581      6.980115e-09      2.364955e-02     -2.249614e-07
[itstep]        73    2.000         1.311e-01     -4.2243065677      2.282628e-09      7.733845e-03     -7.356659e-08
[itstep]        74    2.000         1.311e-01     -4.2243065709      7.464745e-10      2.529154e-03     -2.405805e-08
[update_dt]  (i= 75) Reduced time step from   0.131072 to   0.104858
[update_E0]  (i= 75) Extrapolated energy ground state E0:  -4.227068
[itstep]        75    2.000         1.049e-01     -4.2243065719      2.441245e-10      8.271261e-04     -7.867865e-09
[itstep]        76    2.000         1.049e-01     -4.2253894345      2.563409e-04      2.120402e+03     -1.032698e-02
[itstep]        77    2.000         1.049e-01     -4.2257603774      8.778904e-05      7.261739e+02     -3.537587e-03
[itstep]        78    2.000         1.049e-01     -4.2259001916      3.308616e-05      2.736823e+02     -1.333372e-03
[itstep]        79    2.000         1.049e-01     -4.2259554558      1.307749e-05      1.081745e+02     -5.270403e-04
[itstep]        80    2.000         1.049e-01     -4.2259777694      5.280140e-06      4.367629e+01     -2.127994e-04
[itstep]        81    2.000         1.049e-01     -4.2259868607      2.151292e-06      1.779507e+01     -8.670149e-05
[itstep]        82    2.000         1.049e-01     -4.2259905788      8.798141e-07      7.277652e+00     -3.545840e-05
[itstep]        83    2.000         1.049e-01     -4.2259921017      3.603781e-07      2.980978e+00     -1.452403e-05
[itstep]        84    2.000         1.049e-01     -4.2259927260      1.477079e-07      1.221811e+00     -5.952955e-06
[itstep]        85    2.000         1.049e-01     -4.2259929819      6.055686e-08      5.009146e-01     -2.440575e-06
[itstep]        86    2.000         1.049e-01     -4.2259930868      2.482959e-08      2.053856e-01     -1.000687e-06
[itstep]        87    2.000         1.049e-01     -4.2259931298      1.018111e-08      8.421617e-02     -4.103213e-07
[itstep]        88    2.000         1.049e-01     -4.2259931475      4.174732e-09      3.453258e-02     -1.682509e-07
[itstep]        89    2.000         1.049e-01     -4.2259931547      1.711851e-09      1.416010e-02     -6.899138e-08
[itstep]        90    2.000         1.049e-01     -4.2259931577      7.019477e-10      5.806375e-03     -2.829004e-08
[itstep]        91    2.000         1.049e-01     -4.2259931589      2.878365e-10      2.380928e-03     -1.160045e-08
[update_dt]  (i= 92) Reduced time step from   0.104858 to   0.083886
[update_E0]  (i= 92) Extrapolated energy ground state E0:  -4.227163
[itstep]        92    2.000         8.389e-02     -4.2259931594      1.180300e-10      9.763211e-04     -4.756869e-09

[info]       steps       dt                E0                 E
[output]        93    0.084     -4.2271632580     -4.2259931594
