[conf]                N               2
[conf]                J            2.621
[conf]             beta           1.000
[conf]              dt0       4.000e-01
[conf]        eps_trunc       1.000e-04
[conf]           eps_dt       9.000e-02
[conf]          eps_tol       1.000e-03
[conf]             Dmax              10
[conf]           dt_red           0.800
[conf]         phys_gap       1.000e-03
[info]           i      MBD                dt                 E           rel_err           exp_err             slope
[itstep]         0    2.000         4.000e-01     -2.9501569876      1.000000e+00      1.000000e-03     -1.122719e+01
[itstep]         1    2.000         4.000e-01     -3.1584328916      7.059824e-02      2.757744e+03     -5.206898e-01
[itstep]         2    2.000         4.000e-01     -3.1934407490      1.108393e-02      4.329661e+02     -8.751964e-02
[itstep]         3    2.000         4.000e-01     -3.2123556500      5.923047e-03      2.313690e+02     -4.728725e-02
[itstep]         4    2.000         4.000e-01     -3.2222990657      3.095366e-03      1.209127e+02     -2.485854e-02
[itstep]         5    2.000         4.000e-01     -3.2273934126      1.580967e-03      6.175650e+01     -1.273587e-02
[itstep]         6    2.000         4.000e-01     -3.2299705334      7.985146e-04      3.119198e+01     -6.442802e-03
[itstep]         7    2.000         4.000e-01     -3.2312660050      4.010784e-04      1.566713e+01     -3.238679e-03
[itstep]         8    2.000         4.000e-01     -3.2319151474      2.008941e-04      7.847427e+00     -1.622856e-03
[itstep]         9    2.000         4.000e-01     -3.2322399055      1.004847e-04      3.925185e+00     -8.118954e-04
[itstep]        10    2.000         4.000e-01     -3.2324022487      5.022621e-05      1.961961e+00     -4.058579e-04
[itstep]        11    2.000         4.000e-01     -3.2324833700      2.509628e-05      9.803235e-01     -2.028032e-04
[itstep]        12    2.000         4.000e-01     -3.2325238974      1.253755e-05      4.897482e-01     -1.013186e-04
[itstep]        13    2.000         4.000e-01     -3.2325441425      6.262942e-06      2.446462e-01     -5.061277e-05
[itstep]        14    2.000         4.000e-01     -3.2325542553      3.128421e-06      1.222039e-01     -2.528190e-05
[itstep]        15    2.000         4.000e-01     -3.2325593066      1.562653e-06      6.104112e-02     -1.262840e-05
[itstep]        16    2.000         4.000e-01     -3.2325618298      7.805399e-07      3.048984e-02     -6.307854e-06
[itstep]        17    2.000         4.000e-01     -3.2325630901      3.898750e-07      1.522949e-02     -3.150738e-06
[itstep]        18    2.000         4.000e-01     -3.2325637196      1.947397e-07      7.607020e-03     -1.573771e-06
[itstep]        19    2.000         4.000e-01     -3.2325640340      9.727092e-08      3.799645e-03     -7.860861e-07
[itstep]        20    2.000         4.000e-01     -3.2325641911      4.858601e-08      1.897891e-03     -3.926435e-07
[update_dt]  (i= 21) Reduced time step from   0.400000 to   0.320000
[update_E0]  (i= 21) Extrapolated energy ground state E0:  -6.544111
[itstep]        21    2.000         3.200e-01     -3.2325642695      2.426830e-08      9.479804e-04     -1.961221e-07
[itstep]        22    2.000         3.200e-01     -3.2642460761      9.800828e-03      9.346798e+02     -9.900565e-02
[itstep]        23    2.000         3.200e-01     -3.2671235693      8.815185e-04      8.406815e+01     -8.992166e-03
[itstep]        24    2.000         3.200e-01     -3.2674365185      9.578739e-05      9.134997e+00     -9.779663e-04
[itstep]        25    2.000         3.200e-01     -3.2674713538      1.066134e-05      1.016745e+00     -1.088602e-04
[itstep]        26    2.000         3.200e-01     -3.2674752444      1.190705e-06      1.135544e-01     -1.215810e-05
[itstep]        27    2.000         3.200e-01     -3.2674756807      1.335362e-07      1.273501e-02     -1.363520e-06
[itstep]        28    2.000         3.200e-01     -3.2674757307      1.528258e-08      1.457460e-03     -1.560483e-07
[update_dt]  (i= 29) Reduced time step from   0.320000 to   0.256000
[update_E0]  (i= 29) Extrapolated energy ground state E0:  -3.291696
[itstep]        29    2.000         2.560e-01     -3.2674757370      1.931004e-09      1.841548e-04     -1.971721e-08
[itstep]        30    2.000         2.560e-01     -3.2814578812      4.279188e-03      9.963262e+02     -5.461775e-02
[itstep]        31    2.000         2.560e-01     -3.2834633596      6.111547e-04      1.422955e+02     -7.833900e-03
[itstep]        32    2.000         2.560e-01     -3.2838035547      1.036086e-04      2.412327e+01     -1.328887e-03
[itstep]        33    2.000         2.560e-01     -3.2838633001      1.819397e-05      4.236113e+00     -2.333805e-04
[itstep]        34    2.000         2.560e-01     -3.2838738593      3.215479e-06      7.486620e-01     -4.124685e-05
[itstep]        35    2.000         2.560e-01     -3.2838757277      5.689411e-07      1.324669e-01     -7.298168e-06
[itstep]        36    2.000         2.560e-01     -3.2838760583      1.006949e-07      2.344486e-02     -1.291678e-06
[itstep]        37    2.000         2.560e-01     -3.2838761169      1.782709e-08      4.150693e-03     -2.286795e-07
[update_dt]  (i= 38) Reduced time step from   0.256000 to   0.204800
[update_E0]  (i= 38) Extrapolated energy ground state E0:  -3.295254
[itstep]        38    2.000         2.048e-01     -3.2838761273      3.159401e-09      7.356053e-04     -4.052766e-08
[itstep]        39    2.000         2.048e-01     -3.2896336311      1.753265e-03      9.966156e+02     -2.811281e-02
[itstep]        40    2.000         2.048e-01     -3.2908210526      3.609586e-04      2.051812e+02     -5.797956e-03
[itstep]        41    2.000         2.048e-01     -3.2911044079      8.610474e-05      4.894488e+01     -1.383571e-03
[itstep]        42    2.000         2.048e-01     -3.2911750600      2.146760e-05      1.220292e+01     -3.449810e-04
[itstep]        43    2.000         2.048e-01     -3.2911928831      5.415443e-06      3.078323e+00     -8.702721e-05
[itstep]        44    2.000         2.048e-01     -3.2911973928      1.370222e-06      7.788808e-01     -2.201984e-05
[itstep]        45    2.000         2.048e-01     -3.2911985347      3.469603e-07      1.972241e-01     -5.575756e-06
[itstep]        46    2.000         2.048e-01     -3.2911988239      8.787265e-08      4.994982e-02     -1.412140e-06
[itstep]        47    2.000         2.048e-01     -3.2911988972      2.225622e-08      1.265120e-02     -3.576643e-07
[itstep]        48    2.000         2.048e-01     -3.2911989157      5.637182e-09      3.204367e-03     -9.059124e-08
[update_dt]  (i= 49) Reduced time step from   0.204800 to   0.163840
[update_E0]  (i= 49) Extrapolated energy ground state E0:  -3.296279
[itstep]        49    2.000         1.638e-01     -3.2911989204      1.427892e-09      8.116625e-04     -2.294666e-08
[itstep]        50    2.000         1.638e-01     -3.2934535767      6.850562e-04      9.507065e+02     -1.376133e-02
[itstep]        51    2.000         1.638e-01     -3.2940766162      1.891751e-04      2.625333e+02     -3.802732e-03
[itstep]        52    2.000         1.638e-01     -3.2942706200      5.889474e-05      8.173287e+01     -1.184105e-03
[itstep]        53    2.000         1.638e-01     -3.2943340155      1.924416e-05      2.670663e+01     -3.869352e-04
[itstep]        54    2.000         1.638e-01     -3.2943550936      6.398314e-06      8.879444e+00     -1.286510e-04
[itstep]        55    2.000         1.638e-01     -3.2943621437      2.140049e-06      2.969914e+00     -4.303028e-05
[itstep]        56    2.000         1.638e-01     -3.2943645065      7.172296e-07      9.953560e-01     -1.442147e-05
[itstep]        57    2.000         1.638e-01     -3.2943652990      2.405402e-07      3.338165e-01     -4.836590e-06
[itstep]        58    2.000         1.638e-01     -3.2943655648      8.068931e-08      1.119789e-01     -1.622437e-06
[itstep]        59    2.000         1.638e-01     -3.2943656540      2.706934e-08      3.756626e-02     -5.442890e-07
[itstep]        60    2.000         1.638e-01     -3.2943656839      9.081356e-09      1.260291e-02     -1.826007e-07
[itstep]        61    2.000         1.638e-01     -3.2943656939      3.046687e-09      4.228127e-03     -6.126038e-08
[itstep]        62    2.000         1.638e-01     -3.2943656973      1.022132e-09      1.418493e-03     -2.055222e-08
[update_dt]  (i= 63) Reduced time step from   0.163840 to   0.131072
[update_E0]  (i= 63) Extrapolated energy ground state E0:  -3.296563
[itstep]        63    2.000         1.311e-01     -3.2943656984      3.429170e-10      4.758930e-04     -6.895106e-09
[itstep]        64    2.000         1.311e-01     -3.2952162282      2.581771e-04      8.747380e+02     -6.489027e-03
[itstep]        65    2.000         1.311e-01     -3.2955144177      9.049165e-05      3.065976e+02     -2.275006e-03
[itstep]        66    2.000         1.311e-01     -3.2956291225      3.480634e-05      1.179285e+02     -8.751283e-04
[itstep]        67    2.000         1.311e-01     -3.2956753759      1.403477e-05      4.755163e+01     -3.528853e-04
[itstep]        68    2.000         1.311e-01     -3.2956944338      5.782694e-06      1.959253e+01     -1.454001e-04
[itstep]        69    2.000         1.311e-01     -3.2957023603      2.405126e-06      8.148882e+00     -6.047485e-05
[itstep]        70    2.000         1.311e-01     -3.2957056704      1.004346e-06      3.402858e+00     -2.525350e-05
[itstep]        71    2.000         1.311e-01     -3.2957070549      4.201092e-07      1.423385e+00     -1.056333e-05
[itstep]        72    2.000         1.311e-01     -3.2957076345      1.758526e-07      5.958119e-01     -4.421682e-06
[itstep]        73    2.000         1.311e-01     -3.2957078771      7.363166e-08      2.494738e-01     -1.851413e-06
[itstep]        74    2.000         1.311e-01     -3.2957079788      3.083433e-08      1.044708e-01     -7.753062e-07
[itstep]        75    2.000         1.311e-01     -3.2957080213      1.291300e-08      4.375093e-02     -3.246877e-07
[itstep]        76    2.000         1.311e-01     -3.2957080391      5.407903e-09      1.832269e-02     -1.359777e-07
[itstep]        77    2.000         1.311e-01     -3.2957080466      2.264827e-09      7.673531e-03     -5.694738e-08
[itstep]        78    2.000         1.311e-01     -3.2957080497      9.485121e-10      3.213684e-03     -2.384963e-08
[itstep]        79    2.000         1.311e-01     -3.2957080510      3.972374e-10      1.345893e-03     -9.988240e-09
[update_dt]  (i= 80) Reduced time step from   0.131072 to   0.104858
[update_E0]  (i= 80) Extrapolated energy ground state E0:  -3.296639
[itstep]        80    2.000         1.049e-01     -3.2957080516      1.663652e-10      5.636673e-04     -4.183130e-09
[itstep]        81    2.000         1.049e-01     -3.2960198557      9.460916e-05      7.825886e+02     -2.973596e-03
[itstep]        82    2.000         1.049e-01     -3.2961526738      4.029651e-05      3.333249e+02     -1.266652e-03
[itstep]        83    2.000         1.049e-01     -3.2962132893      1.838975e-05      1.521164e+02     -5.780736e-04
[itstep]        84    2.000         1.049e-01     -3.2962421335      8.750718e-06      7.238424e+01     -2.750800e-04
[itstep]        85    2.000         1.049e-01     -3.2962561813      4.261749e-06      3.525237e+01     -1.339699e-04
[itstep]        86    2.000         1.049e-01     -3.2962631071      2.101113e-06      1.738000e+01     -6.604964e-05
[itstep]        87    2.000         1.049e-01     -3.2962665431      1.042419e-06      8.622684e+00     -3.276907e-05
[itstep]        88    2.000         1.049e-01     -3.2962682533      5.188218e-07      4.291594e+00     -1.630950e-05
[itstep]        89    2.000         1.049e-01     -3.2962691059      2.586367e-07      2.139392e+00     -8.130415e-06
[itstep]        90    2.000         1.049e-01     -3.2962695312      1.290359e-07      1.067360e+00     -4.056331e-06
[itstep]        91    2.000         1.049e-01     -3.2962697435      6.440291e-08      5.327284e-01     -2.024549e-06
[itstep]        92    2.000         1.049e-01     -3.2962698495      3.215049e-08      2.659426e-01     -1.010672e-06
[itstep]        93    2.000         1.049e-01     -3.2962699024      1.605141e-08      1.327741e-01     -5.045869e-07
[itstep]        94    2.000         1.049e-01     -3.2962699288      8.014205e-09      6.629195e-02     -2.519320e-07
[itstep]        95    2.000         1.049e-01     -3.2962699420      4.001462e-09      3.309932e-02     -1.257887e-07
[itstep]        96    2.000         1.049e-01     -3.2962699486      1.997940e-09      1.652657e-02     -6.280659e-08
[itstep]        97    2.000         1.049e-01     -3.2962699518      9.975822e-10      8.251807e-03     -3.135968e-08
[itstep]        98    2.000         1.049e-01     -3.2962699535      4.980996e-10      4.120183e-03     -1.565810e-08
[itstep]        99    2.000         1.049e-01     -3.2962699543      2.487039e-10      2.057231e-03     -7.818178e-09
[itstep]       100    2.000         1.049e-01     -3.2962699547      1.241811e-10      1.027202e-03     -3.903717e-09
[update_dt]  (i=101) Reduced time step from   0.104858 to   0.083886
[update_E0]  (i=101) Extrapolated energy ground state E0:  -3.296660
[itstep]       101    2.000         8.389e-02     -3.2962699549      6.200546e-11      5.128971e-04     -1.949184e-09

[info]       steps       dt                E0                 E
[output]       102    0.084     -3.2966597849     -3.2962699549
