[conf]                N               2
[conf]                J            1.517
[conf]             beta           1.000
[conf]              dt0       4.000e-01
[conf]        eps_trunc       1.000e-04
[conf]           eps_dt       9.000e-02
[conf]          eps_tol       1.000e-03
[conf]             Dmax              10
[conf]           dt_red           0.800
[conf]         phys_gap       1.000e-03
[info]           i      MBD                dt                 E           rel_err           exp_err             slope
[itstep]         0    2.000         4.000e-01     -1.8789245196      1.000000e+00      1.000000e-03     -3.532829e+00
[itstep]         1    2.000         4.000e-01     -2.1578919206      1.484719e-01      5.799682e+03     -6.974185e-01
[itstep]         2    2.000         4.000e-01     -2.3200451754      7.514429e-02      2.935324e+03     -4.053831e-01
[itstep]         3    2.000         4.000e-01     -2.4141063537      4.054282e-02      1.583704e+03     -2.351529e-01
[itstep]         4    2.000         4.000e-01     -2.4606353028      1.927378e-02      7.528819e+02     -1.163224e-01
[itstep]         5    2.000         4.000e-01     -2.4816874120      8.555558e-03      3.342015e+02     -5.263027e-02
[itstep]         6    2.000         4.000e-01     -2.4908249059      3.681968e-03      1.438269e+02     -2.284373e-02
[itstep]         7    2.000         4.000e-01     -2.4947194034      1.563537e-03      6.107567e+01     -9.736244e-03
[itstep]         8    2.000         4.000e-01     -2.4963664077      6.601962e-04      2.578892e+01     -4.117511e-03
[itstep]         9    2.000         4.000e-01     -2.4970606437      2.780986e-04      1.086323e+01     -1.735590e-03
[itstep]        10    2.000         4.000e-01     -2.4973528679      1.170273e-04      4.571379e+00     -7.305607e-04
[itstep]        11    2.000         4.000e-01     -2.4974758019      4.922569e-05      1.922879e+00     -3.073348e-04
[itstep]        12    2.000         4.000e-01     -2.4975275054      2.070233e-05      8.086846e-01     -1.292589e-04
[itstep]        13    2.000         4.000e-01     -2.4975492487      8.705906e-06      3.400745e-01     -5.435810e-05
[itstep]        14    2.000         4.000e-01     -2.4975583921      3.660961e-06      1.430063e-01     -2.285858e-05
[itstep]        15    2.000         4.000e-01     -2.4975622370      1.539468e-06      6.013546e-02     -9.612276e-06
[itstep]        16    2.000         4.000e-01     -2.4975638538      6.473566e-07      2.528737e-02     -4.042034e-06
[itstep]        17    2.000         4.000e-01     -2.4975645337      2.722172e-07      1.063349e-02     -1.699700e-06
[itstep]        18    2.000         4.000e-01     -2.4975648196      1.144688e-07      4.471438e-03     -7.147331e-07
[itstep]        19    2.000         4.000e-01     -2.4975649398      4.813473e-08      1.880263e-03     -3.005490e-07
[update_dt]  (i= 20) Reduced time step from   0.400000 to   0.320000
[update_E0]  (i= 20) Extrapolated energy ground state E0:  -3.907141
[itstep]        20    2.000         3.200e-01     -2.4975649904      2.024090e-08      7.906603e-04     -1.263824e-07
[itstep]        21    2.000         3.200e-01     -2.5036153224      2.422492e-03      2.310269e+02     -1.890729e-02
[itstep]        22    2.000         3.200e-01     -2.5045633474      3.786624e-04      3.611206e+01     -2.962578e-03
[itstep]        23    2.000         3.200e-01     -2.5047381866      6.980824e-05      6.657433e+00     -5.463724e-04
[itstep]        24    2.000         3.200e-01     -2.5047716425      1.335707e-05      1.273829e+00     -1.045499e-04
[itstep]        25    2.000         3.200e-01     -2.5047780922      2.574939e-06      2.455653e-01     -2.015510e-05
[itstep]        26    2.000         3.200e-01     -2.5047793376      4.972015e-07      4.741683e-02     -3.891811e-06
[itstep]        27    2.000         3.200e-01     -2.5047795782      9.608173e-08      9.163068e-03     -7.520736e-07
[itstep]        28    2.000         3.200e-01     -2.5047796248      1.859333e-08      1.773198e-03     -1.455381e-07
[update_dt]  (i= 29) Reduced time step from   0.320000 to   0.256000
[update_E0]  (i= 29) Extrapolated energy ground state E0:  -2.509785
[itstep]        29    2.000         2.560e-01     -2.5047796338      3.610884e-09      3.443607e-04     -2.826396e-08
[itstep]        30    2.000         2.560e-01     -2.5072533217      9.875870e-04      2.299405e+02     -9.662843e-03
[itstep]        31    2.000         2.560e-01     -2.5078008643      2.183834e-04      5.084635e+01     -2.138838e-03
[itstep]        32    2.000         2.560e-01     -2.5079402641      5.558645e-05      1.294223e+01     -5.445303e-04
[itstep]        33    2.000         2.560e-01     -2.5079773948      1.480529e-05      3.447124e+00     -1.450421e-04
[itstep]        34    2.000         2.560e-01     -2.5079874135      3.994738e-06      9.300975e-01     -3.913560e-05
[itstep]        35    2.000         2.560e-01     -2.5079901264      1.081700e-06      2.518529e-01     -1.059723e-05
[itstep]        36    2.000         2.560e-01     -2.5079908617      2.931883e-07      6.826322e-02     -2.872318e-06
[itstep]        37    2.000         2.560e-01     -2.5079910611      7.948795e-08      1.850723e-02     -7.787307e-07
[itstep]        38    2.000         2.560e-01     -2.5079911152      2.155203e-08      5.017973e-03     -2.111418e-07
[itstep]        39    2.000         2.560e-01     -2.5079911298      5.843676e-09      1.360587e-03     -5.724956e-08
[update_dt]  (i= 40) Reduced time step from   0.256000 to   0.204800
[update_E0]  (i= 40) Extrapolated energy ground state E0:  -2.510219
[itstep]        40    2.000         2.048e-01     -2.5079911338      1.584499e-09      3.689199e-04     -1.552308e-08
[itstep]        41    2.000         2.048e-01     -2.5089541233      3.839685e-04      2.182608e+02     -4.702097e-03
[itstep]        42    2.000         2.048e-01     -2.5092358964      1.123070e-04      6.383913e+01     -1.375845e-03
[itstep]        43    2.000         2.048e-01     -2.5093282299      3.679749e-05      2.091695e+01     -4.508476e-04
[itstep]        44    2.000         2.048e-01     -2.5093599857      1.265509e-05      7.193589e+00     -1.550576e-04
[itstep]        45    2.000         2.048e-01     -2.5093711103      4.433218e-06      2.519993e+00     -5.431905e-05
[itstep]        46    2.000         2.048e-01     -2.5093750335      1.563448e-06      8.887174e-01     -1.915660e-05
[itstep]        47    2.000         2.048e-01     -2.5093764205      5.526981e-07      3.141725e-01     -6.772104e-06
[itstep]        48    2.000         2.048e-01     -2.5093769112      1.955519e-07      1.111584e-01     -2.396061e-06
[itstep]        49    2.000         2.048e-01     -2.5093770849      6.920969e-08      3.934116e-02     -8.480137e-07
[itstep]        50    2.000         2.048e-01     -2.5093771463      2.449730e-08      1.392510e-02     -3.001610e-07
[itstep]        51    2.000         2.048e-01     -2.5093771681      8.671336e-09      4.929084e-03     -1.062483e-07
[itstep]        52    2.000         2.048e-01     -2.5093771758      3.069442e-09      1.744776e-03     -3.760931e-08
[update_dt]  (i= 53) Reduced time step from   0.204800 to   0.163840
[update_E0]  (i= 53) Extrapolated energy ground state E0:  -2.510339
[itstep]        53    2.000         1.638e-01     -2.5093771785      1.086514e-09      6.176115e-04     -1.331285e-08
[itstep]        54    2.000         1.638e-01     -2.5097386626      1.440533e-04      1.999141e+02     -2.206324e-03
[itstep]        55    2.000         1.638e-01     -2.5098714478      5.290795e-05      7.342454e+01     -8.104562e-04
[itstep]        56    2.000         1.638e-01     -2.5099246636      2.120260e-05      2.942452e+01     -3.248035e-04
[itstep]        57    2.000         1.638e-01     -2.5099469992      8.898924e-06      1.234974e+01     -1.363259e-04
[itstep]        58    2.000         1.638e-01     -2.5099565838      3.818663e-06      5.299459e+00     -5.850001e-05
[itstep]        59    2.000         1.638e-01     -2.5099607385      1.655284e-06      2.297168e+00     -2.535822e-05
[itstep]        60    2.000         1.638e-01     -2.5099625476      7.207547e-07      1.000248e+00     -1.104166e-05
[itstep]        61    2.000         1.638e-01     -2.5099633369      3.144584e-07      4.363987e-01     -4.817375e-06
[itstep]        62    2.000         1.638e-01     -2.5099636815      1.373145e-07      1.905621e-01     -2.103603e-06
[itstep]        63    2.000         1.638e-01     -2.5099638321      5.998391e-08      8.324440e-02     -9.189297e-07
[itstep]        64    2.000         1.638e-01     -2.5099638979      2.620749e-08      3.637020e-02     -4.014884e-07
[itstep]        65    2.000         1.638e-01     -2.5099639266      1.145111e-08      1.589161e-02     -1.754265e-07
[itstep]        66    2.000         1.638e-01     -2.5099639392      5.003614e-09      6.943909e-03     -7.665338e-08
[itstep]        67    2.000         1.638e-01     -2.5099639447      2.186381e-09      3.034213e-03     -3.349449e-08
[itstep]        68    2.000         1.638e-01     -2.5099639471      9.553682e-10      1.325840e-03     -1.463586e-08
[update_dt]  (i= 69) Reduced time step from   0.163840 to   0.131072
[update_E0]  (i= 69) Extrapolated energy ground state E0:  -2.510371
[itstep]        69    2.000         1.311e-01     -2.5099639481      4.174606e-10      5.793430e-04     -6.395332e-09
[itstep]        70    2.000         1.311e-01     -2.5100959222      5.258006e-05      1.781482e+02     -1.006882e-03
[itstep]        71    2.000         1.311e-01     -2.5101543267      2.326786e-05      7.883456e+01     -4.455913e-04
[itstep]        72    2.000         1.311e-01     -2.5101818879      1.097989e-05      3.720133e+01     -2.102755e-04
[itstep]        73    2.000         1.311e-01     -2.5101954278      5.393980e-06      1.827552e+01     -1.033010e-04
[itstep]        74    2.000         1.311e-01     -2.5102022352      2.711914e-06      9.188323e+00     -5.193661e-05
[itstep]        75    2.000         1.311e-01     -2.5102057015      1.380862e-06      4.678544e+00     -2.644534e-05
[itstep]        76    2.000         1.311e-01     -2.5102074784      7.078797e-07      2.398390e+00     -1.355685e-05
[itstep]        77    2.000         1.311e-01     -2.5102083926      3.641741e-07      1.233870e+00     -6.974431e-06
[itstep]        78    2.000         1.311e-01     -2.5102088637      1.876986e-07      6.359476e-01     -3.594686e-06
[itstep]        79    2.000         1.311e-01     -2.5102091068      9.683431e-08      3.280874e-01     -1.854510e-06
[itstep]        80    2.000         1.311e-01     -2.5102092323      4.998192e-08      1.693453e-01     -9.572225e-07
[itstep]        81    2.000         1.311e-01     -2.5102092970      2.580524e-08      8.743156e-02     -4.942059e-07
[itstep]        82    2.000         1.311e-01     -2.5102093305      1.332480e-08      4.514617e-02     -2.551882e-07
[itstep]        83    2.000         1.311e-01     -2.5102093478      6.880862e-09      2.331327e-02     -1.317780e-07
[itstep]        84    2.000         1.311e-01     -2.5102093567      3.553372e-09      1.203929e-02     -6.805197e-08
[itstep]        85    2.000         1.311e-01     -2.5102093613      1.835042e-09      6.217366e-03     -3.514359e-08
[itstep]        86    2.000         1.311e-01     -2.5102093637      9.476671e-10      3.210821e-03     -1.814913e-08
[itstep]        87    2.000         1.311e-01     -2.5102093649      4.894048e-10      1.658168e-03     -9.372775e-09
[update_dt]  (i= 88) Reduced time step from   0.131072 to   0.104858
[update_E0]  (i= 88) Extrapolated energy ground state E0:  -2.510380
[itstep]        88    2.000         1.049e-01     -2.5102093655      2.527435e-10      8.563284e-04     -4.840387e-09
[itstep]        89    2.000         1.049e-01     -2.5102565154      1.878323e-05      1.553713e+02     -4.496560e-04
[itstep]        90    2.000         1.049e-01     -2.5102808258      9.684423e-06      8.010767e+01     -2.318419e-04
[itstep]        91    2.000         1.049e-01     -2.5102939472      5.227080e-06      4.323740e+01     -1.251358e-04
[itstep]        92    2.000         1.049e-01     -2.5103012631      2.914372e-06      2.410712e+01     -6.977015e-05
[itstep]        93    2.000         1.049e-01     -2.5103054310      1.660317e-06      1.373382e+01     -3.974815e-05
[itstep]        94    2.000         1.049e-01     -2.5103078382      9.589129e-07      7.931942e+00     -2.295651e-05
[itstep]        95    2.000         1.049e-01     -2.5103092402      5.585128e-07      4.619910e+00     -1.337089e-05
[itstep]        96    2.000         1.049e-01     -2.5103100610      3.269704e-07      2.704636e+00     -7.827729e-06
[itstep]        97    2.000         1.049e-01     -2.5103105430      1.920063e-07      1.588239e+00     -4.596665e-06
[itstep]        98    2.000         1.049e-01     -2.5103108266      1.129576e-07      9.343631e-01     -2.704225e-06
[itstep]        99    2.000         1.049e-01     -2.5103109936      6.652512e-08      5.502829e-01     -1.592624e-06
[itstep]       100    2.000         1.049e-01     -2.5103110920      3.920437e-08      3.242909e-01     -9.385601e-07
[itstep]       101    2.000         1.049e-01     -2.5103111500      2.311254e-08      1.911825e-01     -5.533188e-07
[itstep]       102    2.000         1.049e-01     -2.5103111842      1.362882e-08      1.127350e-01     -3.262766e-07
[itstep]       103    2.000         1.049e-01     -2.5103112044      8.037595e-09      6.648543e-02     -1.924216e-07
[itstep]       104    2.000         1.049e-01     -2.5103112163      4.740541e-09      3.921284e-02     -1.134895e-07
[itstep]       105    2.000         1.049e-01     -2.5103112233      2.796079e-09      2.312862e-02     -6.693868e-08
[itstep]       106    2.000         1.049e-01     -2.5103112275      1.649237e-09      1.364217e-02     -3.948306e-08
[itstep]       107    2.000         1.049e-01     -2.5103112299      9.727997e-10      8.046811e-03     -2.328901e-08
[itstep]       108    2.000         1.049e-01     -2.5103112313      5.738094e-10      4.746440e-03     -1.373711e-08
[itstep]       109    2.000         1.049e-01     -2.5103112322      3.384651e-10      2.799718e-03     -8.102920e-09
[itstep]       110    2.000         1.049e-01     -2.5103112327      1.996480e-10      1.651450e-03     -4.779612e-09
[update_dt]  (i=111) Reduced time step from   0.104858 to   0.083886
[update_E0]  (i=111) Extrapolated energy ground state E0:  -2.510382
[itstep]       111    2.000         8.389e-02     -2.5103112330      1.177639e-10      9.741199e-04     -2.819290e-09

[info]       steps       dt                E0                 E
[output]       112    0.084     -2.5103819053     -2.5103112330
