[conf]                N               2
[conf]                J            0.276
[conf]             beta           1.000
[conf]              dt0       4.000e-01
[conf]        eps_trunc       1.000e-04
[conf]           eps_dt       9.000e-02
[conf]          eps_tol       1.000e-03
[conf]             Dmax              10
[conf]           dt_red           0.800
[conf]         phys_gap       1.000e-03
[info]           i      MBD                dt                 E           rel_err           exp_err             slope
[itstep]         0    2.000         4.000e-01     -0.4739844718      1.000000e+00      1.000000e-03     -1.827991e+00
[itstep]         1    2.000         4.000e-01     -1.1969286975      1.525249e+00      5.958003e+04     -1.807361e+00
[itstep]         2    2.000         4.000e-01     -1.7344557142      4.490886e-01      1.754252e+04     -1.343818e+00
[itstep]         3    2.000         4.000e-01     -1.9425933387      1.200017e-01      4.687566e+03     -5.203441e-01
[itstep]         4    2.000         4.000e-01     -1.9998701326      2.948471e-02      1.151746e+03     -1.431920e-01
[itstep]         5    2.000         4.000e-01     -2.0141295405      7.130167e-03      2.785221e+02     -3.564852e-02
[itstep]         6    2.000         4.000e-01     -2.0176120703      1.729050e-03      6.754100e+01     -8.706325e-03
[itstep]         7    2.000         4.000e-01     -2.0184626393      4.215721e-04      1.646766e+01     -2.126422e-03
[itstep]         8    2.000         4.000e-01     -2.0186710440      1.032492e-04      4.033172e+00     -5.210117e-04
[itstep]         9    2.000         4.000e-01     -2.0187222528      2.536761e-05      9.909222e-01     -1.280221e-04
[itstep]        10    2.000         4.000e-01     -2.0187348616      6.245914e-06      2.439810e-01     -3.152191e-05
[itstep]        11    2.000         4.000e-01     -2.0187379704      1.539995e-06      6.015607e-02     -7.772105e-06
[itstep]        12    2.000         4.000e-01     -2.0187387376      3.800479e-07      1.484562e-02     -1.918043e-06
[itstep]        13    2.000         4.000e-01     -2.0187389271      9.384568e-08      3.665847e-03     -4.736248e-07
[update_dt]  (i= 14) Reduced time step from   0.400000 to   0.320000
[update_E0]  (i= 14) Extrapolated energy ground state E0:  -3.597718
[itstep]        14    2.000         3.200e-01     -2.0187389739      2.318232e-08      9.055595e-04     -1.169977e-07
[itstep]        15    2.000         3.200e-01     -2.0188246750      4.245281e-05      4.048615e+00     -2.678161e-04
[itstep]        16    2.000         3.200e-01     -2.0188439151      9.530349e-06      9.088849e-01     -6.012532e-05
[itstep]        17    2.000         3.200e-01     -2.0188488712      2.454893e-06      2.341169e-01     -1.548764e-05
[itstep]        18    2.000         3.200e-01     -2.0188502063      6.613304e-07      6.306939e-02     -4.172269e-06
[itstep]        19    2.000         3.200e-01     -2.0188505707      1.804797e-07      1.721188e-02     -1.138630e-06
[itstep]        20    2.000         3.200e-01     -2.0188506705      4.943181e-08      4.714185e-03     -3.118607e-07
[itstep]        21    2.000         3.200e-01     -2.0188506978      1.355254e-08      1.292471e-03     -8.550172e-08
[update_dt]  (i= 22) Reduced time step from   0.320000 to   0.256000
[update_E0]  (i= 22) Extrapolated energy ground state E0:  -2.018928
[itstep]        22    2.000         2.560e-01     -2.0188507053      3.716714e-09      3.544535e-04     -2.344841e-08
[itstep]        23    2.000         2.560e-01     -2.0188845268      1.675284e-05      3.900575e+00     -1.321152e-04
[itstep]        24    2.000         2.560e-01     -2.0188944799      4.929981e-06      1.147851e+00     -3.887915e-05
[itstep]        25    2.000         2.560e-01     -2.0188977561      1.622772e-06      3.778309e-01     -1.279767e-05
[itstep]        26    2.000         2.560e-01     -2.0188988875      5.603921e-07      1.304764e-01     -4.419431e-06
[itstep]        27    2.000         2.560e-01     -2.0188992854      1.970979e-07      4.589043e-02     -1.554378e-06
[itstep]        28    2.000         2.560e-01     -2.0188994263      6.978719e-08      1.624860e-02     -5.503645e-07
[itstep]        29    2.000         2.560e-01     -2.0188994763      2.476917e-08      5.767021e-03     -1.953377e-07
[itstep]        30    2.000         2.560e-01     -2.0188994940      8.798701e-09      2.048607e-03     -6.938942e-08
[update_dt]  (i= 31) Reduced time step from   0.256000 to   0.204800
[update_E0]  (i= 31) Extrapolated energy ground state E0:  -2.018933
[itstep]        31    2.000         2.048e-01     -2.0188995004      3.126497e-09      7.279443e-04     -2.465658e-08
[itstep]        32    2.000         2.048e-01     -2.0189123287      6.354109e-06      3.611893e+00     -6.263822e-05
[itstep]        33    2.000         2.048e-01     -2.0189170477      2.337422e-06      1.328671e+00     -2.304224e-05
[itstep]        34    2.000         2.048e-01     -2.0189189408      9.376989e-07      5.330201e-01     -9.243829e-06
[itstep]        35    2.000         2.048e-01     -2.0189197360      3.938602e-07      2.238836e-01     -3.882675e-06
[itstep]        36    2.000         2.048e-01     -2.0189200774      1.691163e-07      9.613150e-02     -1.667150e-06
[itstep]        37    2.000         2.048e-01     -2.0189202255      7.334834e-08      4.169370e-02     -7.230685e-07
[itstep]        38    2.000         2.048e-01     -2.0189202900      3.195493e-08      1.816427e-02     -3.150119e-07
[itstep]        39    2.000         2.048e-01     -2.0189203182      1.394896e-08      7.929066e-03     -1.375090e-07
[itstep]        40    2.000         2.048e-01     -2.0189203305      6.094268e-09      3.464190e-03     -6.007735e-08
[itstep]        41    2.000         2.048e-01     -2.0189203359      2.663582e-09      1.514071e-03     -2.625761e-08
[update_dt]  (i= 42) Reduced time step from   0.204800 to   0.163840
[update_E0]  (i= 42) Extrapolated energy ground state E0:  -2.018935
[itstep]        42    2.000         1.638e-01     -2.0189203382      1.164346e-09      6.618540e-04     -1.147813e-08
[itstep]        43    2.000         1.638e-01     -2.0189250565      2.337013e-06      3.243257e+00     -2.879787e-05
[itstep]        44    2.000         1.638e-01     -2.0189271432      1.033598e-06      1.434405e+00     -1.273655e-05
[itstep]        45    2.000         1.638e-01     -2.0189281274      4.874443e-07      6.764649e-01     -6.006558e-06
[itstep]        46    2.000         1.638e-01     -2.0189286105      2.392906e-07      3.320825e-01     -2.948673e-06
[itstep]        47    2.000         1.638e-01     -2.0189288532      1.202107e-07      1.668259e-01     -1.481304e-06
[itstep]        48    2.000         1.638e-01     -2.0189289766      6.115615e-08      8.487121e-02     -7.536006e-07
[itstep]        49    2.000         1.638e-01     -2.0189290399      3.132227e-08      4.346838e-02     -3.859706e-07
[itstep]        50    2.000         1.638e-01     -2.0189290724      1.609887e-08      2.234167e-02     -1.983794e-07
[itstep]        51    2.000         1.638e-01     -2.0189290891      8.289591e-09      1.150412e-02     -1.021490e-07
[itstep]        52    2.000         1.638e-01     -2.0189290977      4.272511e-09      5.929300e-03     -5.264829e-08
[itstep]        53    2.000         1.638e-01     -2.0189291022      2.203161e-09      3.057501e-03     -2.714860e-08
[itstep]        54    2.000         1.638e-01     -2.0189291045      1.136370e-09      1.577031e-03     -1.400300e-08
[update_dt]  (i= 55) Reduced time step from   0.163840 to   0.131072
[update_E0]  (i= 55) Extrapolated energy ground state E0:  -2.018935
[itstep]        55    2.000         1.311e-01     -2.0189291057      5.862054e-10      8.135234e-04     -7.223554e-09
[itstep]        56    2.000         1.311e-01     -2.0189308002      8.393408e-07      2.843797e+00     -1.292854e-05
[itstep]        57    2.000         1.311e-01     -2.0189316726      4.321180e-07      1.464073e+00     -6.656008e-06
[itstep]        58    2.000         1.311e-01     -2.0189321429      2.329190e-07      7.891602e-01     -3.587704e-06
[itstep]        59    2.000         1.311e-01     -2.0189324047      1.296951e-07      4.394241e-01     -1.997723e-06
[itstep]        60    2.000         1.311e-01     -2.0189325537      7.378970e-08      2.500092e-01     -1.136600e-06
[itstep]        61    2.000         1.311e-01     -2.0189326396      4.255935e-08      1.441967e-01     -6.555516e-07
[itstep]        62    2.000         1.311e-01     -2.0189326896      2.475394e-08      8.386960e-02     -3.812907e-07
[itstep]        63    2.000         1.311e-01     -2.0189327188      1.447110e-08      4.902999e-02     -2.229017e-07
[itstep]        64    2.000         1.311e-01     -2.0189327360      8.485554e-09      2.875018e-02     -1.307050e-07
[itstep]        65    2.000         1.311e-01     -2.0189327460      4.984764e-09      1.688904e-02     -7.678149e-08
[itstep]        66    2.000         1.311e-01     -2.0189327519      2.931395e-09      9.931953e-03     -4.515297e-08
[itstep]        67    2.000         1.311e-01     -2.0189327554      1.724960e-09      5.844393e-03     -2.656997e-08
[itstep]        68    2.000         1.311e-01     -2.0189327575      1.015420e-09      3.440377e-03     -1.564075e-08
[itstep]        69    2.000         1.311e-01     -2.0189327587      5.978731e-10      2.025673e-03     -9.209179e-09
[itstep]        70    2.000         1.311e-01     -2.0189327594      3.520689e-10      1.192856e-03     -5.423000e-09
[update_dt]  (i= 71) Reduced time step from   0.131072 to   0.104858
[update_E0]  (i= 71) Extrapolated energy ground state E0:  -2.018935
[itstep]        71    2.000         1.049e-01     -2.0189327598      2.073389e-10      7.024916e-04     -3.193690e-09
[itstep]        72    2.000         1.049e-01     -2.0189333571      2.958268e-07      2.447022e+00     -5.695863e-06
[itstep]        73    2.000         1.049e-01     -2.0189337055      1.725732e-07      1.427492e+00     -3.322733e-06
[itstep]        74    2.000         1.049e-01     -2.0189339153      1.039390e-07      8.597633e-01     -2.001247e-06
[itstep]        75    2.000         1.049e-01     -2.0189340449      6.417343e-08      5.308302e-01     -1.235599e-06
[itstep]        76    2.000         1.049e-01     -2.0189341264      4.035434e-08      3.338033e-01     -7.769848e-07
[itstep]        77    2.000         1.049e-01     -2.0189341783      2.570929e-08      2.126623e-01     -4.950081e-07
[itstep]        78    2.000         1.049e-01     -2.0189342116      1.652783e-08      1.367150e-01     -3.182277e-07
[itstep]        79    2.000         1.049e-01     -2.0189342332      1.069084e-08      8.843257e-02     -2.058421e-07
[itstep]        80    2.000         1.049e-01     -2.0189342472      6.943871e-09      5.743835e-02     -1.336977e-07
[itstep]        81    2.000         1.049e-01     -2.0189342564      4.522573e-09      3.740985e-02     -8.707789e-08
[itstep]        82    2.000         1.049e-01     -2.0189342623      2.950942e-09      2.440962e-02     -5.681760e-08
[itstep]        83    2.000         1.049e-01     -2.0189342662      1.927778e-09      1.594621e-02     -3.711755e-08
[itstep]        84    2.000         1.049e-01     -2.0189342688      1.260365e-09      1.042549e-02     -2.426714e-08
[itstep]        85    2.000         1.049e-01     -2.0189342704      8.244449e-10      6.819649e-03     -1.587391e-08
[itstep]        86    2.000         1.049e-01     -2.0189342715      5.394786e-10      4.462463e-03     -1.038715e-08
[itstep]        87    2.000         1.049e-01     -2.0189342722      3.530890e-10      2.920684e-03     -6.798397e-09
[itstep]        88    2.000         1.049e-01     -2.0189342727      2.311308e-10      1.911869e-03     -4.450205e-09
[itstep]        89    2.000         1.049e-01     -2.0189342730      1.513118e-10      1.251622e-03     -2.913366e-09
[update_dt]  (i= 90) Reduced time step from   0.104858 to   0.083886
[update_E0]  (i= 90) Extrapolated energy ground state E0:  -2.018935
[itstep]        90    2.000         8.389e-02     -2.0189342732      9.906327e-11      8.194322e-04     -1.907370e-09

[info]       steps       dt                E0                 E
[output]        91    0.084     -2.0189353231     -2.0189342732
