[conf]                N               2
[conf]                J            0.828
[conf]             beta           1.000
[conf]              dt0       4.000e-01
[conf]        eps_trunc       1.000e-04
[conf]           eps_dt       9.000e-02
[conf]          eps_tol       1.000e-03
[conf]             Dmax              10
[conf]           dt_red           0.800
[conf]         phys_gap       1.000e-03
[info]           i      MBD                dt                 E           rel_err           exp_err             slope
[itstep]         0    2.000         4.000e-01     -1.9243210669      1.000000e+00      1.000000e-03     -8.417642e-01
[itstep]         1    2.000         4.000e-01     -2.0741824346      7.787753e-02      3.042091e+03     -3.746534e-01
[itstep]         2    2.000         4.000e-01     -2.1315481738      2.765704e-02      1.080353e+03     -1.434143e-01
[itstep]         3    2.000         4.000e-01     -2.1517267166      9.466614e-03      3.697896e+02     -5.044636e-02
[itstep]         4    2.000         4.000e-01     -2.1585936832      3.191375e-03      1.246631e+02     -1.716742e-02
[itstep]         5    2.000         4.000e-01     -2.1609037426      1.070169e-03      4.180347e+01     -5.775149e-03
[itstep]         6    2.000         4.000e-01     -2.1616778735      3.582440e-04      1.399391e+01     -1.935327e-03
[itstep]         7    2.000         4.000e-01     -2.1619369763      1.198619e-04      4.682105e+00     -6.477570e-04
[itstep]         8    2.000         4.000e-01     -2.1620236659      4.009814e-05      1.566333e+00     -2.167241e-04
[itstep]         9    2.000         4.000e-01     -2.1620526672      1.341394e-05      5.239819e-01     -7.250312e-05
[itstep]        10    2.000         4.000e-01     -2.1620623690      4.487344e-06      1.752869e-01     -2.425469e-05
[itstep]        11    2.000         4.000e-01     -2.1620656146      1.501154e-06      5.863884e-02     -8.113973e-06
[itstep]        12    2.000         4.000e-01     -2.1620667004      5.021847e-07      1.961659e-02     -2.714391e-06
[itstep]        13    2.000         4.000e-01     -2.1620670636      1.679976e-07      6.562407e-03     -9.080551e-07
[itstep]        14    2.000         4.000e-01     -2.1620671851      5.620093e-08      2.195349e-03     -3.037755e-07
[update_dt]  (i= 15) Reduced time step from   0.400000 to   0.320000
[update_E0]  (i= 15) Extrapolated energy ground state E0:  -2.560603
[itstep]        15    2.000         3.200e-01     -2.1620672258      1.880115e-08      7.344199e-04     -1.016234e-07
[itstep]        16    2.000         3.200e-01     -2.1631452472      4.986068e-04      4.755085e+01     -3.368817e-03
[itstep]        17    2.000         3.200e-01     -2.1633622337      1.003106e-04      9.566366e+00     -6.780826e-04
[itstep]        18    2.000         3.200e-01     -2.1634128154      2.338108e-05      2.229793e+00     -1.580679e-04
[itstep]        19    2.000         3.200e-01     -2.1634251236      5.689241e-06      5.425683e-01     -3.846305e-05
[itstep]        20    2.000         3.200e-01     -2.1634281520      1.399835e-06      1.334987e-01     -9.463872e-06
[itstep]        21    2.000         3.200e-01     -2.1634288993      3.453979e-07      3.293971e-02     -2.335136e-06
[itstep]        22    2.000         3.200e-01     -2.1634290838      8.528775e-08      8.133674e-03     -5.766062e-07
[itstep]        23    2.000         3.200e-01     -2.1634291293      2.106546e-08      2.008959e-03     -1.424176e-07
[update_dt]  (i= 24) Reduced time step from   0.320000 to   0.256000
[update_E0]  (i= 24) Extrapolated energy ground state E0:  -2.164374
[itstep]        24    2.000         2.560e-01     -2.1634291406      5.204124e-09      4.963039e-04     -3.518360e-08
[itstep]        25    2.000         2.560e-01     -2.1638573834      1.979463e-04      4.608797e+01     -1.672823e-03
[itstep]        26    2.000         2.560e-01     -2.1639730095      5.343518e-05      1.244135e+01     -4.516645e-04
[itstep]        27    2.000         2.560e-01     -2.1640082558      1.628775e-05      3.792288e+00     -1.376807e-04
[itstep]        28    2.000         2.560e-01     -2.1640195257      5.207894e-06      1.212557e+00     -4.402315e-05
[itstep]        29    2.000         2.560e-01     -2.1640231900      1.693304e-06      3.942531e-01     -1.431384e-05
[itstep]        30    2.000         2.560e-01     -2.1640243882      5.536633e-07      1.289098e-01     -4.680235e-06
[itstep]        31    2.000         2.560e-01     -2.1640247807      1.813685e-07      4.222814e-02     -1.533148e-06
[itstep]        32    2.000         2.560e-01     -2.1640249093      5.944874e-08      1.384149e-02     -5.025334e-07
[itstep]        33    2.000         2.560e-01     -2.1640249515      1.948993e-08      4.537853e-03     -1.647527e-07
[itstep]        34    2.000         2.560e-01     -2.1640249653      6.390083e-09      1.487807e-03     -5.401679e-08
[update_dt]  (i= 35) Reduced time step from   0.256000 to   0.204800
[update_E0]  (i= 35) Extrapolated energy ground state E0:  -2.164438
[itstep]        35    2.000         2.048e-01     -2.1640249698      2.095134e-09      4.878115e-04     -1.771064e-08
[itstep]        36    2.000         2.048e-01     -2.1641882181      7.543732e-05      4.288115e+01     -7.971105e-04
[itstep]        37    2.000         2.048e-01     -2.1642442675      2.589857e-05      1.472163e+01     -2.736786e-04
[itstep]        38    2.000         2.048e-01     -2.1642654300      9.778276e-06      5.558306e+00     -1.033329e-04
[itstep]        39    2.000         2.048e-01     -2.1642738073      3.870708e-06      2.200243e+00     -4.090449e-05
[itstep]        40    2.000         2.048e-01     -2.1642771944      1.564995e-06      8.895968e-01     -1.653847e-05
[itstep]        41    2.000         2.048e-01     -2.1642785762      6.384880e-07      3.629384e-01     -6.747387e-06
[itstep]        42    2.000         2.048e-01     -2.1642791421      2.614724e-07      1.486298e-01     -2.763179e-06
[itstep]        43    2.000         2.048e-01     -2.1642793742      1.072442e-07      6.096128e-02     -1.133332e-06
[itstep]        44    2.000         2.048e-01     -2.1642794695      4.401491e-08      2.501958e-02     -4.651395e-07
[itstep]        45    2.000         2.048e-01     -2.1642795086      1.806925e-08      1.027118e-02     -1.909516e-07
[itstep]        46    2.000         2.048e-01     -2.1642795247      7.418688e-09      4.217036e-03     -7.839899e-08
[itstep]        47    2.000         2.048e-01     -2.1642795313      3.046025e-09      1.731465e-03     -3.218970e-08
[update_dt]  (i= 48) Reduced time step from   0.204800 to   0.163840
[update_E0]  (i= 48) Extrapolated energy ground state E0:  -2.164456
[itstep]        48    2.000         1.638e-01     -2.1642795340      1.250684e-09      7.109317e-04     -1.321694e-08
[itstep]        49    2.000         1.638e-01     -2.1643398367      2.786271e-05      3.866728e+01     -3.680585e-04
[itstep]        50    2.000         1.638e-01     -2.1643650592      1.165368e-05      1.617274e+01     -1.539461e-04
[itstep]        51    2.000         1.638e-01     -2.1643763867      5.233650e-06      7.263148e+00     -6.913775e-05
[itstep]        52    2.000         1.638e-01     -2.1643816942      2.452214e-06      3.403131e+00     -3.239450e-05
[itstep]        53    2.000         1.638e-01     -2.1643842392      1.175826e-06      1.631786e+00     -1.553305e-05
[itstep]        54    2.000         1.638e-01     -2.1643854741      5.705900e-07      7.918526e-01     -7.537695e-06
[itstep]        55    2.000         1.638e-01     -2.1643860771      2.785653e-07      3.865870e-01     -3.679948e-06
[itstep]        56    2.000         1.638e-01     -2.1643863723      1.364064e-07      1.893019e-01     -1.801978e-06
[itstep]        57    2.000         1.638e-01     -2.1643865171      6.689406e-08      9.283415e-02     -8.836950e-07
[itstep]        58    2.000         1.638e-01     -2.1643865881      3.282904e-08      4.555944e-02     -4.336837e-07
[itstep]        59    2.000         1.638e-01     -2.1643866230      1.611704e-08      2.236688e-02     -2.129120e-07
[itstep]        60    2.000         1.638e-01     -2.1643866402      7.913872e-09      1.098270e-02     -1.045452e-07
[itstep]        61    2.000         1.638e-01     -2.1643866486      3.886248e-09      5.393253e-03     -5.133877e-08
[itstep]        62    2.000         1.638e-01     -2.1643866527      1.908494e-09      2.648567e-03     -2.521190e-08
[itstep]        63    2.000         1.638e-01     -2.1643866547      9.372601e-10      1.300710e-03     -1.238155e-08
[update_dt]  (i= 64) Reduced time step from   0.163840 to   0.131072
[update_E0]  (i= 64) Extrapolated energy ground state E0:  -2.164461
[itstep]        64    2.000         1.311e-01     -2.1643866557      4.602919e-10      6.387834e-04     -6.080626e-09
[itstep]        65    2.000         1.311e-01     -2.1644083930      1.004318e-05      3.402762e+01     -1.658426e-04
[itstep]        66    2.000         1.311e-01     -2.1644190877      4.941150e-06      1.674127e+01     -8.159384e-05
[itstep]        67    2.000         1.311e-01     -2.1644246264      2.558982e-06      8.670169e+00     -4.225700e-05
[itstep]        68    2.000         1.311e-01     -2.1644275972      1.372559e-06      4.650409e+00     -2.266540e-05
[itstep]        69    2.000         1.311e-01     -2.1644292266      7.527922e-07      2.550559e+00     -1.243106e-05
[itstep]        70    2.000         1.311e-01     -2.1644301324      4.184993e-07      1.417931e+00     -6.910798e-06
[itstep]        71    2.000         1.311e-01     -2.1644306400      2.345198e-07      7.945838e-01     -3.872693e-06
[itstep]        72    2.000         1.311e-01     -2.1644309258      1.320302e-07      4.473356e-01     -2.180253e-06
[itstep]        73    2.000         1.311e-01     -2.1644310871      7.452812e-08      2.525111e-01     -1.230705e-06
[itstep]        74    2.000         1.311e-01     -2.1644311783      4.213329e-08      1.427532e-01     -6.957597e-07
[itstep]        75    2.000         1.311e-01     -2.1644312299      2.383994e-08      8.077287e-02     -3.936761e-07
[itstep]        76    2.000         1.311e-01     -2.1644312591      1.349577e-08      4.572544e-02     -2.228597e-07
[itstep]        77    2.000         1.311e-01     -2.1644312756      7.642064e-09      2.589232e-02     -1.261957e-07
[itstep]        78    2.000         1.311e-01     -2.1644312850      4.328049e-09      1.466400e-02     -7.147037e-08
[itstep]        79    2.000         1.311e-01     -2.1644312903      2.451390e-09      8.305633e-03     -4.048054e-08
[itstep]        80    2.000         1.311e-01     -2.1644312933      1.388527e-09      4.704514e-03     -2.292917e-08
[itstep]        81    2.000         1.311e-01     -2.1644312950      7.865188e-10      2.664829e-03     -1.298802e-08
[itstep]        82    2.000         1.311e-01     -2.1644312960      4.455231e-10      1.509491e-03     -7.357057e-09
[update_dt]  (i= 83) Reduced time step from   0.131072 to   0.104858
[update_E0]  (i= 83) Extrapolated energy ground state E0:  -2.164462
[itstep]        83    2.000         1.049e-01     -2.1644312965      2.523693e-10      8.550603e-04     -4.167450e-09
[itstep]        84    2.000         1.049e-01     -2.1644389831      3.551337e-06      2.937597e+01     -7.330536e-05
[itstep]        85    2.000         1.049e-01     -2.1644433046      1.996553e-06      1.651510e+01     -4.121224e-05
[itstep]        86    2.000         1.049e-01     -2.1644458229      1.163518e-06      9.624395e+00     -2.401703e-05
[itstep]        87    2.000         1.049e-01     -2.1644473310      6.967409e-07      5.763305e+00     -1.438196e-05
[itstep]        88    2.000         1.049e-01     -2.1644482518      4.254271e-07      3.519050e+00     -8.781571e-06
[itstep]        89    2.000         1.049e-01     -2.1644488216      2.632685e-07      2.177706e+00     -5.434333e-06
[itstep]        90    2.000         1.049e-01     -2.1644491774      1.643878e-07      1.359784e+00     -3.393258e-06
[itstep]        91    2.000         1.049e-01     -2.1644494009      1.032526e-07      8.540854e-01     -2.131319e-06
[itstep]        92    2.000         1.049e-01     -2.1644495418      6.510207e-08      5.385117e-01     -1.343824e-06
[itstep]        93    2.000         1.049e-01     -2.1644496309      4.114899e-08      3.403765e-01     -8.493893e-07
[itstep]        94    2.000         1.049e-01     -2.1644496873      2.605011e-08      2.154814e-01     -5.377211e-07
[itstep]        95    2.000         1.049e-01     -2.1644497230      1.650812e-08      1.365520e-01     -3.407574e-07
[itstep]        96    2.000         1.049e-01     -2.1644497457      1.046803e-08      8.658952e-02     -2.160790e-07
[itstep]        97    2.000         1.049e-01     -2.1644497600      6.640639e-09      5.493008e-02     -1.370747e-07
[itstep]        98    2.000         1.049e-01     -2.1644497692      4.213739e-09      3.485523e-02     -8.697916e-08
[itstep]        99    2.000         1.049e-01     -2.1644497750      2.674219e-09      2.212062e-02     -5.520071e-08
[itstep]       100    2.000         1.049e-01     -2.1644497786      1.697353e-09      1.404018e-02     -3.503643e-08
[itstep]       101    2.000         1.049e-01     -2.1644497810      1.077398e-09      8.912027e-03     -2.223943e-08
[itstep]       102    2.000         1.049e-01     -2.1644497824      6.839085e-10      5.657159e-03     -1.411710e-08
[itstep]       103    2.000         1.049e-01     -2.1644497834      4.341432e-10      3.591149e-03     -8.961498e-09
[itstep]       104    2.000         1.049e-01     -2.1644497840      2.755965e-10      2.279681e-03     -5.688809e-09
[itstep]       105    2.000         1.049e-01     -2.1644497844      1.749520e-10      1.447169e-03     -3.611325e-09
[update_dt]  (i=106) Reduced time step from   0.104858 to   0.083886
[update_E0]  (i=106) Extrapolated energy ground state E0:  -2.164463
[itstep]       106    2.000         8.389e-02     -2.1644497846      1.110632e-10      9.186936e-04     -2.292545e-09

[info]       steps       dt                E0                 E
[output]       107    0.084     -2.1644626110     -2.1644497846
