[conf]                N               3
[conf]                J            3.862
[conf]             beta           1.000
[conf]              dt0       4.000e-01
[conf]        eps_trunc       1.000e-04
[conf]           eps_dt       9.000e-02
[conf]          eps_tol       1.000e-03
[conf]             Dmax              10
[conf]           dt_red           0.800
[conf]         phys_gap       1.000e-03
[info]           i      MBD                dt                 E           rel_err           exp_err             slope
[itstep]         0    2.000         4.000e-01     -7.6882058279      1.000000e+00      1.000000e-03     -2.225919e+01
[itstep]         1    2.000         4.000e-01     -7.6885151358      4.023147e-05      1.571542e+00     -7.732696e-04
[itstep]         2    2.000         4.000e-01     -7.6866153987     -2.470876e-04      9.651861e+00      4.749343e-03
[itstep]         3    2.000         4.000e-01     -7.6858600205     -9.827189e-05      3.838746e+00      1.888446e-03
[itstep]         4    2.000         4.000e-01     -7.6852945163     -7.357722e-05      2.874110e+00      1.413761e-03
[itstep]         5    2.000         4.000e-01     -7.6848486433     -5.801638e-05      2.266265e+00      1.114682e-03
[itstep]         6    2.000         4.000e-01     -7.6844975454     -4.568703e-05      1.784650e+00      8.777449e-04
[itstep]         7    2.000         4.000e-01     -7.6842220301     -3.585338e-05      1.400523e+00      6.887881e-04
[itstep]         8    2.000         4.000e-01     -7.6840064412     -2.805605e-05      1.095939e+00      5.389722e-04
[itstep]         9    2.000         4.000e-01     -7.6838381212     -2.190525e-05      8.556738e-01      4.208002e-04
[itstep]        10    2.000         4.000e-01     -7.6837069354     -1.707295e-05      6.669122e-01      3.279645e-04
[itstep]        11    2.000         4.000e-01     -7.6836048305     -1.328849e-05      5.190815e-01      2.552621e-04
[itstep]        12    2.000         4.000e-01     -7.6835254443     -1.033191e-05      4.035901e-01      1.984657e-04
[itstep]        13    2.000         4.000e-01     -7.6834637725     -8.026497e-06      3.135351e-01      1.541795e-04
[itstep]        14    2.000         4.000e-01     -7.6834158930     -6.231500e-06      2.434180e-01      1.196988e-04
[itstep]        15    2.000         4.000e-01     -7.6833787397     -4.835511e-06      1.888872e-01      9.288311e-05
[itstep]        16    2.000         4.000e-01     -7.6833499209     -3.750801e-06      1.465157e-01      7.204706e-05
[itstep]        17    2.000         4.000e-01     -7.6833275736     -2.908541e-06      1.136149e-01      5.586834e-05
[itstep]        18    2.000         4.000e-01     -7.6833102485     -2.254889e-06      8.808160e-02      4.331263e-05
[itstep]        19    2.000         4.000e-01     -7.6832968195     -1.747820e-06      6.827422e-02      3.357261e-05
[itstep]        20    2.000         4.000e-01     -7.6832864118     -1.354589e-06      5.291363e-02      2.601927e-05
[itstep]        21    2.000         4.000e-01     -7.6832783465     -1.049714e-06      4.100447e-02      2.016314e-05
[itstep]        22    2.000         4.000e-01     -7.6832720970     -8.133889e-07      3.177301e-02      1.562373e-05
[itstep]        23    2.000         4.000e-01     -7.6832672548     -6.302271e-07      2.461825e-02      1.210552e-05
[itstep]        24    2.000         4.000e-01     -7.6832635032     -4.882857e-07      1.907366e-02      9.379074e-06
[itstep]        25    2.000         4.000e-01     -7.6832605966     -3.782979e-07      1.477726e-02      7.266406e-06
[itstep]        26    2.000         4.000e-01     -7.6832583448     -2.930763e-07      1.144829e-02      5.629454e-06
[itstep]        27    2.000         4.000e-01     -7.6832566004     -2.270478e-07      8.869055e-03      4.361167e-06
[itstep]        28    2.000         4.000e-01     -7.6832552489     -1.758919e-07      6.870779e-03      3.378557e-06
[itstep]        29    2.000         4.000e-01     -7.6832542020     -1.362600e-07      5.322658e-03      2.617302e-06
[itstep]        30    2.000         4.000e-01     -7.6832533910     -1.055568e-07      4.123314e-03      2.027550e-06
[itstep]        31    2.000         4.000e-01     -7.6832527627     -8.177122e-08      3.194188e-03      1.570673e-06
[itstep]        32    2.000         4.000e-01     -7.6832522760     -6.334492e-08      2.474411e-03      1.216738e-06
[itstep]        33    2.000         4.000e-01     -7.6832518990     -4.907055e-08      1.916818e-03      9.425535e-07
[itstep]        34    2.000         4.000e-01     -7.6832516069     -3.801266e-08      1.484869e-03      7.301521e-07
[itstep]        35    2.000         4.000e-01     -7.6832513807     -2.944655e-08      1.150256e-03      5.656130e-07
[update_dt]  (i= 36) Reduced time step from   0.400000 to   0.320000
[update_E0]  (i= 36) Extrapolated energy ground state E0: -13.856890
[itstep]        36    2.000         3.200e-01     -7.6832512054     -2.281074e-08      8.910446e-04      4.381516e-07
[itstep]        37    2.000         3.200e-01     -7.8861880792      2.641289e-02      2.518930e+03     -6.341777e-01
[itstep]        38    2.000         3.200e-01     -7.8934595990      9.220576e-04      8.793427e+01     -2.272350e-02
[itstep]        39    2.000         3.200e-01     -7.8940432365      7.393938e-05      7.051408e+00     -1.823867e-03
[itstep]        40    2.000         3.200e-01     -7.8940938094      6.406472e-06      6.109688e-01     -1.580405e-04
[itstep]        41    2.000         3.200e-01     -7.8940982508      5.626197e-07      5.365559e-02     -1.387929e-05
[itstep]        42    2.000         3.200e-01     -7.8940986722      5.338010e-08      5.090723e-03     -1.316837e-06
[update_dt]  (i= 43) Reduced time step from   0.320000 to   0.256000
[update_E0]  (i= 43) Extrapolated energy ground state E0:  -8.040378
[itstep]        43    2.000         2.560e-01     -7.8940987385      8.403585e-09      8.014283e-04     -2.073085e-07
[itstep]        44    2.000         2.560e-01     -7.9997787324      1.338721e-02      3.116954e+03     -4.128125e-01
[itstep]        45    2.000         2.560e-01     -8.0056261275      7.309446e-04      1.701863e+02     -2.284139e-02
[itstep]        46    2.000         2.560e-01     -8.0063544200      9.097259e-05      2.118121e+01     -2.844893e-03
[itstep]        47    2.000         2.560e-01     -8.0064592024      1.308740e-05      3.047148e+00     -4.093061e-04
[itstep]        48    2.000         2.560e-01     -8.0064745633      1.918563e-06      4.467003e-01     -6.000350e-05
[itstep]        49    2.000         2.560e-01     -8.0064768349      2.837208e-07      6.605891e-02     -8.873452e-06
[itstep]        50    2.000         2.560e-01     -8.0064771845      4.366943e-08      1.016758e-02     -1.365775e-06
[itstep]        51    2.000         2.560e-01     -8.0064772505      8.242691e-09      1.919151e-03     -2.577927e-07
[update_dt]  (i= 52) Reduced time step from   0.256000 to   0.204800
[update_E0]  (i= 52) Extrapolated energy ground state E0:  -8.084442
[itstep]        52    2.000         2.048e-01     -8.0064772735      2.861979e-09      6.663563e-04     -8.950925e-08
[itstep]        53    2.000         2.048e-01     -8.0577444401      6.403211e-03      3.639804e+03     -2.503280e-01
[itstep]        54    2.000         2.048e-01     -8.0618561798      5.102842e-04      2.900630e+02     -2.007685e-02
[itstep]        55    2.000         2.048e-01     -8.0625427711      8.516541e-05      4.841093e+01     -3.352496e-03
[itstep]        56    2.000         2.048e-01     -8.0626853779      1.768757e-05      1.005422e+01     -6.963223e-04
[itstep]        57    2.000         2.048e-01     -8.0627163652      3.843292e-06      2.184658e+00     -1.513049e-04
[itstep]        58    2.000         2.048e-01     -8.0627231580      8.425022e-07      4.789070e-01     -3.316824e-05
[itstep]        59    2.000         2.048e-01     -8.0627246538      1.855188e-07      1.054553e-01     -7.303648e-06
[itstep]        60    2.000         2.048e-01     -8.0627249875      4.138715e-08      2.352587e-02     -1.629361e-06
[itstep]        61    2.000         2.048e-01     -8.0627250659      9.720440e-09      5.525430e-03     -3.826818e-07
[itstep]        62    2.000         2.048e-01     -8.0627250879      2.728740e-09      1.551109e-03     -1.074272e-07
[update_dt]  (i= 63) Reduced time step from   0.204800 to   0.163840
[update_E0]  (i= 63) Extrapolated energy ground state E0:  -8.101748
[itstep]        63    2.000         1.638e-01     -8.0627250972      1.153516e-09      6.556977e-04     -4.541249e-08
[itstep]        64    2.000         1.638e-01     -8.0860648072      2.894767e-03      4.017296e+03     -1.424543e-01
[itstep]        65    2.000         1.638e-01     -8.0886968591      3.255047e-04      4.517285e+02     -1.606477e-02
[itstep]        66    2.000         1.638e-01     -8.0892374777      6.683630e-05      9.275401e+01     -3.299674e-03
[itstep]        67    2.000         1.638e-01     -8.0893819010      1.785376e-05      2.477706e+01     -8.814897e-04
[itstep]        68    2.000         1.638e-01     -8.0894239343      5.196109e-06      7.211049e+00     -2.565509e-04
[itstep]        69    2.000         1.638e-01     -8.0894364524      1.547467e-06      2.147541e+00     -7.640451e-05
[itstep]        70    2.000         1.638e-01     -8.0894402035      4.637039e-07      6.435185e-01     -2.289492e-05
[itstep]        71    2.000         1.638e-01     -8.0894413305      1.393224e-07      1.933487e-01     -6.878909e-06
[itstep]        72    2.000         1.638e-01     -8.0894416706      4.203746e-08      5.833869e-02     -2.075559e-06
[itstep]        73    2.000         1.638e-01     -8.0894417744      1.283861e-08      1.781715e-02     -6.338939e-07
[itstep]        74    2.000         1.638e-01     -8.0894418073      4.066144e-09      5.642908e-03     -2.007619e-07
[itstep]        75    2.000         1.638e-01     -8.0894418188      1.423143e-09      1.975008e-03     -7.026632e-08
[update_dt]  (i= 76) Reduced time step from   0.163840 to   0.131072
[update_E0]  (i= 76) Extrapolated energy ground state E0:  -8.107977
[itstep]        76    2.000         1.311e-01     -8.0894418239      6.198901e-10      8.602703e-04     -3.060647e-08
[itstep]        77    2.000         1.311e-01     -8.0994821330      1.241162e-03      4.205221e+03     -7.660148e-02
[itstep]        78    2.000         1.311e-01     -8.1010353968      1.917732e-04      6.497529e+02     -1.185046e-02
[itstep]        79    2.000         1.311e-01     -8.1014148282      4.683739e-05      1.586913e+02     -2.894832e-03
[itstep]        80    2.000         1.311e-01     -8.1015346970      1.479603e-05      5.013090e+01     -9.145263e-04
[itstep]        81    2.000         1.311e-01     -8.1015775215      5.285982e-06      1.790960e+01     -3.267255e-04
[itstep]        82    2.000         1.311e-01     -8.1015935597      1.979641e-06      6.707284e+00     -1.223619e-04
[itstep]        83    2.000         1.311e-01     -8.1015996650      7.535915e-07      2.553267e+00     -4.657968e-05
[itstep]        84    2.000         1.311e-01     -8.1016020022      2.884816e-07      9.774136e-01     -1.783113e-05
[itstep]        85    2.000         1.311e-01     -8.1016028989      1.106853e-07      3.750163e-01     -6.841492e-06
[itstep]        86    2.000         1.311e-01     -8.1016032436      4.254570e-08      1.441504e-01     -2.629763e-06
[itstep]        87    2.000         1.311e-01     -8.1016033765      1.640771e-08      5.559147e-02     -1.014166e-06
[itstep]        88    2.000         1.311e-01     -8.1016034282      6.376619e-09      2.160482e-02     -3.941409e-07
[itstep]        89    2.000         1.311e-01     -8.1016034487      2.524762e-09      8.554225e-03     -1.560563e-07
[itstep]        90    2.000         1.311e-01     -8.1016034571      1.043876e-09      3.536790e-03     -6.452233e-08
[itstep]        91    2.000         1.311e-01     -8.1016034609      4.728445e-10      1.602060e-03     -2.922668e-08
[update_dt]  (i= 92) Reduced time step from   0.131072 to   0.104858
[update_E0]  (i= 92) Extrapolated energy ground state E0:  -8.110041
[itstep]        92    2.000         1.049e-01     -8.1016034630      2.510283e-10      8.505168e-04     -1.551614e-08
[itstep]        93    2.000         1.049e-01     -8.1057167337      5.077107e-04      4.199684e+03     -3.922721e-02
[itstep]        94    2.000         1.049e-01     -8.1065646366      1.046055e-04      8.652767e+02     -8.086232e-03
[itstep]        95    2.000         1.049e-01     -8.1068092499      3.017472e-05      2.495995e+02     -2.332815e-03
[itstep]        96    2.000         1.049e-01     -8.1068967082      1.078825e-05      8.923834e+01     -8.340674e-04
[itstep]        97    2.000         1.049e-01     -8.1069325330      4.419043e-06      3.655347e+01     -3.416512e-04
[itstep]        98    2.000         1.049e-01     -8.1069482990      1.944755e-06      1.608664e+01     -1.503563e-04
[itstep]        99    2.000         1.049e-01     -8.1069554702      8.845836e-07      7.317104e+00     -6.839059e-05
[itstep]       100    2.000         1.049e-01     -8.1069587788      4.081119e-07      3.375822e+00     -3.155274e-05
[itstep]       101    2.000         1.049e-01     -8.1069603144      1.894187e-07      1.566834e+00     -1.464471e-05
[itstep]       102    2.000         1.049e-01     -8.1069610290      8.814777e-08      7.291412e-01     -6.815056e-06
[itstep]       103    2.000         1.049e-01     -8.1069613620      4.107897e-08      3.397973e-01     -3.175980e-06
[itstep]       104    2.000         1.049e-01     -8.1069615174      1.916862e-08      1.585591e-01     -1.482003e-06
[itstep]       105    2.000         1.049e-01     -8.1069615901      8.962574e-09      7.413667e-02     -6.929325e-07
[itstep]       106    2.000         1.049e-01     -8.1069616242      4.206792e-09      3.479777e-02     -3.252440e-07
[itstep]       107    2.000         1.049e-01     -8.1069616403      1.990016e-09      1.646103e-02     -1.538561e-07
[itstep]       108    2.000         1.049e-01     -8.1069616481      9.562373e-10      7.909810e-03     -7.393054e-08
[itstep]       109    2.000         1.049e-01     -8.1069616519      4.737025e-10      3.918375e-03     -3.662384e-08
[itstep]       110    2.000         1.049e-01     -8.1069616539      2.480520e-10      2.051838e-03     -1.917789e-08
[itstep]       111    2.000         1.049e-01     -8.1069616551      1.421248e-10      1.175629e-03     -1.098824e-08
[update_dt]  (i=112) Reduced time step from   0.104858 to   0.083886
[update_E0]  (i=112) Extrapolated energy ground state E0:  -8.110679
[itstep]       112    2.000         8.389e-02     -8.1069616558      9.200639e-11      7.610590e-04     -7.113383e-09

[info]       steps       dt                E0                 E
[output]       113    0.084     -8.1106789929     -8.1069616558
