[conf]                N               5
[conf]                J            0.276
[conf]             beta           1.000
[conf]              dt0       4.000e-01
[conf]        eps_trunc       1.000e-04
[conf]           eps_dt       9.000e-02
[conf]          eps_tol       1.000e-03
[conf]             Dmax              10
[conf]           dt_red           0.800
[conf]         phys_gap       1.000e-03
[info]           i      MBD                dt                 E           rel_err           exp_err             slope
[itstep]         0    3.000         4.000e-01     -2.7457134664      1.000000e+00      1.000000e-03     -5.971358e+00
[itstep]         1    3.000         4.000e-01     -4.2598380512      5.514503e-01      2.154103e+04     -3.785311e+00
[itstep]         2    3.000         4.000e-01     -4.8669961635      1.425308e-01      5.567609e+03     -1.517895e+00
[itstep]         3    3.000         4.000e-01     -5.0253310939      3.253237e-02      1.270796e+03     -3.958373e-01
[itstep]         4    3.000         4.000e-01     -5.0631096413      7.517624e-03      2.936572e+02     -9.444637e-02
[itstep]         5    3.000         4.000e-01     -5.0723073335      1.816609e-03      7.096130e+01     -2.299423e-02
[itstep]         6    3.000         4.000e-01     -5.0746224044      4.564138e-04      1.782866e+01     -5.787677e-03
[itstep]         7    3.000         4.000e-01     -5.0752220125      1.181582e-04      4.615554e+00     -1.499020e-03
[itstep]         8    3.000         4.000e-01     -5.0753808399      3.129466e-05      1.222448e+00     -3.970683e-04
[itstep]         9    3.000         4.000e-01     -5.0754236539      8.435627e-06      3.295167e-01     -1.070350e-04
[itstep]        10    3.000         4.000e-01     -5.0754353556      2.305560e-06      9.006093e-02     -2.925423e-05
[itstep]        11    3.000         4.000e-01     -5.0754385895      6.371700e-07      2.488945e-02     -8.084788e-06
[itstep]        12    3.000         4.000e-01     -5.0754394913      1.776882e-07      6.940947e-03     -2.254614e-06
[itstep]        13    3.000         4.000e-01     -5.0754397447      4.992223e-08      1.950087e-03     -6.334432e-07
[update_dt]  (i= 14) Reduced time step from   0.400000 to   0.320000
[update_E0]  (i= 14) Extrapolated energy ground state E0:  -8.348819
[itstep]        14    3.000         3.200e-01     -5.0754398163      1.411276e-08      5.512797e-04     -1.790711e-07
[itstep]        15    3.000         3.200e-01     -5.0758116311      7.325764e-05      6.986393e+00     -1.161921e-03
[itstep]        16    3.000         3.200e-01     -5.0758903631      1.551122e-05      1.479265e+00     -2.460376e-04
[itstep]        17    3.000         3.200e-01     -5.0759099356      3.855967e-06      3.677337e-01     -6.116396e-05
[itstep]        18    3.000         3.200e-01     -5.0759151192      1.021231e-06      9.739216e-02     -1.619899e-05
[itstep]        19    3.000         3.200e-01     -5.0759165389      2.796917e-07      2.667348e-02     -4.436536e-06
[itstep]        20    3.000         3.200e-01     -5.0759169376      7.854456e-08      7.490593e-03     -1.245893e-06
[itstep]        21    3.000         3.200e-01     -5.0759170521      2.255256e-08      2.150780e-03     -3.577341e-07
[update_dt]  (i= 22) Reduced time step from   0.320000 to   0.256000
[update_E0]  (i= 22) Extrapolated energy ground state E0:  -5.076248
[itstep]        22    3.000         2.560e-01     -5.0759170857      6.610748e-09      6.304500e-04     -1.048613e-07
[itstep]        23    3.000         2.560e-01     -5.0760650736      2.915492e-05      6.788158e+00     -5.780779e-04
[itstep]        24    3.000         2.560e-01     -5.0761064336      8.148040e-06      1.897113e+00     -1.615624e-04
[itstep]        25    3.000         2.560e-01     -5.0761195871      2.591256e-06      6.033238e-01     -5.138082e-05
[itstep]        26    3.000         2.560e-01     -5.0761240261      8.744861e-07      2.036072e-01     -1.733983e-05
[itstep]        27    3.000         2.560e-01     -5.0761255706      3.042714e-07      7.084370e-02     -6.033279e-06
[itstep]        28    3.000         2.560e-01     -5.0761261188      1.080072e-07      2.514739e-02     -2.141634e-06
[itstep]        29    3.000         2.560e-01     -5.0761263166      3.896267e-08      9.071704e-03     -7.725759e-07
[itstep]        30    3.000         2.560e-01     -5.0761263890      1.426119e-08      3.320442e-03     -2.827797e-07
[itstep]        31    3.000         2.560e-01     -5.0761264159      5.291667e-09      1.232062e-03     -1.049264e-07
[update_dt]  (i= 32) Reduced time step from   0.256000 to   0.204800
[update_E0]  (i= 32) Extrapolated energy ground state E0:  -5.076272
[itstep]        32    3.000         2.048e-01     -5.0761264260      1.989097e-09      4.631228e-04     -3.944105e-08
[itstep]        33    3.000         2.048e-01     -5.0761829410      1.113350e-05      6.328660e+00     -2.759523e-04
[itstep]        34    3.000         2.048e-01     -5.0762028177      3.915687e-06      2.225810e+00     -9.705440e-05
[itstep]        35    3.000         2.048e-01     -5.0762105430      1.521858e-06      8.650759e-01     -3.772099e-05
[itstep]        36    3.000         2.048e-01     -5.0762137110      6.240927e-07      3.547556e-01     -1.546888e-05
[itstep]        37    3.000         2.048e-01     -5.0762150488      2.635295e-07      1.497992e-01     -6.531896e-06
[itstep]        38    3.000         2.048e-01     -5.0762156239      1.132942e-07      6.440029e-02     -2.808133e-06
[itstep]        39    3.000         2.048e-01     -5.0762158743      4.934158e-08      2.804744e-02     -1.222991e-06
[itstep]        40    3.000         2.048e-01     -5.0762159846      2.172089e-08      1.234689e-02     -5.383785e-07
[itstep]        41    3.000         2.048e-01     -5.0762160336      9.654764e-09      5.488098e-03     -2.393050e-07
[itstep]        42    3.000         2.048e-01     -5.0762160556      4.330649e-09      2.461689e-03     -1.073404e-07
[itstep]        43    3.000         2.048e-01     -5.0762160655      1.959460e-09      1.113824e-03     -4.856759e-08
[update_dt]  (i= 44) Reduced time step from   0.204800 to   0.163840
[update_E0]  (i= 44) Extrapolated energy ground state E0:  -5.076278
[itstep]        44    3.000         1.638e-01     -5.0762160701      8.940071e-10      5.081842e-04     -2.215905e-08
[itstep]        45    3.000         1.638e-01     -5.0762369748      4.118172e-06      5.715112e+00     -1.275924e-04
[itstep]        46    3.000         1.638e-01     -5.0762458699      1.752293e-06      2.431795e+00     -5.429110e-05
[itstep]        47    3.000         1.638e-01     -5.0762499470      8.031785e-07      1.114634e+00     -2.488484e-05
[itstep]        48    3.000         1.638e-01     -5.0762519036      3.854492e-07      5.349183e-01     -1.194236e-05
[itstep]        49    3.000         1.638e-01     -5.0762528689      1.901595e-07      2.638993e-01     -5.891708e-06
[itstep]        50    3.000         1.638e-01     -5.0762533534      9.544686e-08      1.324591e-01     -2.957229e-06
[itstep]        51    3.000         1.638e-01     -5.0762535995      4.847324e-08      6.727013e-02     -1.501846e-06
[itstep]        52    3.000         1.638e-01     -5.0762537256      2.483670e-08      3.446785e-02     -7.695153e-07
[itstep]        53    3.000         1.638e-01     -5.0762537907      1.282004e-08      1.779137e-02     -3.972031e-07
[itstep]        54    3.000         1.638e-01     -5.0762538245      6.661035e-09      9.244043e-03     -2.063788e-07
[itstep]        55    3.000         1.638e-01     -5.0762538421      3.482208e-09      4.832535e-03     -1.078892e-07
[itstep]        56    3.000         1.638e-01     -5.0762538514      1.831065e-09      2.541113e-03     -5.673188e-08
[itstep]        57    3.000         1.638e-01     -5.0762538564      9.682727e-10      1.343748e-03     -2.999999e-08
[update_dt]  (i= 58) Reduced time step from   0.163840 to   0.131072
[update_E0]  (i= 58) Extrapolated energy ground state E0:  -5.076280
[itstep]        58    3.000         1.311e-01     -5.0762538590      5.148192e-10      7.144552e-04     -1.595064e-08
[itstep]        59    3.000         1.311e-01     -5.0762614017      1.485894e-06      5.034406e+00     -5.754682e-05
[itstep]        60    3.000         1.311e-01     -5.0762651592      7.402025e-07      2.507903e+00     -2.866715e-05
[itstep]        61    3.000         1.311e-01     -5.0762671340      3.890309e-07      1.318088e+00     -1.506671e-05
[itstep]        62    3.000         1.311e-01     -5.0762682112      2.121996e-07      7.189603e-01     -8.218246e-06
[itstep]        63    3.000         1.311e-01     -5.0762688135      1.186490e-07      4.019985e-01     -4.595140e-06
[itstep]        64    3.000         1.311e-01     -5.0762691559      6.744554e-08      2.285144e-01     -2.612089e-06
[itstep]        65    3.000         1.311e-01     -5.0762693527      3.877637e-08      1.313794e-01     -1.501764e-06
[itstep]        66    3.000         1.311e-01     -5.0762694668      2.247769e-08      7.615738e-02     -8.705354e-07
[itstep]        67    3.000         1.311e-01     -5.0762695334      1.311306e-08      4.442878e-02     -5.078540e-07
[itstep]        68    3.000         1.311e-01     -5.0762695724      7.690416e-09      2.605614e-02     -2.978411e-07
[itstep]        69    3.000         1.311e-01     -5.0762695954      4.531136e-09      1.535209e-02     -1.754857e-07
[itstep]        70    3.000         1.311e-01     -5.0762696090      2.681039e-09      9.083713e-03     -1.038336e-07
[itstep]        71    3.000         1.311e-01     -5.0762696171      1.592685e-09      5.396225e-03     -6.168286e-08
[itstep]        72    3.000         1.311e-01     -5.0762696219      9.497614e-10      3.217917e-03     -3.678318e-08
[itstep]        73    3.000         1.311e-01     -5.0762696248      5.684621e-10      1.926024e-03     -2.201589e-08
[itstep]        74    3.000         1.311e-01     -5.0762696266      3.414662e-10      1.156932e-03     -1.322460e-08
[update_dt]  (i= 75) Reduced time step from   0.131072 to   0.104858
[update_E0]  (i= 75) Extrapolated energy ground state E0:  -5.076281
[itstep]        75    3.000         1.049e-01     -5.0762696276      2.058305e-10      6.973810e-04     -7.971583e-09
[itstep]        76    3.000         1.049e-01     -5.0762722963      5.257194e-07      4.348649e+00     -2.545064e-05
[itstep]        77    3.000         1.049e-01     -5.0762738104      2.982758e-07      2.467279e+00     -1.443986e-05
[itstep]        78    3.000         1.049e-01     -5.0762747024      1.757103e-07      1.453441e+00     -8.506331e-06
[itstep]        79    3.000         1.049e-01     -5.0762752430      1.065021e-07      8.809647e-01     -5.155887e-06
[itstep]        80    3.000         1.049e-01     -5.0762755776      6.591474e-08      5.452340e-01     -3.191007e-06
[itstep]        81    3.000         1.049e-01     -5.0762757878      4.141302e-08      3.425605e-01     -2.004851e-06
[itstep]        82    3.000         1.049e-01     -5.0762759214      2.630317e-08      2.175747e-01     -1.273366e-06
[itstep]        83    3.000         1.049e-01     -5.0762760068      1.684030e-08      1.392997e-01     -8.152582e-07
[itstep]        84    3.000         1.049e-01     -5.0762760619      1.084744e-08      8.972795e-02     -5.251371e-07
[itstep]        85    3.000         1.049e-01     -5.0762760975      7.020840e-09      5.807503e-02     -3.398869e-07
[itstep]        86    3.000         1.049e-01     -5.0762761207      4.562175e-09      3.773743e-02     -2.208601e-07
[itstep]        87    3.000         1.049e-01     -5.0762761358      2.974672e-09      2.460591e-02     -1.440073e-07
[itstep]        88    3.000         1.049e-01     -5.0762761457      1.945510e-09      1.609288e-02     -9.418435e-08
[itstep]        89    3.000         1.049e-01     -5.0762761522      1.275996e-09      1.055479e-02     -6.177240e-08
[itstep]        90    3.000         1.049e-01     -5.0762761564      8.391059e-10      6.940921e-03     -4.062207e-08
[itstep]        91    3.000         1.049e-01     -5.0762761592      5.532050e-10      4.576004e-03     -2.678128e-08
[itstep]        92    3.000         1.049e-01     -5.0762761611      3.656080e-10      3.024238e-03     -1.769950e-08
[itstep]        93    3.000         1.049e-01     -5.0762761623      2.422074e-10      2.003493e-03     -1.172554e-08
[itstep]        94    3.000         1.049e-01     -5.0762761631      1.608277e-10      1.330335e-03     -7.785851e-09
[update_dt]  (i= 95) Reduced time step from   0.104858 to   0.083886
[update_E0]  (i= 95) Extrapolated energy ground state E0:  -5.076281
[itstep]        95    3.000         8.389e-02     -5.0762761637      1.070356e-10      8.853777e-04     -5.181716e-09

[info]       steps       dt                E0                 E
[output]        96    0.084     -5.0762806982     -5.0762761637
