[conf]                N               2
[conf]                J            3.448
[conf]             beta           1.000
[conf]              dt0       4.000e-01
[conf]        eps_trunc       1.000e-04
[conf]           eps_dt       9.000e-02
[conf]          eps_tol       1.000e-03
[conf]             Dmax              10
[conf]           dt_red           0.800
[conf]         phys_gap       1.000e-03
[info]           i      MBD                dt                 E           rel_err           exp_err             slope
[itstep]         0    2.000         4.000e-01     -3.5183909471      1.000000e+00      1.000000e-03     -6.383121e+00
[itstep]         1    2.000         4.000e-01     -3.5798059054      1.745541e-02      6.818520e+02     -1.535374e-01
[itstep]         2    2.000         4.000e-01     -3.6407188830      1.701572e-02      6.646766e+02     -1.522824e-01
[itstep]         3    2.000         4.000e-01     -3.7031214711      1.714018e-02      6.695384e+02     -1.560065e-01
[itstep]         4    2.000         4.000e-01     -3.7557797873      1.421998e-02      5.554680e+02     -1.316458e-01
[itstep]         5    2.000         4.000e-01     -3.7934406400      1.002744e-02      3.916968e+02     -9.415213e-02
[itstep]         6    2.000         4.000e-01     -3.8173063026      6.291297e-03      2.457538e+02     -5.966416e-02
[itstep]         7    2.000         4.000e-01     -3.8312903852      3.663338e-03      1.430991e+02     -3.496021e-02
[itstep]         8    2.000         4.000e-01     -3.8391109302      2.041230e-03      7.973555e+01     -1.955136e-02
[itstep]         9    2.000         4.000e-01     -3.8433707864      1.109594e-03      4.334353e+01     -1.064964e-02
[itstep]        10    2.000         4.000e-01     -3.8456578661      5.950713e-04      2.324497e+01     -5.717699e-03
[itstep]        11    2.000         4.000e-01     -3.8468762645      3.168244e-04      1.237595e+01     -3.045996e-03
[itstep]        12    2.000         4.000e-01     -3.8475226539      1.680297e-04      6.563660e+00     -1.615974e-03
[itstep]        13    2.000         4.000e-01     -3.8478648238      8.893250e-05      3.473926e+00     -8.554246e-04
[itstep]        14    2.000         4.000e-01     -3.8480457419      4.701779e-05      1.836633e+00     -4.522953e-04
[itstep]        15    2.000         4.000e-01     -3.8481413410      2.484357e-05      9.704518e-01     -2.389980e-04
[itstep]        16    2.000         4.000e-01     -3.8481918403      1.312301e-05      5.126177e-01     -1.262480e-04
[itstep]        17    2.000         4.000e-01     -3.8482185113      6.930800e-06      2.707344e-01     -6.667762e-05
[itstep]        18    2.000         4.000e-01     -3.8482325963      3.660128e-06      1.429738e-01     -3.521244e-05
[itstep]        19    2.000         4.000e-01     -3.8482400342      1.932813e-06      7.550050e-02     -1.859478e-05
[itstep]        20    2.000         4.000e-01     -3.8482439619      1.020641e-06      3.986879e-02     -9.819179e-06
[itstep]        21    2.000         4.000e-01     -3.8482460359      5.389529e-07      2.105285e-02     -5.185056e-06
[itstep]        22    2.000         4.000e-01     -3.8482471311      2.845940e-07      1.111695e-02     -2.737969e-06
[itstep]        23    2.000         4.000e-01     -3.8482477094      1.502793e-07      5.870285e-03     -1.445780e-06
[itstep]        24    2.000         4.000e-01     -3.8482480148      7.935453e-08      3.099786e-03     -7.634397e-07
[itstep]        25    2.000         4.000e-01     -3.8482481760      4.190288e-08      1.636831e-03     -4.031317e-07
[update_dt]  (i= 26) Reduced time step from   0.400000 to   0.320000
[update_E0]  (i= 26) Extrapolated energy ground state E0:  -5.848452
[itstep]        26    2.000         3.200e-01     -3.8482482612      2.212666e-08      8.643227e-04     -2.128722e-07
[itstep]        27    2.000         3.200e-01     -3.9168608147      1.782955e-02      1.700359e+03     -2.144142e-01
[itstep]        28    2.000         3.200e-01     -3.9207759206      9.995520e-04      9.532470e+01     -1.223471e-02
[itstep]        29    2.000         3.200e-01     -3.9210440844      6.839559e-05      6.522712e+00     -8.380119e-04
[itstep]        30    2.000         3.200e-01     -3.9210627272      4.754544e-06      4.534287e-01     -5.825868e-05
[itstep]        31    2.000         3.200e-01     -3.9210640298      3.322080e-07      3.168182e-02     -4.070651e-06
[itstep]        32    2.000         3.200e-01     -3.9210641241      2.405925e-08      2.294469e-03     -2.948058e-07
[update_dt]  (i= 33) Reduced time step from   0.320000 to   0.256000
[update_E0]  (i= 33) Extrapolated energy ground state E0:  -3.971581
[itstep]        33    2.000         2.560e-01     -3.9210641330      2.274535e-09      2.169166e-04     -2.787062e-08
[itstep]        34    2.000         2.560e-01     -3.9533504930      8.234081e-03      1.917146e+03     -1.261186e-01
[itstep]        35    2.000         2.560e-01     -3.9565508851      8.095392e-04      1.884855e+02     -1.250153e-02
[itstep]        36    2.000         2.560e-01     -3.9569307350      9.600531e-05      2.235298e+01     -1.483789e-03
[itstep]        37    2.000         2.560e-01     -3.9569769772      1.168638e-05      2.720946e+00     -1.806335e-04
[itstep]        38    2.000         2.560e-01     -3.9569826247      1.427222e-06      3.323010e-01     -2.206049e-05
[itstep]        39    2.000         2.560e-01     -3.9569833149      1.744167e-07      4.060955e-02     -2.695952e-06
[itstep]        40    2.000         2.560e-01     -3.9569833993      2.134824e-08      4.970525e-03     -3.299791e-07
[update_dt]  (i= 41) Reduced time step from   0.256000 to   0.204800
[update_E0]  (i= 41) Extrapolated energy ground state E0:  -3.981903
[itstep]        41    2.000         2.048e-01     -3.9569834098      2.636016e-09      6.137454e-04     -4.074482e-08
[itstep]        42    2.000         2.048e-01     -3.9709422719      3.527652e-03      2.005238e+03     -6.815851e-02
[itstep]        43    2.000         2.048e-01     -3.9730810259      5.386012e-04      3.061593e+02     -1.044314e-02
[itstep]        44    2.000         2.048e-01     -3.9734676075      9.730021e-05      5.530877e+01     -1.887606e-03
[itstep]        45    2.000         2.048e-01     -3.9735400908      1.824181e-05      1.036927e+01     -3.539221e-04
[itstep]        46    2.000         2.048e-01     -3.9735537790      3.444834e-06      1.958161e+00     -6.683684e-05
[itstep]        47    2.000         2.048e-01     -3.9735563675      6.514325e-07      3.702965e-01     -1.263917e-05
[itstep]        48    2.000         2.048e-01     -3.9735568571      1.232232e-07      7.004427e-02     -2.390792e-06
[itstep]        49    2.000         2.048e-01     -3.9735569497      2.331159e-08      1.325111e-02     -4.522946e-07
[itstep]        50    2.000         2.048e-01     -3.9735569673      4.411627e-09      2.507720e-03     -8.559498e-08
[update_dt]  (i= 51) Reduced time step from   0.204800 to   0.163840
[update_E0]  (i= 51) Extrapolated energy ground state E0:  -3.985055
[itstep]        51    2.000         1.638e-01     -3.9735569706      8.360181e-10      4.752212e-04     -1.622053e-08
[itstep]        52    2.000         1.638e-01     -3.9792302369      1.427755e-03      1.981408e+03     -3.462687e-02
[itstep]        53    2.000         1.638e-01     -3.9804616857      3.094691e-04      4.294746e+02     -7.516167e-03
[itstep]        54    2.000         1.638e-01     -3.9807697933      7.740499e-05      1.074210e+02     -1.880540e-03
[itstep]        55    2.000         1.638e-01     -3.9808504365      2.025820e-05      2.811391e+01     -4.922073e-04
[itstep]        56    2.000         1.638e-01     -3.9808718123      5.369644e-06      7.451878e+00     -1.304672e-04
[itstep]        57    2.000         1.638e-01     -3.9808774976      1.428166e-06      1.981978e+00     -3.470058e-05
[itstep]        58    2.000         1.638e-01     -3.9808790111      3.801979e-07      5.276305e-01     -9.237800e-06
[itstep]        59    2.000         1.638e-01     -3.9808794141      1.012389e-07      1.404972e-01     -2.459838e-06
[itstep]        60    2.000         1.638e-01     -3.9808795215      2.695972e-08      3.741413e-02     -6.550501e-07
[itstep]        61    2.000         1.638e-01     -3.9808795500      7.179544e-09      9.963619e-03     -1.744440e-07
[itstep]        62    2.000         1.638e-01     -3.9808795577      1.912048e-09      2.653500e-03     -4.645773e-08
[update_dt]  (i= 63) Reduced time step from   0.163840 to   0.131072
[update_E0]  (i= 63) Extrapolated energy ground state E0:  -3.985960
[itstep]        63    2.000         1.311e-01     -3.9808795597      5.092825e-10      7.067715e-04     -1.237422e-08
[itstep]        64    2.000         1.311e-01     -3.9830821173      5.532842e-04      1.874600e+03     -1.680418e-02
[itstep]        65    2.000         1.311e-01     -3.9837159024      1.591193e-04      5.391171e+02     -4.835397e-03
[itstep]        66    2.000         1.311e-01     -3.9839205543      5.137210e-05      1.740554e+02     -1.561370e-03
[itstep]        67    2.000         1.311e-01     -3.9839899202      1.741146e-05      5.899234e+01     -5.292198e-04
[itstep]        68    2.000         1.311e-01     -3.9840138624      6.009594e-06      2.036130e+01     -1.826642e-04
[itstep]        69    2.000         1.311e-01     -3.9840221800      2.087766e-06      7.073627e+00     -6.345893e-05
[itstep]        70    2.000         1.311e-01     -3.9840250763      7.269643e-07      2.463051e+00     -2.209657e-05
[itstep]        71    2.000         1.311e-01     -3.9840260856      2.533333e-07      8.583265e-01     -7.700242e-06
[itstep]        72    2.000         1.311e-01     -3.9840264374      8.830652e-08      2.991941e-01     -2.684139e-06
[itstep]        73    2.000         1.311e-01     -3.9840265600      3.078476e-08      1.043028e-01     -9.357247e-07
[itstep]        74    2.000         1.311e-01     -3.9840266028      1.073233e-08      3.636254e-02     -3.262167e-07
[itstep]        75    2.000         1.311e-01     -3.9840266177      3.741605e-09      1.267705e-02     -1.137287e-07
[itstep]        76    2.000         1.311e-01     -3.9840266229      1.304444e-09      4.419629e-03     -3.964951e-08
[itstep]        77    2.000         1.311e-01     -3.9840266247      4.547773e-10      1.540845e-03     -1.382328e-08
[update_dt]  (i= 78) Reduced time step from   0.131072 to   0.104858
[update_E0]  (i= 78) Extrapolated energy ground state E0:  -3.986210
[itstep]        78    2.000         1.049e-01     -3.9840266253      1.585558e-10      5.372081e-04     -4.819418e-09
[itstep]        79    2.000         1.049e-01     -3.9848525397      2.073064e-04      1.714799e+03     -7.876533e-03
[itstep]        80    2.000         1.049e-01     -3.9851516689      7.506657e-05      6.209361e+02     -2.852719e-03
[itstep]        81    2.000         1.049e-01     -3.9852700804      2.971317e-05      2.457816e+02     -1.129260e-03
[itstep]        82    2.000         1.049e-01     -3.9853191891      1.232254e-05      1.019297e+02     -4.683366e-04
[itstep]        83    2.000         1.049e-01     -3.9853400094      5.224271e-06      4.321416e+01     -1.985587e-04
[itstep]        84    2.000         1.049e-01     -3.9853489245      2.236950e-06      1.850362e+01     -8.502013e-05
[itstep]        85    2.000         1.049e-01     -3.9853527584      9.620076e-07      7.957541e+00     -3.656326e-05
[itstep]        86    2.000         1.049e-01     -3.9853544103      4.144989e-07      3.428655e+00     -1.575398e-05
[itstep]        87    2.000         1.049e-01     -3.9853551227      1.787411e-07      1.478512e+00     -6.793469e-06
[itstep]        88    2.000         1.049e-01     -3.9853554300      7.710447e-08      6.377933e-01     -2.930534e-06
[itstep]        89    2.000         1.049e-01     -3.9853555625      3.326604e-08      2.751702e-01     -1.264353e-06
[itstep]        90    2.000         1.049e-01     -3.9853556197      1.435328e-08      1.187276e-01     -5.455298e-07
[itstep]        91    2.000         1.049e-01     -3.9853556444      6.193183e-09      5.122881e-02     -2.353862e-07
[itstep]        92    2.000         1.049e-01     -3.9853556551      2.672280e-09      2.210458e-02     -1.015662e-07
[itstep]        93    2.000         1.049e-01     -3.9853556597      1.153062e-09      9.537909e-03     -4.382481e-08
[itstep]        94    2.000         1.049e-01     -3.9853556616      4.975349e-10      4.115512e-03     -1.890996e-08
[itstep]        95    2.000         1.049e-01     -3.9853556625      2.146832e-10      1.775818e-03     -8.159532e-09
[update_dt]  (i= 96) Reduced time step from   0.104858 to   0.083886
[update_E0]  (i= 96) Extrapolated energy ground state E0:  -3.986278
[itstep]        96    2.000         8.389e-02     -3.9853556629      9.263376e-11      7.662485e-04     -3.520760e-09

[info]       steps       dt                E0                 E
[output]        97    0.084     -3.9862777052     -3.9853556629
