[conf]                N               2
[conf]                J            2.345
[conf]             beta           1.000
[conf]              dt0       4.000e-01
[conf]        eps_trunc       1.000e-04
[conf]           eps_dt       9.000e-02
[conf]          eps_tol       1.000e-03
[conf]             Dmax              10
[conf]           dt_red           0.800
[conf]         phys_gap       1.000e-03
[info]           i      MBD                dt                 E           rel_err           exp_err             slope
[itstep]         0    2.000         4.000e-01     -2.7250382041      1.000000e+00      1.000000e-03     -3.484609e+00
[itstep]         1    2.000         4.000e-01     -2.8500118827      4.586126e-02      1.791455e+03     -3.124342e-01
[itstep]         2    2.000         4.000e-01     -2.9305764873      2.826816e-02      1.104225e+03     -2.014115e-01
[itstep]         3    2.000         4.000e-01     -2.9802318910      1.694390e-02      6.618712e+02     -1.241385e-01
[itstep]         4    2.000         4.000e-01     -3.0075383286      9.162521e-03      3.579110e+02     -6.826609e-02
[itstep]         5    2.000         4.000e-01     -3.0216545527      4.693614e-03      1.833443e+02     -3.529056e-02
[itstep]         6    2.000         4.000e-01     -3.0287228425      2.339212e-03      9.137546e+01     -1.767072e-02
[itstep]         7    2.000         4.000e-01     -3.0322058038      1.149977e-03      4.492097e+01     -8.707403e-03
[itstep]         8    2.000         4.000e-01     -3.0339085244      5.615452e-04      2.193536e+01     -4.256802e-03
[itstep]         9    2.000         4.000e-01     -3.0347377142      2.733074e-04      1.067607e+01     -2.072974e-03
[itstep]        10    2.000         4.000e-01     -3.0351407500      1.328074e-04      5.187791e+00     -1.007589e-03
[itstep]        11    2.000         4.000e-01     -3.0353364695      6.448448e-05      2.518925e+00     -4.892987e-04
[itstep]        12    2.000         4.000e-01     -3.0354314710      3.129852e-05      1.222598e+00     -2.375039e-04
[itstep]        13    2.000         4.000e-01     -3.0354775744      1.518842e-05      5.932978e-01     -1.152585e-04
[itstep]        14    2.000         4.000e-01     -3.0354999457      7.369922e-06      2.878876e-01     -5.592808e-05
[itstep]        15    2.000         4.000e-01     -3.0355108005      3.575973e-06      1.396865e-01     -2.713717e-05
[itstep]        16    2.000         4.000e-01     -3.0355160673      1.735068e-06      6.777611e-02     -1.316705e-05
[itstep]        17    2.000         4.000e-01     -3.0355186228      8.418496e-07      3.288475e-02     -6.388620e-06
[itstep]        18    2.000         4.000e-01     -3.0355198627      4.084607e-07      1.595549e-02     -3.099725e-06
[itstep]        19    2.000         4.000e-01     -3.0355204643      1.981823e-07      7.741497e-03     -1.503966e-06
[itstep]        20    2.000         4.000e-01     -3.0355207562      9.615661e-08      3.756118e-03     -7.297134e-07
[itstep]        21    2.000         4.000e-01     -3.0355208978      4.665445e-08      1.822440e-03     -3.540514e-07
[update_dt]  (i= 22) Reduced time step from   0.400000 to   0.320000
[update_E0]  (i= 22) Extrapolated energy ground state E0:  -4.217926
[itstep]        22    2.000         3.200e-01     -3.0355209665      2.263638e-08      8.842335e-04     -1.717830e-07
[itstep]        23    2.000         3.200e-01     -3.0582914861      7.501355e-03      7.153849e+02     -7.115787e-02
[itstep]        24    2.000         3.200e-01     -3.0606866105      7.831577e-04      7.468773e+01     -7.484764e-03
[itstep]        25    2.000         3.200e-01     -3.0609874624      9.829555e-05      9.374194e+00     -9.401621e-04
[itstep]        26    2.000         3.200e-01     -3.0610262707      1.267836e-05      1.209103e+00     -1.212759e-04
[itstep]        27    2.000         3.200e-01     -3.0610312962      1.641790e-06      1.565733e-01     -1.570488e-05
[itstep]        28    2.000         3.200e-01     -3.0610319484      2.130705e-07      2.031999e-02     -2.038174e-06
[itstep]        29    2.000         3.200e-01     -3.0610320337      2.786697e-08      2.657602e-03     -2.665678e-07
[update_dt]  (i= 30) Reduced time step from   0.320000 to   0.256000
[update_E0]  (i= 30) Extrapolated energy ground state E0:  -3.078731
[itstep]        30    2.000         2.560e-01     -3.0610320453      3.768193e-09      3.593628e-04     -3.604549e-08
[itstep]        31    2.000         2.560e-01     -3.0708742103      3.215309e-03      7.486226e+02     -3.844596e-02
[itstep]        32    2.000         2.560e-01     -3.0724607633      5.166454e-04      1.202909e+02     -6.197473e-03
[itstep]        33    2.000         2.560e-01     -3.0727614540      9.786640e-05      2.278630e+01     -1.174573e-03
[itstep]        34    2.000         2.560e-01     -3.0728206361      1.926022e-05      4.484369e+00     -2.311799e-04
[itstep]        35    2.000         2.560e-01     -3.0728323752      3.820321e-06      8.894879e-01     -4.585610e-05
[itstep]        36    2.000         2.560e-01     -3.0728347074      7.589697e-07      1.767114e-01     -9.110104e-06
[itstep]        37    2.000         2.560e-01     -3.0728351709      1.508329e-07      3.511853e-02     -1.810487e-06
[itstep]        38    2.000         2.560e-01     -3.0728352630      2.998008e-08      6.980280e-03     -3.598587e-07
[itstep]        39    2.000         2.560e-01     -3.0728352813      5.960744e-09      1.387844e-03     -7.154837e-08
[update_dt]  (i= 40) Reduced time step from   0.256000 to   0.204800
[update_E0]  (i= 40) Extrapolated energy ground state E0:  -3.081024
[itstep]        40    2.000         2.048e-01     -3.0728352850      1.186277e-09      2.762015e-04     -1.423919e-08
[itstep]        41    2.000         2.048e-01     -3.0768258489      1.298659e-03      7.382019e+02     -1.948518e-02
[itstep]        42    2.000         2.048e-01     -3.0777300709      2.938814e-04      1.670523e+02     -4.415147e-03
[itstep]        43    2.000         2.048e-01     -3.0779653129      7.643362e-05      4.344748e+01     -1.148643e-03
[itstep]        44    2.000         2.048e-01     -3.0780293781      2.081414e-05      1.183147e+01     -3.128183e-04
[itstep]        45    2.000         2.048e-01     -3.0780470607      5.744780e-06      3.265529e+00     -8.634083e-05
[itstep]        46    2.000         2.048e-01     -3.0780519597      1.591599e-06      9.047195e-01     -2.392099e-05
[itstep]        47    2.000         2.048e-01     -3.0780533184      4.414207e-07      2.509186e-01     -6.634355e-06
[itstep]        48    2.000         2.048e-01     -3.0780536954      1.224614e-07      6.961124e-02     -1.840540e-06
[itstep]        49    2.000         2.048e-01     -3.0780538000      3.397672e-08      1.931353e-02     -5.106551e-07
[itstep]        50    2.000         2.048e-01     -3.0780538290      9.427026e-09      5.358644e-03     -1.416840e-07
[itstep]        51    2.000         2.048e-01     -3.0780538370      2.615616e-09      1.486806e-03     -3.931156e-08
[update_dt]  (i= 52) Reduced time step from   0.204800 to   0.163840
[update_E0]  (i= 52) Extrapolated energy ground state E0:  -3.081674
[itstep]        52    2.000         1.638e-01     -3.0780538393      7.257425e-10      4.125368e-04     -1.090759e-08
[itstep]        53    2.000         1.638e-01     -3.0795984074      5.018002e-04      6.963877e+02     -9.427296e-03
[itstep]        54    2.000         1.638e-01     -3.0800591934      1.496253e-04      2.076469e+02     -2.812414e-03
[itstep]        55    2.000         1.638e-01     -3.0802128319      4.988167e-05      6.922473e+01     -9.377350e-04
[itstep]        56    2.000         1.638e-01     -3.0802666017      1.745652e-05      2.422579e+01     -3.281848e-04
[itstep]        57    2.000         1.638e-01     -3.0802857773      6.225311e-06      8.639355e+00     -1.170387e-04
[itstep]        58    2.000         1.638e-01     -3.0802926636      2.235627e-06      3.102556e+00     -4.203107e-05
[itstep]        59    2.000         1.638e-01     -3.0802951430      8.049023e-07      1.117026e+00     -1.513266e-05
[itstep]        60    2.000         1.638e-01     -3.0802960365      2.900594e-07      4.025383e-01     -5.453300e-06
[itstep]        61    2.000         1.638e-01     -3.0802963585      1.045623e-07      1.451094e-01     -1.965838e-06
[itstep]        62    2.000         1.638e-01     -3.0802964747      3.769776e-08      5.231615e-02     -7.087419e-07
[itstep]        63    2.000         1.638e-01     -3.0802965165      1.359173e-08      1.886231e-02     -2.555332e-07
[itstep]        64    2.000         1.638e-01     -3.0802965316      4.900503e-09      6.800814e-03     -9.213258e-08
[itstep]        65    2.000         1.638e-01     -3.0802965371      1.766889e-09      2.452050e-03     -3.321863e-08
[update_dt]  (i= 66) Reduced time step from   0.163840 to   0.131072
[update_E0]  (i= 66) Extrapolated energy ground state E0:  -3.081852
[itstep]        66    2.000         1.311e-01     -3.0802965390      6.370564e-10      8.840934e-04     -1.197707e-08
[itstep]        67    2.000         1.311e-01     -3.0808739703      1.874596e-04      6.351380e+02     -4.405451e-03
[itstep]        68    2.000         1.311e-01     -3.0810895112      6.996096e-05      2.370370e+02     -1.644447e-03
[itstep]        69    2.000         1.311e-01     -3.0811771226      2.843522e-05      9.634227e+01     -6.684224e-04
[itstep]        70    2.000         1.311e-01     -3.0812144063      1.210044e-05      4.099789e+01     -2.844514e-04
[itstep]        71    2.000         1.311e-01     -3.0812306312      5.265776e-06      1.784114e+01     -1.237868e-04
[itstep]        72    2.000         1.311e-01     -3.0812377655      2.315391e-06      7.844849e+00     -5.443003e-05
[itstep]        73    2.000         1.311e-01     -3.0812409172      1.022873e-06      3.465629e+00     -2.404568e-05
[itstep]        74    2.000         1.311e-01     -3.0812423125      4.528245e-07      1.534229e+00     -1.064500e-05
[itstep]        75    2.000         1.311e-01     -3.0812429307      2.006520e-07      6.798355e-01     -4.716930e-06
[itstep]        76    2.000         1.311e-01     -3.0812432048      8.894822e-08      3.013683e-01     -2.090996e-06
[itstep]        77    2.000         1.311e-01     -3.0812433263      3.943764e-08      1.336199e-01     -9.271007e-07
[itstep]        78    2.000         1.311e-01     -3.0812433802      1.748719e-08      5.924889e-02     -4.110891e-07
[itstep]        79    2.000         1.311e-01     -3.0812434041      7.754339e-09      2.627272e-02     -1.822892e-07
[itstep]        80    2.000         1.311e-01     -3.0812434147      3.438559e-09      1.165029e-02     -8.083371e-08
[itstep]        81    2.000         1.311e-01     -3.0812434194      1.524795e-09      5.166207e-03     -3.584492e-08
[itstep]        82    2.000         1.311e-01     -3.0812434215      6.761584e-10      2.290914e-03     -1.589515e-08
[itstep]        83    2.000         1.311e-01     -3.0812434224      2.998351e-10      1.015881e-03     -7.048530e-09
[update_dt]  (i= 84) Reduced time step from   0.131072 to   0.104858
[update_E0]  (i= 84) Extrapolated energy ground state E0:  -3.081900
[itstep]        84    2.000         1.049e-01     -3.0812434228      1.329598e-10      4.504854e-04     -3.125623e-09
[itstep]        85    2.000         1.049e-01     -3.0814536132      6.821610e-05      5.642704e+02     -2.004532e-03
[itstep]        86    2.000         1.049e-01     -3.0815478751      3.059006e-05      2.530350e+02     -8.989510e-04
[itstep]        87    2.000         1.049e-01     -3.0815928788      1.460428e-05      1.208038e+02     -4.291895e-04
[itstep]        88    2.000         1.049e-01     -3.0816152342      7.254489e-06      6.000772e+01     -2.131975e-04
[itstep]        89    2.000         1.049e-01     -3.0816265989      3.687887e-06      3.050548e+01     -1.083817e-04
[itstep]        90    2.000         1.049e-01     -3.0816324508      1.898988e-06      1.570806e+01     -5.580876e-05
[itstep]        91    2.000         1.049e-01     -3.0816354851      9.846353e-07      8.144712e+00     -2.893719e-05
[itstep]        92    2.000         1.049e-01     -3.0816370642      5.124219e-07      4.238654e+00     -1.505945e-05
[itstep]        93    2.000         1.049e-01     -3.0816378876      2.671918e-07      2.210159e+00     -7.852441e-06
[itstep]        94    2.000         1.049e-01     -3.0816383174      1.394637e-07      1.153617e+00     -4.098670e-06
[itstep]        95    2.000         1.049e-01     -3.0816385418      7.283354e-08      6.024649e-01     -2.140490e-06
[itstep]        96    2.000         1.049e-01     -3.0816386591      3.804721e-08      3.147192e-01     -1.118162e-06
[itstep]        97    2.000         1.049e-01     -3.0816387203      1.987823e-08      1.644289e-01     -5.841973e-07
[itstep]        98    2.000         1.049e-01     -3.0816387523      1.038642e-08      8.591444e-02     -3.052443e-07
[itstep]        99    2.000         1.049e-01     -3.0816387691      5.427142e-09      4.489227e-02     -1.594972e-07
[itstep]       100    2.000         1.049e-01     -3.0816387778      2.835865e-09      2.345773e-02     -8.334267e-08
[itstep]       101    2.000         1.049e-01     -3.0816387824      1.481852e-09      1.225759e-02     -4.354986e-08
[itstep]       102    2.000         1.049e-01     -3.0816387848      7.743308e-10      6.405114e-03     -2.275665e-08
[itstep]       103    2.000         1.049e-01     -3.0816387860      4.046216e-10      3.346952e-03     -1.189134e-08
[itstep]       104    2.000         1.049e-01     -3.0816387867      2.114331e-10      1.748934e-03     -6.213766e-09
[update_dt]  (i=105) Reduced time step from   0.104858 to   0.083886
[update_E0]  (i=105) Extrapolated energy ground state E0:  -3.081913
[itstep]       105    2.000         8.389e-02     -3.0816387870      1.104844e-10      9.139055e-04     -3.247003e-09

[info]       steps       dt                E0                 E
[output]       106    0.084     -3.0819130776     -3.0816387870
