[conf]                N               2
[conf]                J            1.103
[conf]             beta           1.000
[conf]              dt0       4.000e-01
[conf]        eps_trunc       1.000e-04
[conf]           eps_dt       9.000e-02
[conf]          eps_tol       1.000e-03
[conf]             Dmax              10
[conf]           dt_red           0.800
[conf]         phys_gap       1.000e-03
[info]           i      MBD                dt                 E           rel_err           exp_err             slope
[itstep]         0    2.000         4.000e-01     -1.2354982830      1.000000e+00      1.000000e-03     -5.298055e+00
[itstep]         1    2.000         4.000e-01     -1.8348171455      4.850827e-01      1.894854e+04     -1.498297e+00
[itstep]         2    2.000         4.000e-01     -2.0774722563      1.322503e-01      5.166027e+03     -6.066378e-01
[itstep]         3    2.000         4.000e-01     -2.1959973316      5.705254e-02      2.228615e+03     -2.963127e-01
[itstep]         4    2.000         4.000e-01     -2.2467880457      2.312877e-02      9.034675e+02     -1.269768e-01
[itstep]         5    2.000         4.000e-01     -2.2668319194      8.921124e-03      3.484814e+02     -5.010968e-02
[itstep]         6    2.000         4.000e-01     -2.2744674367      3.368365e-03      1.315768e+02     -1.908879e-02
[itstep]         7    2.000         4.000e-01     -2.2773363491      1.261356e-03      4.927171e+01     -7.172281e-03
[itstep]         8    2.000         4.000e-01     -2.2784087133      4.708853e-04      1.839396e+01     -2.680910e-03
[itstep]         9    2.000         4.000e-01     -2.2788087763      1.755888e-04      6.858937e+00     -1.000158e-03
[itstep]        10    2.000         4.000e-01     -2.2789579197      6.544796e-05      2.556561e+00     -3.728585e-04
[itstep]        11    2.000         4.000e-01     -2.2790135057      2.439095e-05      9.527714e-01     -1.389649e-04
[itstep]        12    2.000         4.000e-01     -2.2790342206      9.089435e-06      3.550561e-01     -5.178736e-05
[itstep]        13    2.000         4.000e-01     -2.2790419401      3.387164e-06      1.323111e-01     -1.929866e-05
[itstep]        14    2.000         4.000e-01     -2.2790448167      1.262212e-06      4.930516e-02     -7.191586e-06
[itstep]        15    2.000         4.000e-01     -2.2790458887      4.703567e-07      1.837331e-02     -2.679910e-06
[itstep]        16    2.000         4.000e-01     -2.2790462881      1.752758e-07      6.846710e-03     -9.986538e-07
[itstep]        17    2.000         4.000e-01     -2.2790464370      6.531550e-08      2.551387e-03     -3.721426e-07
[update_dt]  (i= 18) Reduced time step from   0.400000 to   0.320000
[update_E0]  (i= 18) Extrapolated energy ground state E0:  -4.473272
[itstep]        18    2.000         3.200e-01     -2.2790464925      2.433944e-08      9.507594e-04     -1.386768e-07
[itstep]        19    2.000         3.200e-01     -2.2814145772      1.039068e-03      9.909327e+01     -7.400265e-03
[itstep]        20    2.000         3.200e-01     -2.2818511420      1.913571e-04      1.824923e+01     -1.364265e-03
[itstep]        21    2.000         3.200e-01     -2.2819449517      4.111123e-05      3.920672e+00     -2.931553e-04
[itstep]        22    2.000         3.200e-01     -2.2819659529      9.203199e-06      8.776855e-01     -6.562873e-05
[itstep]        23    2.000         3.200e-01     -2.2819707003      2.080417e-06      1.984040e-01     -1.483575e-05
[itstep]        24    2.000         3.200e-01     -2.2819717760      4.713725e-07      4.495359e-02     -3.361432e-06
[itstep]        25    2.000         3.200e-01     -2.2819720199      1.068744e-07      1.019234e-02     -7.621388e-07
[itstep]        26    2.000         3.200e-01     -2.2819720752      2.424310e-08      2.312002e-03     -1.728815e-07
[update_dt]  (i= 27) Reduced time step from   0.320000 to   0.256000
[update_E0]  (i= 27) Extrapolated energy ground state E0:  -2.284002
[itstep]        27    2.000         2.560e-01     -2.2819720878      5.503356e-09      5.248409e-04     -3.924533e-08
[itstep]        28    2.000         2.560e-01     -2.2829210839      4.158667e-04      9.682651e+01     -3.707016e-03
[itstep]        29    2.000         2.560e-01     -2.2831600904      1.046933e-04      2.437580e+01     -9.336191e-04
[itstep]        30    2.000         2.560e-01     -2.2832285240      2.997321e-05      6.978682e+00     -2.673189e-04
[itstep]        31    2.000         2.560e-01     -2.2832490647      8.996338e-06      2.094623e+00     -8.023709e-05
[itstep]        32    2.000         2.560e-01     -2.2832553257      2.742137e-06      6.384535e-01     -2.445696e-05
[itstep]        33    2.000         2.560e-01     -2.2832572433      8.398581e-07      1.955447e-01     -7.490666e-06
[itstep]        34    2.000         2.560e-01     -2.2832578315      2.576138e-07      5.998040e-02     -2.297651e-06
[itstep]        35    2.000         2.560e-01     -2.2832580120      7.905535e-08      1.840651e-02     -7.050928e-07
[itstep]        36    2.000         2.560e-01     -2.2832580674      2.426356e-08      5.649301e-03     -2.164061e-07
[itstep]        37    2.000         2.560e-01     -2.2832580844      7.447266e-09      1.733952e-03     -6.642199e-08
[update_dt]  (i= 38) Reduced time step from   0.256000 to   0.204800
[update_E0]  (i= 38) Extrapolated energy ground state E0:  -2.284150
[itstep]        38    2.000         2.048e-01     -2.2832580897      2.285838e-09      5.322131e-04     -2.038733e-08
[itstep]        39    2.000         2.048e-01     -2.2836221902      1.594653e-04      9.064554e+01     -1.777834e-03
[itstep]        40    2.000         2.048e-01     -2.2837404006      5.176444e-05      2.942468e+01     -5.771993e-04
[itstep]        41    2.000         2.048e-01     -2.2837828839      1.860252e-05      1.057431e+01     -2.074381e-04
[itstep]        42    2.000         2.048e-01     -2.2837989020      7.013832e-06      3.986902e+00     -7.821323e-05
[itstep]        43    2.000         2.048e-01     -2.2838050653      2.698717e-06      1.534043e+00     -3.009437e-05
[itstep]        44    2.000         2.048e-01     -2.2838074563      1.046921e-06      5.951058e-01     -1.167463e-05
[itstep]        45    2.000         2.048e-01     -2.2838083868      4.074508e-07      2.316090e-01     -4.543649e-06
[itstep]        46    2.000         2.048e-01     -2.2838087494      1.587768e-07      9.025416e-02     -1.770585e-06
[itstep]        47    2.000         2.048e-01     -2.2838088908      6.190334e-08      3.518797e-02     -6.903095e-07
[itstep]        48    2.000         2.048e-01     -2.2838089459      2.413932e-08      1.372162e-02     -2.691875e-07
[itstep]        49    2.000         2.048e-01     -2.2838089674      9.413884e-09      5.351173e-03     -1.049781e-07
[itstep]        50    2.000         2.048e-01     -2.2838089758      3.671346e-09      2.086919e-03     -4.094069e-08
[update_dt]  (i= 51) Reduced time step from   0.204800 to   0.163840
[update_E0]  (i= 51) Extrapolated energy ground state E0:  -2.284191
[itstep]        51    2.000         1.638e-01     -2.2838089791      1.431815e-09      8.138925e-04     -1.596675e-08
[itstep]        52    2.000         1.638e-01     -2.2839441516      5.918730e-05      8.213888e+01     -8.250274e-04
[itstep]        53    2.000         1.638e-01     -2.2839981824      2.365682e-05      3.283043e+01     -3.297782e-04
[itstep]        54    2.000         1.638e-01     -2.2840215026      1.021023e-05      1.416954e+01     -1.423348e-04
[itstep]        55    2.000         1.638e-01     -2.2840320200      4.604766e-06      6.390397e+00     -6.419302e-05
[itstep]        56    2.000         1.638e-01     -2.2840368732      2.124865e-06      2.948842e+00     -2.962194e-05
[itstep]        57    2.000         1.638e-01     -2.2840391383      9.917128e-07      1.376278e+00     -1.382513e-05
[itstep]        58    2.000         1.638e-01     -2.2840402013      4.653954e-07      6.458659e-01     -6.487924e-06
[itstep]        59    2.000         1.638e-01     -2.2840407015      2.189749e-07      3.038888e-01     -3.052658e-06
[itstep]        60    2.000         1.638e-01     -2.2840409371      1.031586e-07      1.431613e-01     -1.438101e-06
[itstep]        61    2.000         1.638e-01     -2.2840410481      4.862628e-08      6.748251e-02     -6.778833e-07
[itstep]        62    2.000         1.638e-01     -2.2840411005      2.292751e-08      3.181831e-02     -3.196251e-07
[itstep]        63    2.000         1.638e-01     -2.2840411252      1.081184e-08      1.500444e-02     -1.507244e-07
[itstep]        64    2.000         1.638e-01     -2.2840411368      5.098813e-09      7.076024e-03     -7.108092e-08
[itstep]        65    2.000         1.638e-01     -2.2840411423      2.404646e-09      3.337116e-03     -3.352240e-08
[itstep]        66    2.000         1.638e-01     -2.2840411449      1.134068e-09      1.573836e-03     -1.580968e-08
[update_dt]  (i= 67) Reduced time step from   0.163840 to   0.131072
[update_E0]  (i= 67) Extrapolated energy ground state E0:  -2.284202
[itstep]        67    2.000         1.311e-01     -2.2840411462      5.348480e-10      7.422507e-04     -7.456145e-09
[itstep]        68    2.000         1.311e-01     -2.2840900697      2.141973e-05      7.257287e+01     -3.732570e-04
[itstep]        69    2.000         1.311e-01     -2.2841132665      1.015584e-05      3.440932e+01     -1.769779e-04
[itstep]        70    2.000         1.311e-01     -2.2841248960      5.091471e-06      1.725057e+01     -8.872602e-05
[itstep]        71    2.000         1.311e-01     -2.2841309460      2.648720e-06      8.974211e+00     -4.615789e-05
[itstep]        72    2.000         1.311e-01     -2.2841341658      1.409614e-06      4.775957e+00     -2.456468e-05
[itstep]        73    2.000         1.311e-01     -2.2841359023      7.602320e-07      2.575766e+00     -1.324823e-05
[itstep]        74    2.000         1.311e-01     -2.2841368459      4.131271e-07      1.399729e+00     -7.199390e-06
[itstep]        75    2.000         1.311e-01     -2.2841373609      2.254575e-07      7.638797e-01     -3.928953e-06
[itstep]        76    2.000         1.311e-01     -2.2841376426      1.233300e-07      4.178581e-01     -2.149220e-06
[itstep]        77    2.000         1.311e-01     -2.2841377969      6.755185e-08      2.288746e-01     -1.177198e-06
[itstep]        78    2.000         1.311e-01     -2.2841378815      3.702685e-08      1.254518e-01     -6.452516e-07
[itstep]        79    2.000         1.311e-01     -2.2841379278      2.030332e-08      6.879033e-02     -3.538177e-07
[itstep]        80    2.000         1.311e-01     -2.2841379533      1.113554e-08      3.772869e-02     -1.940545e-07
[itstep]        81    2.000         1.311e-01     -2.2841379672      6.108114e-09      2.069509e-02     -1.064436e-07
[itstep]        82    2.000         1.311e-01     -2.2841379749      3.350667e-09      1.135250e-02     -5.839069e-08
[itstep]        83    2.000         1.311e-01     -2.2841379791      1.838106e-09      6.227746e-03     -3.203192e-08
[itstep]        84    2.000         1.311e-01     -2.2841379814      1.008368e-09      3.416483e-03     -1.757241e-08
[itstep]        85    2.000         1.311e-01     -2.2841379826      5.531862e-10      1.874268e-03     -9.640150e-09
[itstep]        86    2.000         1.311e-01     -2.2841379833      3.034770e-10      1.028220e-03     -5.288569e-09
[update_dt]  (i= 87) Reduced time step from   0.131072 to   0.104858
[update_E0]  (i= 87) Extrapolated energy ground state E0:  -2.284205
[itstep]        87    2.000         1.049e-01     -2.2841379837      1.664896e-10      5.640886e-04     -2.901345e-09
[itstep]        88    2.000         1.049e-01     -2.2841553412      7.599151e-06      6.285870e+01     -1.655341e-04
[itstep]        89    2.000         1.049e-01     -2.2841648097      4.145309e-06      3.428919e+01     -9.029893e-05
[itstep]        90    2.000         1.049e-01     -2.2841701818      2.351861e-06      1.945414e+01     -5.123175e-05
[itstep]        91    2.000         1.049e-01     -2.2841733196      1.373712e-06      1.136308e+01     -2.992432e-05
[itstep]        92    2.000         1.049e-01     -2.2841751899      8.188287e-07      6.773192e+00     -1.783702e-05
[itstep]        93    2.000         1.049e-01     -2.2841763200      4.947546e-07      4.092514e+00     -1.077753e-05
[itstep]        94    2.000         1.049e-01     -2.2841770089      3.015963e-07      2.494746e+00     -6.569855e-06
[itstep]        95    2.000         1.049e-01     -2.2841774313      1.848908e-07      1.529381e+00     -4.027589e-06
[itstep]        96    2.000         1.049e-01     -2.2841776911      1.137505e-07      9.409219e-01     -2.477896e-06
[itstep]        97    2.000         1.049e-01     -2.2841778513      7.013935e-08      5.801791e-01     -1.527889e-06
[itstep]        98    2.000         1.049e-01     -2.2841779502      4.330874e-08      3.582415e-01     -9.434210e-07
[itstep]        99    2.000         1.049e-01     -2.2841780113      2.676491e-08      2.213942e-01     -5.830366e-07
[itstep]       100    2.000         1.049e-01     -2.2841780492      1.654969e-08      1.368958e-01     -3.605120e-07
[itstep]       101    2.000         1.049e-01     -2.2841780725      1.023667e-08      8.467572e-02     -2.229916e-07
[itstep]       102    2.000         1.049e-01     -2.2841780870      6.333112e-09      5.238627e-02     -1.379581e-07
[itstep]       103    2.000         1.049e-01     -2.2841780960      3.918602e-09      3.241392e-02     -8.536134e-08
[itstep]       104    2.000         1.049e-01     -2.2841781015      2.424822e-09      2.005765e-02     -5.282139e-08
[itstep]       105    2.000         1.049e-01     -2.2841781049      1.500549e-09      1.241225e-02     -3.268738e-08
[itstep]       106    2.000         1.049e-01     -2.2841781070      9.286081e-10      7.681267e-03     -2.022845e-08
[itstep]       107    2.000         1.049e-01     -2.2841781084      5.746780e-10      4.753625e-03     -1.251857e-08
[itstep]       108    2.000         1.049e-01     -2.2841781092      3.556475e-10      2.941847e-03     -7.747289e-09
[itstep]       109    2.000         1.049e-01     -2.2841781097      2.200996e-10      1.820621e-03     -4.794566e-09
[itstep]       110    2.000         1.049e-01     -2.2841781100      1.362143e-10      1.126738e-03     -2.967241e-09
[update_dt]  (i=111) Reduced time step from   0.104858 to   0.083886
[update_E0]  (i=111) Extrapolated energy ground state E0:  -2.284206
[itstep]       111    2.000         8.389e-02     -2.2841781102      8.429999e-11      6.973132e-04     -1.836359e-09

[info]       steps       dt                E0                 E
[output]       112    0.084     -2.2842059486     -2.2841781102
