[conf]                N               5
[conf]                J            0.552
[conf]             beta           1.000
[conf]              dt0       4.000e-01
[conf]        eps_trunc       1.000e-04
[conf]           eps_dt       9.000e-02
[conf]          eps_tol       1.000e-03
[conf]             Dmax              10
[conf]           dt_red           0.800
[conf]         phys_gap       1.000e-03
[info]           i      MBD                dt                 E           rel_err           exp_err             slope
[itstep]         0    3.000         4.000e-01     -3.9736030839      1.000000e+00      1.000000e-03     -1.271381e+01
[itstep]         1    3.000         4.000e-01     -4.9810053091      2.535236e-01      9.903266e+03     -2.518506e+00
[itstep]         2    3.000         4.000e-01     -5.1981544061      4.359544e-02      1.702947e+03     -5.428727e-01
[itstep]         3    3.000         4.000e-01     -5.2642462081      1.271447e-02      4.966592e+02     -1.652295e-01
[itstep]         4    3.000         4.000e-01     -5.2879333265      4.499622e-03      1.757665e+02     -5.921780e-02
[itstep]         5    3.000         4.000e-01     -5.2969618780      1.707388e-03      6.669483e+01     -2.257138e-02
[itstep]         6    3.000         4.000e-01     -5.3004953239      6.670703e-04      2.605743e+01     -8.833615e-03
[itstep]         7    3.000         4.000e-01     -5.3018972575      2.644910e-04      1.033168e+01     -3.504834e-03
[itstep]         8    3.000         4.000e-01     -5.3024579822      1.057593e-04      4.131221e+00     -1.401812e-03
[itstep]         9    3.000         4.000e-01     -5.3026833815      4.250846e-05      1.660487e+00     -5.634983e-04
[itstep]        10    3.000         4.000e-01     -5.3027742792      1.714182e-05      6.696025e-01     -2.272442e-04
[itstep]        11    3.000         4.000e-01     -5.3028110123      6.927151e-06      2.705918e-01     -9.183279e-05
[itstep]        12    3.000         4.000e-01     -5.3028258768      2.803143e-06      1.094978e-01     -3.716135e-05
[itstep]        13    3.000         4.000e-01     -5.3028318973      1.135328e-06      4.434877e-02     -1.505112e-05
[itstep]        14    3.000         4.000e-01     -5.3028343371      4.600964e-07      1.797251e-02     -6.099534e-06
[itstep]        15    3.000         4.000e-01     -5.3028353262      1.865262e-07      7.286181e-03     -2.472794e-06
[itstep]        16    3.000         4.000e-01     -5.3028357273      7.563766e-08      2.954596e-03     -1.002735e-06
[itstep]        17    3.000         4.000e-01     -5.3028358900      3.067653e-08      1.198302e-03     -4.066815e-07
[update_dt]  (i= 18) Reduced time step from   0.400000 to   0.320000
[update_E0]  (i= 18) Extrapolated energy ground state E0:  -9.753183
[itstep]        18    3.000         3.200e-01     -5.3028359560      1.244286e-08      4.860492e-04     -1.649561e-07
[itstep]        19    3.000         3.200e-01     -5.3048578891      3.812928e-04      3.636291e+01     -6.318541e-03
[itstep]        20    3.000         3.200e-01     -5.3052232947      6.888131e-05      6.569034e+00     -1.141892e-03
[itstep]        21    3.000         3.200e-01     -5.3053048534      1.537329e-05      1.466111e+00     -2.548711e-04
[itstep]        22    3.000         3.200e-01     -5.3053250827      3.813021e-06      3.636380e-01     -6.321637e-05
[itstep]        23    3.000         3.200e-01     -5.3053305232      1.025486e-06      9.779795e-02     -1.700167e-05
[itstep]        24    3.000         3.200e-01     -5.3053320978      2.968008e-07      2.830513e-02     -4.920708e-06
[itstep]        25    3.000         3.200e-01     -5.3053325853      9.188667e-08      8.762996e-03     -1.523404e-06
[itstep]        26    3.000         3.200e-01     -5.3053327456      3.020602e-08      2.880670e-03     -5.007905e-07
[update_dt]  (i= 27) Reduced time step from   0.320000 to   0.256000
[update_E0]  (i= 27) Extrapolated energy ground state E0:  -5.307065
[itstep]        27    3.000         2.560e-01     -5.3053328010      1.045358e-08      9.969313e-04     -1.733117e-07
[itstep]        28    3.000         2.560e-01     -5.3061537044      1.547317e-04      3.602629e+01     -3.206654e-03
[itstep]        29    3.000         2.560e-01     -5.3063539509      3.773854e-05      8.786689e+00     -7.822129e-04
[itstep]        30    3.000         2.560e-01     -5.3064116627      1.087598e-05      2.532262e+00     -2.254367e-04
[itstep]        31    3.000         2.560e-01     -5.3064297673      3.411834e-06      7.943796e-01     -7.072108e-05
[itstep]        32    3.000         2.560e-01     -5.3064357894      1.134865e-06      2.642313e-01     -2.352375e-05
[itstep]        33    3.000         2.560e-01     -5.3064378963      3.970597e-07      9.244767e-02     -8.230359e-06
[itstep]        34    3.000         2.560e-01     -5.3064386691      1.456226e-07      3.390540e-02     -3.018505e-06
[itstep]        35    3.000         2.560e-01     -5.3064389653      5.582182e-08      1.299703e-02     -1.157090e-06
[itstep]        36    3.000         2.560e-01     -5.3064390836      2.228983e-08      5.189755e-03     -4.620297e-07
[itstep]        37    3.000         2.560e-01     -5.3064391326      9.234213e-09      2.150008e-03     -1.914093e-07
[update_dt]  (i= 38) Reduced time step from   0.256000 to   0.204800
[update_E0]  (i= 38) Extrapolated energy ground state E0:  -5.307207
[itstep]        38    3.000         2.048e-01     -5.3064391535      3.951556e-09      9.200434e-04     -8.190896e-08
[itstep]        39    3.000         2.048e-01     -5.3067577645      6.004233e-05      3.413011e+01     -1.555718e-03
[itstep]        40    3.000         2.048e-01     -5.3068575437      1.880229e-05      1.068786e+01     -4.872030e-04
[itstep]        41    3.000         2.048e-01     -5.3068930877      6.697742e-06      3.807226e+00     -1.735545e-04
[itstep]        42    3.000         2.048e-01     -5.3069066729      2.559928e-06      1.455151e+00     -6.633431e-05
[itstep]        43    3.000         2.048e-01     -5.3069121073      1.024016e-06      5.820859e-01     -2.653496e-05
[itstep]        44    3.000         2.048e-01     -5.3069143610      4.246830e-07      2.414043e-01     -1.100467e-05
[itstep]        45    3.000         2.048e-01     -5.3069153265      1.819310e-07      1.034158e-01     -4.714317e-06
[itstep]        46    3.000         2.048e-01     -5.3069157530      8.036065e-08      4.567974e-02     -2.082359e-06
[itstep]        47    3.000         2.048e-01     -5.3069159469      3.654767e-08      2.077494e-02     -9.470478e-07
[itstep]        48    3.000         2.048e-01     -5.3069160376      1.708800e-08      9.713403e-03     -4.427958e-07
[itstep]        49    3.000         2.048e-01     -5.3069160811      8.199063e-09      4.660627e-03     -2.124597e-07
[itstep]        50    3.000         2.048e-01     -5.3069161025      4.029006e-09      2.290225e-03     -1.044023e-07
[itstep]        51    3.000         2.048e-01     -5.3069161133      2.023171e-09      1.150039e-03     -5.242576e-08
[update_dt]  (i= 52) Reduced time step from   0.204800 to   0.163840
[update_E0]  (i= 52) Extrapolated energy ground state E0:  -5.307247
[itstep]        52    3.000         1.638e-01     -5.3069161188      1.035784e-09      5.887752e-04     -2.683995e-08
[itstep]        53    3.000         1.638e-01     -5.3070355437      2.250364e-05      3.123008e+01     -7.289120e-04
[itstep]        54    3.000         1.638e-01     -5.3070815959      8.677576e-06      1.204256e+01     -2.810804e-04
[itstep]        55    3.000         1.638e-01     -5.3071011582      3.686079e-06      5.115463e+00     -1.193989e-04
[itstep]        56    3.000         1.638e-01     -5.3071099669      1.659785e-06      2.303414e+00     -5.376370e-05
[itstep]        57    3.000         1.638e-01     -5.3071140852      7.760024e-07      1.076920e+00     -2.513629e-05
[itstep]        58    3.000         1.638e-01     -5.3071160648      3.730050e-07      5.176485e-01     -1.208240e-05
[itstep]        59    3.000         1.638e-01     -5.3071170387      1.835085e-07      2.546691e-01     -5.944218e-06
[itstep]        60    3.000         1.638e-01     -5.3071175281      9.221055e-08      1.279678e-01     -2.986891e-06
[itstep]        61    3.000         1.638e-01     -5.3071177789      4.727265e-08      6.560399e-02     -1.531259e-06
[itstep]        62    3.000         1.638e-01     -5.3071179101      2.470663e-08      3.428733e-02     -8.002989e-07
[itstep]        63    3.000         1.638e-01     -5.3071179799      1.315478e-08      1.825593e-02     -4.261108e-07
[itstep]        64    3.000         1.638e-01     -5.3071180177      7.129923e-09      9.894756e-03     -2.309530e-07
[itstep]        65    3.000         1.638e-01     -5.3071180386      3.930387e-09      5.454508e-03     -1.273134e-07
[itstep]        66    3.000         1.638e-01     -5.3071180503      2.201449e-09      3.055124e-03     -7.130949e-08
[itstep]        67    3.000         1.638e-01     -5.3071180569      1.251516e-09      1.736828e-03     -4.053922e-08
[itstep]        68    3.000         1.638e-01     -5.3071180607      7.213160e-10      1.001027e-03     -2.336493e-08
[update_dt]  (i= 69) Reduced time step from   0.163840 to   0.131072
[update_E0]  (i= 69) Extrapolated energy ground state E0:  -5.307258
[itstep]        69    3.000         1.311e-01     -5.3071180630      4.209877e-10      5.842378e-04     -1.363667e-08
[itstep]        70    3.000         1.311e-01     -5.3071616243      8.208097e-06      2.781012e+01     -3.323467e-04
[itstep]        71    3.000         1.311e-01     -5.3071815966      3.763280e-06      1.275049e+01     -1.523768e-04
[itstep]        72    3.000         1.311e-01     -5.3071914234      1.851591e-06      6.273435e+00     -7.497201e-05
[itstep]        73    3.000         1.311e-01     -5.3071964909      9.548449e-07      3.235141e+00     -3.866230e-05
[itstep]        74    3.000         1.311e-01     -5.3071991883      5.082399e-07      1.721984e+00     -2.057899e-05
[itstep]        75    3.000         1.311e-01     -5.3072006571      2.767580e-07      9.376927e-01     -1.120613e-05
[itstep]        76    3.000         1.311e-01     -5.3072014714      1.534365e-07      5.198630e-01     -6.212754e-06
[itstep]        77    3.000         1.311e-01     -5.3072019298      8.638511e-08      2.926841e-01     -3.497797e-06
[itstep]        78    3.000         1.311e-01     -5.3072021916      4.932139e-08      1.671074e-01     -1.997059e-06
[itstep]        79    3.000         1.311e-01     -5.3072023430      2.853532e-08      9.668142e-02     -1.155416e-06
[itstep]        80    3.000         1.311e-01     -5.3072024318      1.672123e-08      5.665372e-02     -6.770548e-07
[itstep]        81    3.000         1.311e-01     -5.3072024844      9.920343e-09      3.361143e-02     -4.016821e-07
[itstep]        82    3.000         1.311e-01     -5.3072025160      5.956682e-09      2.018202e-02     -2.411905e-07
[itstep]        83    3.000         1.311e-01     -5.3072025353      3.618581e-09      1.226023e-02     -1.465190e-07
[itstep]        84    3.000         1.311e-01     -5.3072025471      2.223050e-09      7.531985e-03     -9.001293e-08
[itstep]        85    3.000         1.311e-01     -5.3072025544      1.380501e-09      4.677320e-03     -5.589751e-08
[itstep]        86    3.000         1.311e-01     -5.3072025590      8.661335e-10      2.934575e-03     -3.507039e-08
[itstep]        87    3.000         1.311e-01     -5.3072025619      5.487257e-10      1.859155e-03     -2.221831e-08
[itstep]        88    3.000         1.311e-01     -5.3072025638      3.508363e-10      1.188680e-03     -1.420562e-08
[update_dt]  (i= 89) Reduced time step from   0.131072 to   0.104858
[update_E0]  (i= 89) Extrapolated energy ground state E0:  -5.307261
[itstep]        89    3.000         1.049e-01     -5.3072025650      2.262466e-10      7.665532e-04     -9.160892e-09
[itstep]        90    3.000         1.049e-01     -5.3072181165      2.930281e-06      2.423872e+01     -1.483116e-04
[itstep]        91    3.000         1.049e-01     -5.3072263476      1.550925e-06      1.282895e+01     -7.849784e-05
[itstep]        92    3.000         1.049e-01     -5.3072309282      8.630797e-07      7.139228e+00     -4.368362e-05
[itstep]        93    3.000         1.049e-01     -5.3072335720      4.981500e-07      4.120600e+00     -2.521321e-05
[itstep]        94    3.000         1.049e-01     -5.3072351385      2.951619e-07      2.441522e+00     -1.493924e-05
[itstep]        95    3.000         1.049e-01     -5.3072360847      1.782913e-07      1.474791e+00     -9.023990e-06
[itstep]        96    3.000         1.049e-01     -5.3072366648      1.093063e-07      9.041606e-01     -5.532402e-06
[itstep]        97    3.000         1.049e-01     -5.3072370248      6.783010e-08      5.610775e-01     -3.433136e-06
[itstep]        98    3.000         1.049e-01     -5.3072372506      4.253516e-08      3.518426e-01     -2.152864e-06
[itstep]        99    3.000         1.049e-01     -5.3072373935      2.692729e-08      2.227373e-01     -1.362891e-06
[itstep]       100    3.000         1.049e-01     -5.3072374848      1.719866e-08      1.422640e-01     -8.704888e-07
[itstep]       101    3.000         1.049e-01     -5.3072375436      1.107866e-08      9.164052e-02     -5.607326e-07
[itstep]       102    3.000         1.049e-01     -5.3072375817      7.195418e-09      5.951910e-02     -3.641872e-07
[itstep]       103    3.000         1.049e-01     -5.3072376067      4.710984e-09      3.896834e-02     -2.384406e-07
[itstep]       104    3.000         1.049e-01     -5.3072376232      3.108672e-09      2.571434e-02     -1.573416e-07
[itstep]       105    3.000         1.049e-01     -5.3072376342      2.067124e-09      1.709885e-02     -1.046249e-07
[itstep]       106    3.000         1.049e-01     -5.3072376416      1.384859e-09      1.145528e-02     -7.009290e-08
[itstep]       107    3.000         1.049e-01     -5.3072376465      9.345441e-10      7.730368e-03     -4.730079e-08
[itstep]       108    3.000         1.049e-01     -5.3072376499      6.351149e-10      5.253547e-03     -3.214555e-08
[itstep]       109    3.000         1.049e-01     -5.3072376522      4.345706e-10      3.594684e-03     -2.199525e-08
[itstep]       110    3.000         1.049e-01     -5.3072376538      2.992985e-10      2.475740e-03     -1.514863e-08
[itstep]       111    3.000         1.049e-01     -5.3072376549      2.074290e-10      1.715812e-03     -1.049876e-08
[itstep]       112    3.000         1.049e-01     -5.3072376557      1.446223e-10      1.196288e-03     -7.319881e-09
[update_dt]  (i=113) Reduced time step from   0.104858 to   0.083886
[update_E0]  (i=113) Extrapolated energy ground state E0:  -5.307262
[itstep]       113    3.000         8.389e-02     -5.3072376562      1.014063e-10      8.388132e-04     -5.132554e-09

[info]       steps       dt                E0                 E
[output]       114    0.084     -5.3072620013     -5.3072376562
