[conf]                N               2
[conf]                J            0.276
[conf]             beta           1.000
[conf]              dt0       4.000e-01
[conf]        eps_trunc       1.000e-04
[conf]           eps_dt       9.000e-02
[conf]          eps_tol       1.000e-03
[conf]             Dmax              10
[conf]           dt_red           0.800
[conf]         phys_gap       1.000e-03
[info]           i      MBD                dt                 E           rel_err           exp_err             slope
[itstep]         0    2.000         4.000e-01     -1.7120470659      1.000000e+00      1.000000e-03     -2.323931e+00
[itstep]         1    2.000         4.000e-01     -1.9553630217      1.421199e-01      5.551559e+03     -6.082899e-01
[itstep]         2    2.000         4.000e-01     -2.0056188415      2.570153e-02      1.003966e+03     -1.256395e-01
[itstep]         3    2.000         4.000e-01     -2.0159229379      5.137614e-03      2.006881e+02     -2.576024e-02
[itstep]         4    2.000         4.000e-01     -2.0181119617      1.085867e-03      4.241667e+01     -5.472560e-03
[itstep]         5    2.000         4.000e-01     -2.0185950712      2.393868e-04      9.351048e+00     -1.207774e-03
[itstep]         6    2.000         4.000e-01     -2.0187051873      5.455087e-05      2.130893e+00     -2.752903e-04
[itstep]         7    2.000         4.000e-01     -2.0187309176      1.274597e-05      4.978895e-01     -6.432590e-05
[itstep]         8    2.000         4.000e-01     -2.0187370395      3.032546e-06      1.184588e-01     -1.530474e-05
[itstep]         9    2.000         4.000e-01     -2.0187385146      7.306919e-07      2.854265e-02     -3.687687e-06
[itstep]        10    2.000         4.000e-01     -2.0187388731      1.775838e-07      6.936866e-03     -8.962380e-07
[itstep]        11    2.000         4.000e-01     -2.0187389607      4.340900e-08      1.695664e-03     -2.190786e-07
[update_dt]  (i= 12) Reduced time step from   0.400000 to   0.320000
[update_E0]  (i= 12) Extrapolated energy ground state E0:  -2.876418
[itstep]        12    2.000         3.200e-01     -2.0187389822      1.065170e-08      4.160819e-04     -5.375749e-08
[itstep]        13    2.000         3.200e-01     -2.0188246778      4.245003e-05      4.048351e+00     -2.677986e-04
[itstep]        14    2.000         3.200e-01     -2.0188439160      9.529438e-06      9.087981e-01     -6.011958e-05
[itstep]        15    2.000         3.200e-01     -2.0188488715      2.454595e-06      2.340884e-01     -1.548576e-05
[itstep]        16    2.000         3.200e-01     -2.0188502064      6.612327e-07      6.306007e-02     -4.171653e-06
[itstep]        17    2.000         3.200e-01     -2.0188505707      1.804477e-07      1.720883e-02     -1.138428e-06
[itstep]        18    2.000         3.200e-01     -2.0188506705      4.942134e-08      4.713186e-03     -3.117947e-07
[itstep]        19    2.000         3.200e-01     -2.0188506978      1.354911e-08      1.292144e-03     -8.548009e-08
[update_dt]  (i= 20) Reduced time step from   0.320000 to   0.256000
[update_E0]  (i= 20) Extrapolated energy ground state E0:  -2.018928
[itstep]        20    2.000         2.560e-01     -2.0188507053      3.715592e-09      3.543465e-04     -2.344133e-08
[itstep]        21    2.000         2.560e-01     -2.0188845268      1.675284e-05      3.900575e+00     -1.321152e-04
[itstep]        22    2.000         2.560e-01     -2.0188944799      4.929981e-06      1.147851e+00     -3.887915e-05
[itstep]        23    2.000         2.560e-01     -2.0188977561      1.622771e-06      3.778309e-01     -1.279767e-05
[itstep]        24    2.000         2.560e-01     -2.0188988875      5.603920e-07      1.304764e-01     -4.419431e-06
[itstep]        25    2.000         2.560e-01     -2.0188992854      1.970979e-07      4.589043e-02     -1.554378e-06
[itstep]        26    2.000         2.560e-01     -2.0188994263      6.978719e-08      1.624860e-02     -5.503645e-07
[itstep]        27    2.000         2.560e-01     -2.0188994763      2.476916e-08      5.767020e-03     -1.953377e-07
[itstep]        28    2.000         2.560e-01     -2.0188994940      8.798701e-09      2.048607e-03     -6.938943e-08
[update_dt]  (i= 29) Reduced time step from   0.256000 to   0.204800
[update_E0]  (i= 29) Extrapolated energy ground state E0:  -2.018933
[itstep]        29    2.000         2.048e-01     -2.0188995004      3.126497e-09      7.279444e-04     -2.465658e-08
[itstep]        30    2.000         2.048e-01     -2.0189123287      6.354109e-06      3.611893e+00     -6.263822e-05
[itstep]        31    2.000         2.048e-01     -2.0189170477      2.337422e-06      1.328671e+00     -2.304224e-05
[itstep]        32    2.000         2.048e-01     -2.0189189408      9.376989e-07      5.330201e-01     -9.243829e-06
[itstep]        33    2.000         2.048e-01     -2.0189197360      3.938602e-07      2.238836e-01     -3.882675e-06
[itstep]        34    2.000         2.048e-01     -2.0189200774      1.691163e-07      9.613150e-02     -1.667150e-06
[itstep]        35    2.000         2.048e-01     -2.0189202255      7.334834e-08      4.169370e-02     -7.230685e-07
[itstep]        36    2.000         2.048e-01     -2.0189202900      3.195493e-08      1.816427e-02     -3.150119e-07
[itstep]        37    2.000         2.048e-01     -2.0189203182      1.394896e-08      7.929065e-03     -1.375090e-07
[itstep]        38    2.000         2.048e-01     -2.0189203305      6.094269e-09      3.464191e-03     -6.007736e-08
[itstep]        39    2.000         2.048e-01     -2.0189203359      2.663581e-09      1.514070e-03     -2.625761e-08
[update_dt]  (i= 40) Reduced time step from   0.204800 to   0.163840
[update_E0]  (i= 40) Extrapolated energy ground state E0:  -2.018935
[itstep]        40    2.000         1.638e-01     -2.0189203382      1.164347e-09      6.618546e-04     -1.147814e-08
[itstep]        41    2.000         1.638e-01     -2.0189250565      2.337013e-06      3.243257e+00     -2.879787e-05
[itstep]        42    2.000         1.638e-01     -2.0189271432      1.033598e-06      1.434405e+00     -1.273655e-05
[itstep]        43    2.000         1.638e-01     -2.0189281274      4.874443e-07      6.764649e-01     -6.006558e-06
[itstep]        44    2.000         1.638e-01     -2.0189286105      2.392906e-07      3.320825e-01     -2.948673e-06
[itstep]        45    2.000         1.638e-01     -2.0189288532      1.202107e-07      1.668259e-01     -1.481304e-06
[itstep]        46    2.000         1.638e-01     -2.0189289766      6.115615e-08      8.487121e-02     -7.536006e-07
[itstep]        47    2.000         1.638e-01     -2.0189290399      3.132227e-08      4.346838e-02     -3.859707e-07
[itstep]        48    2.000         1.638e-01     -2.0189290724      1.609887e-08      2.234167e-02     -1.983793e-07
[itstep]        49    2.000         1.638e-01     -2.0189290891      8.289592e-09      1.150412e-02     -1.021490e-07
[itstep]        50    2.000         1.638e-01     -2.0189290977      4.272511e-09      5.929300e-03     -5.264829e-08
[itstep]        51    2.000         1.638e-01     -2.0189291022      2.203161e-09      3.057500e-03     -2.714859e-08
[itstep]        52    2.000         1.638e-01     -2.0189291045      1.136371e-09      1.577032e-03     -1.400301e-08
[update_dt]  (i= 53) Reduced time step from   0.163840 to   0.131072
[update_E0]  (i= 53) Extrapolated energy ground state E0:  -2.018935
[itstep]        53    2.000         1.311e-01     -2.0189291057      5.862047e-10      8.135224e-04     -7.223546e-09
[itstep]        54    2.000         1.311e-01     -2.0189308002      8.393408e-07      2.843797e+00     -1.292854e-05
[itstep]        55    2.000         1.311e-01     -2.0189316726      4.321180e-07      1.464073e+00     -6.656008e-06
[itstep]        56    2.000         1.311e-01     -2.0189321429      2.329190e-07      7.891602e-01     -3.587704e-06
[itstep]        57    2.000         1.311e-01     -2.0189324047      1.296951e-07      4.394241e-01     -1.997723e-06
[itstep]        58    2.000         1.311e-01     -2.0189325537      7.378970e-08      2.500092e-01     -1.136600e-06
[itstep]        59    2.000         1.311e-01     -2.0189326396      4.255935e-08      1.441967e-01     -6.555516e-07
[itstep]        60    2.000         1.311e-01     -2.0189326896      2.475394e-08      8.386959e-02     -3.812906e-07
[itstep]        61    2.000         1.311e-01     -2.0189327188      1.447110e-08      4.902999e-02     -2.229017e-07
[itstep]        62    2.000         1.311e-01     -2.0189327360      8.485554e-09      2.875018e-02     -1.307050e-07
[itstep]        63    2.000         1.311e-01     -2.0189327460      4.984765e-09      1.688904e-02     -7.678151e-08
[itstep]        64    2.000         1.311e-01     -2.0189327519      2.931395e-09      9.931952e-03     -4.515296e-08
[itstep]        65    2.000         1.311e-01     -2.0189327554      1.724960e-09      5.844390e-03     -2.656996e-08
[itstep]        66    2.000         1.311e-01     -2.0189327575      1.015421e-09      3.440381e-03     -1.564077e-08
[itstep]        67    2.000         1.311e-01     -2.0189327587      5.978735e-10      2.025674e-03     -9.209186e-09
[itstep]        68    2.000         1.311e-01     -2.0189327594      3.520687e-10      1.192855e-03     -5.422996e-09
[update_dt]  (i= 69) Reduced time step from   0.131072 to   0.104858
[update_E0]  (i= 69) Extrapolated energy ground state E0:  -2.018935
[itstep]        69    2.000         1.049e-01     -2.0189327598      2.073385e-10      7.024902e-04     -3.193684e-09
[itstep]        70    2.000         1.049e-01     -2.0189333571      2.958268e-07      2.447022e+00     -5.695863e-06
[itstep]        71    2.000         1.049e-01     -2.0189337055      1.725732e-07      1.427492e+00     -3.322733e-06
[itstep]        72    2.000         1.049e-01     -2.0189339153      1.039390e-07      8.597633e-01     -2.001247e-06
[itstep]        73    2.000         1.049e-01     -2.0189340449      6.417343e-08      5.308302e-01     -1.235599e-06
[itstep]        74    2.000         1.049e-01     -2.0189341264      4.035434e-08      3.338033e-01     -7.769848e-07
[itstep]        75    2.000         1.049e-01     -2.0189341783      2.570929e-08      2.126622e-01     -4.950081e-07
[itstep]        76    2.000         1.049e-01     -2.0189342116      1.652783e-08      1.367150e-01     -3.182277e-07
[itstep]        77    2.000         1.049e-01     -2.0189342332      1.069084e-08      8.843256e-02     -2.058421e-07
[itstep]        78    2.000         1.049e-01     -2.0189342472      6.943870e-09      5.743835e-02     -1.336977e-07
[itstep]        79    2.000         1.049e-01     -2.0189342564      4.522574e-09      3.740986e-02     -8.707791e-08
[itstep]        80    2.000         1.049e-01     -2.0189342623      2.950942e-09      2.440962e-02     -5.681761e-08
[itstep]        81    2.000         1.049e-01     -2.0189342662      1.927777e-09      1.594620e-02     -3.711753e-08
[itstep]        82    2.000         1.049e-01     -2.0189342688      1.260366e-09      1.042550e-02     -2.426715e-08
[itstep]        83    2.000         1.049e-01     -2.0189342704      8.244443e-10      6.819643e-03     -1.587390e-08
[itstep]        84    2.000         1.049e-01     -2.0189342715      5.394782e-10      4.462459e-03     -1.038714e-08
[itstep]        85    2.000         1.049e-01     -2.0189342722      3.530886e-10      2.920680e-03     -6.798388e-09
[itstep]        86    2.000         1.049e-01     -2.0189342727      2.311312e-10      1.911873e-03     -4.450214e-09
[itstep]        87    2.000         1.049e-01     -2.0189342730      1.513111e-10      1.251616e-03     -2.913353e-09
[update_dt]  (i= 88) Reduced time step from   0.104858 to   0.083886
[update_E0]  (i= 88) Extrapolated energy ground state E0:  -2.018935
[itstep]        88    2.000         8.389e-02     -2.0189342732      9.906481e-11      8.194449e-04     -1.907400e-09

[info]       steps       dt                E0                 E
[output]        89    0.084     -2.0189353231     -2.0189342732
