[conf]                N              10
[conf]                J            0.138
[conf]             beta           1.000
[conf]              dt0       4.000e-01
[conf]        eps_trunc       1.000e-04
[conf]           eps_dt       9.000e-02
[conf]          eps_tol       1.000e-03
[conf]             Dmax              10
[conf]           dt_red           0.800
[conf]         phys_gap       1.000e-03
[info]           i      MBD                dt                 E           rel_err           exp_err             slope
[itstep]         0    6.444         4.000e-01     -4.6586270394      1.000000e+00      1.000000e-03     -1.294689e+01
[itstep]         1    6.444         4.000e-01     -7.2940542203      5.657090e-01      2.209801e+04     -6.588568e+00
[itstep]         2    6.444         4.000e-01     -8.4946104843      1.645938e-01      6.429446e+03     -3.001391e+00
[itstep]         3    6.444         4.000e-01     -9.3690543830      1.029410e-01      4.021134e+03     -2.186110e+00
[itstep]         4    6.444         4.000e-01     -9.8445437719      5.075105e-02      1.982463e+03     -1.188723e+00
[itstep]         5    6.444         4.000e-01     -9.9939901913      1.518063e-02      5.929935e+02     -3.736160e-01
[itstep]         6    6.444         4.000e-01    -10.0310610581      3.709316e-03      1.448952e+02     -9.267717e-02
[itstep]         7    6.444         4.000e-01    -10.0397548399      8.666862e-04      3.385493e+01     -2.173445e-02
[itstep]         8    6.444         4.000e-01    -10.0417846412      2.021764e-04      7.897515e+00     -5.074503e-03
[itstep]         9    6.444         4.000e-01    -10.0422616740      4.750479e-05      1.855656e+00     -1.192582e-03
[itstep]        10    6.444         4.000e-01    -10.0423746597      1.125102e-05      4.394930e-01     -2.824642e-04
[itstep]        11    6.444         4.000e-01    -10.0424016070      2.683353e-06      1.048185e-01     -6.736808e-05
[itstep]        12    6.444         4.000e-01    -10.0424080715      6.437224e-07      2.514541e-02     -1.616130e-05
[itstep]        13    6.444         4.000e-01    -10.0424096298      1.551730e-07      6.061447e-03     -3.895778e-06
[itstep]        14    6.444         4.000e-01    -10.0424100069      3.755513e-08      1.466997e-03     -9.428600e-07
[update_dt]  (i= 15) Reduced time step from   0.400000 to   0.320000
[update_E0]  (i= 15) Extrapolated energy ground state E0: -17.370350
[itstep]        15    6.444         3.200e-01    -10.0424100985      9.119384e-09      3.562259e-04     -2.289515e-07
[itstep]        16    6.444         3.200e-01    -10.0426004705      1.895680e-05      1.807861e+00     -5.949124e-04
[itstep]        17    6.444         3.200e-01    -10.0426428671      4.221680e-06      4.026108e-01     -1.324895e-04
[itstep]        18    6.444         3.200e-01    -10.0426537706      1.085724e-06      1.035427e-01     -3.407354e-05
[itstep]        19    6.444         3.200e-01    -10.0426567209      2.937713e-07      2.801621e-02     -9.219510e-06
[itstep]        20    6.444         3.200e-01    -10.0426575349      8.105769e-08      7.730264e-03     -2.543858e-06
[itstep]        21    6.444         3.200e-01    -10.0426577619      2.259981e-08      2.155285e-03     -7.092566e-07
[update_dt]  (i= 22) Reduced time step from   0.320000 to   0.256000
[update_E0]  (i= 22) Extrapolated energy ground state E0: -10.042830
[itstep]        22    6.444         2.560e-01    -10.0426578257      6.350311e-09      6.056129e-04     -1.992938e-07
[itstep]        23    6.444         2.560e-01    -10.0427331543      7.500865e-06      1.746431e+00     -2.942524e-04
[itstep]        24    6.444         2.560e-01    -10.0427551419      2.189407e-06      5.097611e-01     -8.588919e-05
[itstep]        25    6.444         2.560e-01    -10.0427623543      7.181660e-07      1.672111e-01     -2.817330e-05
[itstep]        26    6.444         2.560e-01    -10.0427648453      2.480392e-07      5.775112e-02     -9.730462e-06
[itstep]        27    6.444         2.560e-01    -10.0427657250      8.759936e-08      2.039582e-02     -3.436484e-06
[itstep]        28    6.444         2.560e-01    -10.0427660391      3.127800e-08      7.282478e-03     -1.227022e-06
[itstep]        29    6.444         2.560e-01    -10.0427661521      1.124379e-08      2.617899e-03     -4.410889e-07
[update_dt]  (i= 30) Reduced time step from   0.256000 to   0.204800
[update_E0]  (i= 30) Extrapolated energy ground state E0: -10.042841
[itstep]        30    6.444         2.048e-01    -10.0427661929      4.063026e-09      9.459969e-04     -1.593907e-07
[itstep]        31    6.444         2.048e-01    -10.0427948259      2.851111e-06      1.620669e+00     -1.398098e-04
[itstep]        32    6.444         2.048e-01    -10.0428052777      1.040725e-06      5.915837e-01     -5.103412e-05
[itstep]        33    6.444         2.048e-01    -10.0428094530      4.157498e-07      2.363264e-01     -2.038718e-05
[itstep]        34    6.444         2.048e-01    -10.0428112035      1.743014e-07      9.907886e-02     -8.547244e-06
[itstep]        35    6.444         2.048e-01    -10.0428119555      7.487909e-08      4.256383e-02     -3.671858e-06
[itstep]        36    6.444         2.048e-01    -10.0428122826      3.257635e-08      1.851751e-02     -1.597452e-06
[itstep]        37    6.444         2.048e-01    -10.0428124260      1.427482e-08      8.114293e-03     -6.999965e-07
[itstep]        38    6.444         2.048e-01    -10.0428124891      6.284981e-09      3.572598e-03     -3.081977e-07
[itstep]        39    6.444         2.048e-01    -10.0428125170      2.777327e-09      1.578727e-03     -1.361922e-07
[update_dt]  (i= 40) Reduced time step from   0.204800 to   0.163840
[update_E0]  (i= 40) Extrapolated energy ground state E0: -10.042845
[itstep]        40    6.444         1.638e-01    -10.0428125293      1.231180e-09      6.998451e-04     -6.037361e-08
[itstep]        41    6.444         1.638e-01    -10.0428230767      1.050241e-06      1.457502e+00     -6.437606e-05
[itstep]        42    6.444         1.638e-01    -10.0428277088      4.612361e-07      6.400937e-01     -2.827217e-05
[itstep]        43    6.444         1.638e-01    -10.0428298838      2.165723e-07      3.005544e-01     -1.327513e-05
[itstep]        44    6.444         1.638e-01    -10.0428309487      1.060314e-07      1.471481e-01     -6.499358e-06
[itstep]        45    6.444         1.638e-01    -10.0428314830      5.320002e-08      7.382986e-02     -3.260979e-06
[itstep]        46    6.444         1.638e-01    -10.0428317549      2.707264e-08      3.757083e-02     -1.659460e-06
[itstep]        47    6.444         1.638e-01    -10.0428318944      1.389242e-08      1.927961e-02     -8.515581e-07
[itstep]        48    6.444         1.638e-01    -10.0428319663      7.166444e-09      9.945438e-03     -4.392785e-07
[itstep]        49    6.444         1.638e-01    -10.0428320036      3.710168e-09      5.148893e-03     -2.274206e-07
[itstep]        50    6.444         1.638e-01    -10.0428320229      1.926065e-09      2.672952e-03     -1.180612e-07
[itstep]        51    6.444         1.638e-01    -10.0428320330      1.002165e-09      1.390783e-03     -6.142929e-08
[update_dt]  (i= 52) Reduced time step from   0.163840 to   0.131072
[update_E0]  (i= 52) Extrapolated energy ground state E0: -10.042846
[itstep]        52    6.444         1.311e-01    -10.0428320383      5.225028e-10      7.251183e-04     -3.202764e-08
[itstep]        53    6.444         1.311e-01    -10.0428358313      3.776888e-07      1.279660e+00     -2.893879e-05
[itstep]        54    6.444         1.311e-01    -10.0428377720      1.932378e-07      6.547151e-01     -1.480603e-05
[itstep]        55    6.444         1.311e-01    -10.0428388136      1.037196e-07      3.514155e-01     -7.947072e-06
[itstep]        56    6.444         1.311e-01    -10.0428393919      5.758348e-08      1.951004e-01     -4.412091e-06
[itstep]        57    6.444         1.311e-01    -10.0428397203      3.269728e-08      1.107827e-01     -2.505291e-06
[itstep]        58    6.444         1.311e-01    -10.0428399095      1.883879e-08      6.382831e-02     -1.443443e-06
[itstep]        59    6.444         1.311e-01    -10.0428400195      1.095631e-08      3.712143e-02     -8.394813e-07
[itstep]        60    6.444         1.311e-01    -10.0428400839      6.411085e-09      2.172160e-02     -4.912224e-07
[itstep]        61    6.444         1.311e-01    -10.0428401217      3.766947e-09      1.276291e-02     -2.886265e-07
[itstep]        62    6.444         1.311e-01    -10.0428401440      2.219821e-09      7.521045e-03     -1.700844e-07
[itstep]        63    6.444         1.311e-01    -10.0428401572      1.311004e-09      4.441853e-03     -1.004501e-07
[itstep]        64    6.444         1.311e-01    -10.0428401650      7.756411e-10      2.627974e-03     -5.943023e-08
[itstep]        65    6.444         1.311e-01    -10.0428401696      4.596014e-10      1.557190e-03     -3.521502e-08
[update_dt]  (i= 66) Reduced time step from   0.131072 to   0.104858
[update_E0]  (i= 66) Extrapolated energy ground state E0: -10.042846
[itstep]        66    6.444         1.049e-01    -10.0428401723      2.726977e-10      9.239356e-04     -2.089431e-08
[itstep]        67    6.444         1.049e-01    -10.0428415111      1.333093e-07      1.102708e+00     -1.276783e-05
[itstep]        68    6.444         1.049e-01    -10.0428422879      7.734623e-08      6.397930e-01     -7.407913e-06
[itstep]        69    6.444         1.049e-01    -10.0428427539      4.640114e-08      3.838212e-01     -4.444116e-06
[itstep]        70    6.444         1.049e-01    -10.0428430408      2.856422e-08      2.362777e-01     -2.735767e-06
[itstep]        71    6.444         1.049e-01    -10.0428432208      1.792213e-08      1.482484e-01     -1.716510e-06
[itstep]        72    6.444         1.049e-01    -10.0428433353      1.139955e-08      9.429488e-02     -1.091804e-06
[itstep]        73    6.444         1.049e-01    -10.0428434088      7.320957e-09      6.055754e-02     -7.011721e-07
[itstep]        74    6.444         1.049e-01    -10.0428434563      4.733504e-09      3.915463e-02     -4.533562e-07
[itstep]        75    6.444         1.049e-01    -10.0428434872      3.075180e-09      2.543729e-02     -2.945285e-07
[itstep]        76    6.444         1.049e-01    -10.0428435073      2.004671e-09      1.658225e-02     -1.919994e-07
[itstep]        77    6.444         1.049e-01    -10.0428435205      1.310115e-09      1.083702e-02     -1.254776e-07
[itstep]        78    6.444         1.049e-01    -10.0428435291      8.578411e-10      7.095895e-03     -8.216060e-08
[itstep]        79    6.444         1.049e-01    -10.0428435348      5.625511e-10      4.653313e-03     -5.387890e-08
[itstep]        80    6.444         1.049e-01    -10.0428435385      3.693688e-10      3.055347e-03     -3.537667e-08
[itstep]        81    6.444         1.049e-01    -10.0428435409      2.427847e-10      2.008268e-03     -2.325295e-08
[itstep]        82    6.444         1.049e-01    -10.0428435425      1.597372e-10      1.321315e-03     -1.529899e-08
[update_dt]  (i= 83) Reduced time step from   0.104858 to   0.083886
[update_E0]  (i= 83) Extrapolated energy ground state E0: -10.042846
[itstep]        83    6.444         8.389e-02    -10.0428435436      1.051868e-10      8.700848e-04     -1.007437e-08

[info]       steps       dt                E0                 E
[output]        84    0.084    -10.0428458824    -10.0428435436
