[conf]                N               2
[conf]                J            0.138
[conf]             beta           1.000
[conf]              dt0       4.000e-01
[conf]        eps_trunc       1.000e-04
[conf]           eps_dt       9.000e-02
[conf]          eps_tol       1.000e-03
[conf]             Dmax              10
[conf]           dt_red           0.800
[conf]         phys_gap       1.000e-03
[info]           i      MBD                dt                 E           rel_err           exp_err             slope
[itstep]         0    2.000         4.000e-01     -0.5418785437      1.000000e+00      1.000000e-03     -1.730763e+00
[itstep]         1    2.000         4.000e-01     -1.3594708486      1.508811e+00      5.893793e+04     -2.043981e+00
[itstep]         2    2.000         4.000e-01     -1.8296839346      3.458795e-01      1.351092e+04     -1.175533e+00
[itstep]         3    2.000         4.000e-01     -1.9659563935      7.447869e-02      2.909324e+03     -3.406811e-01
[itstep]         4    2.000         4.000e-01     -1.9964956866      1.553406e-02      6.067994e+02     -7.634823e-02
[itstep]         5    2.000         4.000e-01     -2.0029676583      3.241666e-03      1.266276e+02     -1.617993e-02
[itstep]         6    2.000         4.000e-01     -2.0043336936      6.820056e-04      2.664085e+01     -3.415088e-03
[itstep]         7    2.000         4.000e-01     -2.0046239211      1.448000e-04      5.656251e+00     -7.255689e-04
[itstep]         8    2.000         4.000e-01     -2.0046860783      3.100692e-05      1.211208e+00     -1.553930e-04
[itstep]         9    2.000         4.000e-01     -2.0046994905      6.690403e-06      2.613439e-01     -3.353040e-05
[itstep]        10    2.000         4.000e-01     -2.0047024037      1.453185e-06      5.676505e-02     -7.283000e-06
[itstep]        11    2.000         4.000e-01     -2.0047030400      3.174345e-07      1.239978e-02     -1.590904e-06
[itstep]        12    2.000         4.000e-01     -2.0047031797      6.967462e-08      2.721665e-03     -3.491923e-07
[update_dt]  (i= 13) Reduced time step from   0.400000 to   0.320000
[update_E0]  (i= 13) Extrapolated energy ground state E0:  -3.499861
[itstep]        13    2.000         3.200e-01     -2.0047032105      1.535486e-08      5.997993e-04     -7.695486e-08
[itstep]        14    2.000         3.200e-01     -2.0047238226      1.028185e-05      9.805540e-01     -6.441271e-05
[itstep]        15    2.000         3.200e-01     -2.0047285005      2.333473e-06      2.225373e-01     -1.461865e-05
[itstep]        16    2.000         3.200e-01     -2.0047297174      6.070060e-07      5.788860e-02     -3.802757e-06
[itstep]        17    2.000         3.200e-01     -2.0047300485      1.651580e-07      1.575070e-02     -1.034679e-06
[itstep]        18    2.000         3.200e-01     -2.0047301398      4.553090e-08      4.342165e-03     -2.852411e-07
[itstep]        19    2.000         3.200e-01     -2.0047301651      1.259845e-08      1.201482e-03     -7.892655e-08
[update_dt]  (i= 20) Reduced time step from   0.320000 to   0.256000
[update_E0]  (i= 20) Extrapolated energy ground state E0:  -2.004749
[itstep]        20    2.000         2.560e-01     -2.0047301720      3.489605e-09      3.327947e-04     -2.186161e-08
[itstep]        21    2.000         2.560e-01     -2.0047383047      4.056714e-06      9.445273e-01     -3.176803e-05
[itstep]        22    2.000         2.560e-01     -2.0047407183      1.203988e-06      2.803252e-01     -9.428439e-06
[itstep]        23    2.000         2.560e-01     -2.0047415189      3.993079e-07      9.297111e-02     -3.126987e-06
[itstep]        24    2.000         2.560e-01     -2.0047417974      1.389331e-07      3.234789e-02     -1.087988e-06
[itstep]        25    2.000         2.560e-01     -2.0047418961      4.924062e-08      1.146473e-02     -3.856044e-07
[itstep]        26    2.000         2.560e-01     -2.0047419313      1.757085e-08      4.091033e-03     -1.375978e-07
[itstep]        27    2.000         2.560e-01     -2.0047419439      6.285359e-09      1.463424e-03     -4.922079e-08
[update_dt]  (i= 28) Reduced time step from   0.256000 to   0.204800
[update_E0]  (i= 28) Extrapolated energy ground state E0:  -2.004750
[itstep]        28    2.000         2.048e-01     -2.0047419484      2.250355e-09      5.239515e-04     -1.762258e-08
[itstep]        29    2.000         2.048e-01     -2.0047450329      1.538583e-06      8.745833e-01     -1.506085e-05
[itstep]        30    2.000         2.048e-01     -2.0047461753      5.698264e-07      3.239088e-01     -5.577913e-06
[itstep]        31    2.000         2.048e-01     -2.0047466363      2.299580e-07      1.307160e-01     -2.251013e-06
[itstep]        32    2.000         2.048e-01     -2.0047468310      9.714914e-08      5.522289e-02     -9.509737e-07
[itstep]        33    2.000         2.048e-01     -2.0047469151      4.195906e-08      2.385096e-02     -4.107290e-07
[itstep]        34    2.000         2.048e-01     -2.0047469518      1.830701e-08      1.040633e-02     -1.792037e-07
[itstep]        35    2.000         2.048e-01     -2.0047469679      8.023875e-09      4.561045e-03     -7.854413e-08
[itstep]        36    2.000         2.048e-01     -2.0047469750      3.523929e-09      2.003122e-03     -3.449505e-08
[update_dt]  (i= 37) Reduced time step from   0.204800 to   0.163840
[update_E0]  (i= 37) Extrapolated energy ground state E0:  -2.004750
[itstep]        37    2.000         1.638e-01     -2.0047469781      1.549020e-09      8.805157e-04     -1.516305e-08
[itstep]        38    2.000         1.638e-01     -2.0047481130      5.661120e-07      7.856382e-01     -6.926949e-06
[itstep]        39    2.000         1.638e-01     -2.0047486177      2.517321e-07      3.493485e-01     -3.080197e-06
[itstep]        40    2.000         1.638e-01     -2.0047488568      1.192818e-07      1.655367e-01     -1.459533e-06
[itstep]        41    2.000         1.638e-01     -2.0047489747      5.882220e-08      8.163221e-02     -7.197494e-07
[itstep]        42    2.000         1.638e-01     -2.0047490342      2.968404e-08      4.119488e-02     -3.632144e-07
[itstep]        43    2.000         1.638e-01     -2.0047490646      1.517094e-08      2.105390e-02     -1.856318e-07
[itstep]        44    2.000         1.638e-01     -2.0047490803      7.806355e-09      1.083349e-02     -9.551870e-08
[itstep]        45    2.000         1.638e-01     -2.0047490884      4.031228e-09      5.594452e-03     -4.932617e-08
[itstep]        46    2.000         1.638e-01     -2.0047490926      2.085634e-09      2.894399e-03     -2.551986e-08
[itstep]        47    2.000         1.638e-01     -2.0047490947      1.080097e-09      1.498935e-03     -1.321608e-08
[update_dt]  (i= 48) Reduced time step from   0.163840 to   0.131072
[update_E0]  (i= 48) Extrapolated energy ground state E0:  -2.004751
[itstep]        48    2.000         1.311e-01     -2.0047490958      5.596364e-10      7.766515e-04     -6.847721e-09
[itstep]        49    2.000         1.311e-01     -2.0047495034      2.032857e-07      6.887588e-01     -3.109260e-06
[itstep]        50    2.000         1.311e-01     -2.0047497141      1.051164e-07      3.561481e-01     -1.607757e-06
[itstep]        51    2.000         1.311e-01     -2.0047498281      5.687928e-08      1.927145e-01     -8.699701e-07
[itstep]        52    2.000         1.311e-01     -2.0047498919      3.178697e-08      1.076984e-01     -4.861825e-07
[itstep]        53    2.000         1.311e-01     -2.0047499282      1.814954e-08      6.149305e-02     -2.775978e-07
[itstep]        54    2.000         1.311e-01     -2.0047499493      1.050545e-08      3.559384e-02     -1.606811e-07
[itstep]        55    2.000         1.311e-01     -2.0047499616      6.132424e-09      2.077746e-02     -9.379559e-08
[itstep]        56    2.000         1.311e-01     -2.0047499688      3.598141e-09      1.219098e-02     -5.503367e-08
[itstep]        57    2.000         1.311e-01     -2.0047499731      2.117696e-09      7.175034e-03     -3.239022e-08
[itstep]        58    2.000         1.311e-01     -2.0047499756      1.248672e-09      4.230665e-03     -1.909847e-08
[itstep]        59    2.000         1.311e-01     -2.0047499770      7.370705e-10      2.497292e-03     -1.127351e-08
[itstep]        60    2.000         1.311e-01     -2.0047499779      4.353632e-10      1.475068e-03     -6.658892e-09
[update_dt]  (i= 61) Reduced time step from   0.131072 to   0.104858
[update_E0]  (i= 61) Extrapolated energy ground state E0:  -2.004751
[itstep]        61    2.000         1.049e-01     -2.0047499784      2.572528e-10      8.716062e-04     -3.934688e-09
[itstep]        62    2.000         1.049e-01     -2.0047501221      7.167858e-08      5.929113e-01     -1.370407e-06
[itstep]        63    2.000         1.049e-01     -2.0047502063      4.196147e-08      3.470971e-01     -8.022524e-07
[itstep]        64    2.000         1.049e-01     -2.0047502571      2.535269e-08      2.097126e-01     -4.847128e-07
[itstep]        65    2.000         1.049e-01     -2.0047502885      1.569914e-08      1.298602e-01     -3.001484e-07
[itstep]        66    2.000         1.049e-01     -2.0047503084      9.900139e-09      8.189203e-02     -1.892787e-07
[itstep]        67    2.000         1.049e-01     -2.0047503211      6.324976e-09      5.231898e-02     -1.209259e-07
[itstep]        68    2.000         1.049e-01     -2.0047503293      4.077625e-09      3.372933e-02     -7.795926e-08
[itstep]        69    2.000         1.049e-01     -2.0047503346      2.645076e-09      2.187956e-02     -5.057066e-08
[itstep]        70    2.000         1.049e-01     -2.0047503380      1.722968e-09      1.425206e-02     -3.294106e-08
[itstep]        71    2.000         1.049e-01     -2.0047503403      1.125444e-09      9.309457e-03     -2.151713e-08
[itstep]        72    2.000         1.049e-01     -2.0047503417      7.365013e-10      6.092196e-03     -1.408101e-08
[itstep]        73    2.000         1.049e-01     -2.0047503427      4.825629e-10      3.991667e-03     -9.226018e-09
[itstep]        74    2.000         1.049e-01     -2.0047503433      3.164342e-10      2.617483e-03     -6.049840e-09
[itstep]        75    2.000         1.049e-01     -2.0047503438      2.076089e-10      1.717300e-03     -3.969230e-09
[itstep]        76    2.000         1.049e-01     -2.0047503440      1.362564e-10      1.127087e-03     -2.605058e-09
[update_dt]  (i= 77) Reduced time step from   0.104858 to   0.083886
[update_E0]  (i= 77) Extrapolated energy ground state E0:  -2.004751
[itstep]        77    2.000         8.389e-02     -2.0047503442      8.944849e-11      7.399006e-04     -1.710147e-09

[info]       steps       dt                E0                 E
[output]        78    0.084     -2.0047505980     -2.0047503442
