[conf]                N               2
[conf]                J            3.172
[conf]             beta           1.000
[conf]              dt0       4.000e-01
[conf]        eps_trunc       1.000e-04
[conf]           eps_dt       9.000e-02
[conf]          eps_tol       1.000e-03
[conf]             Dmax              10
[conf]           dt_red           0.800
[conf]         phys_gap       1.000e-03
[info]           i      MBD                dt                 E           rel_err           exp_err             slope
[itstep]         0    2.000         4.000e-01     -3.2180087417      1.000000e+00      1.000000e-03     -5.732519e+00
[itstep]         1    2.000         4.000e-01     -3.2928032890      2.324249e-02      9.079099e+02     -1.869864e-01
[itstep]         2    2.000         4.000e-01     -3.3601254650      2.044525e-02      7.986425e+02     -1.683054e-01
[itstep]         3    2.000         4.000e-01     -3.4357638471      2.251058e-02      8.793196e+02     -1.890960e-01
[itstep]         4    2.000         4.000e-01     -3.5056029499      2.032710e-02      7.940272e+02     -1.745978e-01
[itstep]         5    2.000         4.000e-01     -3.5589545514      1.521895e-02      5.944903e+02     -1.333790e-01
[itstep]         6    2.000         4.000e-01     -3.5940979145      9.874631e-03      3.857278e+02     -8.785841e-02
[itstep]         7    2.000         4.000e-01     -3.6150433137      5.827721e-03      2.276453e+02     -5.236350e-02
[itstep]         8    2.000         4.000e-01     -3.6267900528      3.249405e-03      1.269299e+02     -2.936685e-02
[itstep]         9    2.000         4.000e-01     -3.6331541008      1.754733e-03      6.854426e+01     -1.591012e-02
[itstep]        10    2.000         4.000e-01     -3.6365374892      9.312538e-04      3.637710e+01     -8.458471e-03
[itstep]        11    2.000         4.000e-01     -3.6383181975      4.896714e-04      1.912779e+01     -4.451771e-03
[itstep]        12    2.000         4.000e-01     -3.6392504300      2.562262e-04      1.000884e+01     -2.330581e-03
[itstep]        13    2.000         4.000e-01     -3.6397371119      1.337314e-04      5.223881e+00     -1.216705e-03
[itstep]        14    2.000         4.000e-01     -3.6399908196      6.970496e-05      2.722850e+00     -6.342693e-04
[itstep]        15    2.000         4.000e-01     -3.6401229773      3.630715e-05      1.418248e+00     -3.303942e-04
[itstep]        16    2.000         4.000e-01     -3.6401917917      1.890442e-05      7.384539e-01     -1.720360e-04
[itstep]        17    2.000         4.000e-01     -3.6402276159      9.841302e-06      3.844259e-01     -8.956057e-05
[itstep]        18    2.000         4.000e-01     -3.6402462638      5.122703e-06      2.001056e-01     -4.661951e-05
[itstep]        19    2.000         4.000e-01     -3.6402559701      2.666389e-06      1.041558e-01     -2.426578e-05
[itstep]        20    2.000         4.000e-01     -3.6402610221      1.387830e-06      5.421212e-02     -1.263014e-05
[itstep]        21    2.000         4.000e-01     -3.6402636516      7.223426e-07      2.821651e-02     -6.573789e-06
[itstep]        22    2.000         4.000e-01     -3.6402650202      3.759646e-07      1.468612e-02     -3.421525e-06
[itstep]        23    2.000         4.000e-01     -3.6402657326      1.956811e-07      7.643795e-03     -1.780828e-06
[itstep]        24    2.000         4.000e-01     -3.6402661033      1.018475e-07      3.978416e-03     -9.268796e-07
[itstep]        25    2.000         4.000e-01     -3.6402662963      5.300917e-08      2.070671e-03     -4.824187e-07
[itstep]        26    2.000         4.000e-01     -3.6402663967      2.758999e-08      1.077734e-03     -2.510873e-07
[update_dt]  (i= 27) Reduced time step from   0.400000 to   0.320000
[update_E0]  (i= 27) Extrapolated energy ground state E0:  -5.524028
[itstep]        27    2.000         3.200e-01     -3.6402664490      1.435992e-08      5.609343e-04     -1.306848e-07
[itstep]        28    2.000         3.200e-01     -3.6949409495      1.501937e-02      1.432359e+03     -1.708578e-01
[itstep]        29    2.000         3.200e-01     -3.6985954420      9.890530e-04      9.432345e+01     -1.142029e-02
[itstep]        30    2.000         3.200e-01     -3.6988886614      7.927859e-05      7.560595e+00     -9.163107e-04
[itstep]        31    2.000         3.200e-01     -3.6989125958      6.470676e-06      6.170917e-01     -7.479472e-05
[itstep]        32    2.000         3.200e-01     -3.6989145549      5.296540e-07      5.051174e-02     -6.122324e-06
[itstep]        33    2.000         3.200e-01     -3.6989147170      4.382016e-08      4.179016e-03     -5.065220e-07
[update_dt]  (i= 34) Reduced time step from   0.320000 to   0.256000
[update_E0]  (i= 34) Extrapolated energy ground state E0:  -3.739603
[itstep]        34    2.000         2.560e-01     -3.6989147315      3.911563e-09      3.730357e-04     -4.521418e-08
[itstep]        35    2.000         2.560e-01     -3.7240976107      6.808181e-03      1.585153e+03     -9.837062e-02
[itstep]        36    2.000         2.560e-01     -3.7269281890      7.600709e-04      1.769678e+02     -1.105695e-02
[itstep]        37    2.000         2.560e-01     -3.7273079123      1.018864e-04      2.372228e+01     -1.483294e-03
[itstep]        38    2.000         2.560e-01     -3.7273603194      1.406029e-05      3.273666e+00     -2.047149e-04
[itstep]        39    2.000         2.560e-01     -3.7273675815      1.948340e-06      4.536333e-01     -2.836783e-05
[itstep]        40    2.000         2.560e-01     -3.7273685885      2.701584e-07      6.290114e-02     -3.933514e-06
[itstep]        41    2.000         2.560e-01     -3.7273687282      3.747855e-08      8.726154e-03     -5.456889e-07
[itstep]        42    2.000         2.560e-01     -3.7273687476      5.210086e-09      1.213068e-03     -7.585903e-08
[update_dt]  (i= 43) Reduced time step from   0.256000 to   0.204800
[update_E0]  (i= 43) Extrapolated energy ground state E0:  -3.747109
[itstep]        43    2.000         2.048e-01     -3.7273687504      7.318073e-10      1.703872e-04     -1.065514e-08
[itstep]        44    2.000         2.048e-01     -3.7380784344      2.873256e-03      1.633257e+03     -5.229338e-02
[itstep]        45    2.000         2.048e-01     -3.7398937260      4.856216e-04      2.760439e+02     -8.863728e-03
[itstep]        46    2.000         2.048e-01     -3.7402546255      9.649993e-05      5.485386e+01     -1.762205e-03
[itstep]        47    2.000         2.048e-01     -3.7403292489      1.995144e-05      1.134108e+01     -3.643724e-04
[itstep]        48    2.000         2.048e-01     -3.7403448109      4.160582e-06      2.365017e+00     -7.598606e-05
[itstep]        49    2.000         2.048e-01     -3.7403480620      8.692016e-07      4.940839e-01     -1.587458e-05
[itstep]        50    2.000         2.048e-01     -3.7403487414      1.816575e-07      1.032603e-01     -3.317687e-06
[itstep]        51    2.000         2.048e-01     -3.7403488835      3.796879e-08      2.158276e-02     -6.934401e-07
[itstep]        52    2.000         2.048e-01     -3.7403489132      7.936521e-09      4.511390e-03     -1.449480e-07
[update_dt]  (i= 53) Reduced time step from   0.204800 to   0.163840
[update_E0]  (i= 53) Extrapolated energy ground state E0:  -3.749354
[itstep]        53    2.000         1.638e-01     -3.7403489194      1.659277e-09      9.431897e-04     -3.030407e-08
[itstep]        54    2.000         1.638e-01     -3.7446469758      1.149106e-03      1.594705e+03     -2.623325e-02
[itstep]        55    2.000         1.638e-01     -3.7456596104      2.704219e-04      3.752858e+02     -6.180631e-03
[itstep]        56    2.000         1.638e-01     -3.7459326562      7.289659e-05      1.011643e+02     -1.666539e-03
[itstep]        57    2.000         1.638e-01     -3.7460097854      2.059011e-05      2.857452e+01     -4.707592e-04
[itstep]        58    2.000         1.638e-01     -3.7460318839      5.899203e-06      8.186789e+00     -1.348784e-04
[itstep]        59    2.000         1.638e-01     -3.7460382417      1.697226e-06      2.355375e+00     -3.880533e-05
[itstep]        60    2.000         1.638e-01     -3.7460400731      4.888898e-07      6.784709e-01     -1.117798e-05
[itstep]        61    2.000         1.638e-01     -3.7460406008      1.408749e-07      1.955032e-01     -3.220966e-06
[itstep]        62    2.000         1.638e-01     -3.7460407529      4.059759e-08      5.634048e-02     -9.282241e-07
[itstep]        63    2.000         1.638e-01     -3.7460407967      1.169985e-08      1.623681e-02     -2.675057e-07
[itstep]        64    2.000         1.638e-01     -3.7460408094      3.371839e-09      4.679366e-03     -7.709378e-08
[itstep]        65    2.000         1.638e-01     -3.7460408130      9.717653e-10      1.348595e-03     -2.221846e-08
[update_dt]  (i= 66) Reduced time step from   0.163840 to   0.131072
[update_E0]  (i= 66) Extrapolated energy ground state E0:  -3.749990
[itstep]        66    2.000         1.311e-01     -3.7460408141      2.800770e-10      3.886849e-04     -6.403686e-09
[itstep]        67    2.000         1.311e-01     -3.7476932065      4.411037e-04      1.494517e+03     -1.260675e-02
[itstep]        68    2.000         1.311e-01     -3.7482016441      1.356668e-04      4.596571e+02     -3.879071e-03
[itstep]        69    2.000         1.311e-01     -3.7483759143      4.649433e-05      1.575289e+02     -1.329576e-03
[itstep]        70    2.000         1.311e-01     -3.7484386111      1.672639e-05      5.667121e+01     -4.783386e-04
[itstep]        71    2.000         1.311e-01     -3.7484616098      6.135561e-06      2.078809e+01     -1.754667e-04
[itstep]        72    2.000         1.311e-01     -3.7484701093      2.267450e-06      7.682418e+00     -6.484564e-05
[itstep]        73    2.000         1.311e-01     -3.7484732591      8.402992e-07      2.847044e+00     -2.403134e-05
[itstep]        74    2.000         1.311e-01     -3.7484744276      3.117327e-07      1.056191e+00     -8.915113e-06
[itstep]        75    2.000         1.311e-01     -3.7484748613      1.156908e-07      3.919758e-01     -3.308594e-06
[itstep]        76    2.000         1.311e-01     -3.7484750223      4.294157e-08      1.454917e-01     -1.228068e-06
[itstep]        77    2.000         1.311e-01     -3.7484750820      1.593970e-08      5.400580e-02     -4.558530e-07
[itstep]        78    2.000         1.311e-01     -3.7484751042      5.916856e-09      2.004709e-02     -1.692138e-07
[itstep]        79    2.000         1.311e-01     -3.7484751124      2.196369e-09      7.441589e-03     -6.281308e-08
[itstep]        80    2.000         1.311e-01     -3.7484751155      8.153070e-10      2.762368e-03     -2.331664e-08
[itstep]        81    2.000         1.311e-01     -3.7484751166      3.026487e-10      1.025414e-03     -8.655328e-09
[update_dt]  (i= 82) Reduced time step from   0.131072 to   0.104858
[update_E0]  (i= 82) Extrapolated energy ground state E0:  -3.750164
[itstep]        82    2.000         1.049e-01     -3.7484751170      1.123464e-10      3.806443e-04     -3.212948e-09
[itstep]        83    2.000         1.049e-01     -3.7490899776      1.640295e-04      1.356820e+03     -5.863767e-03
[itstep]        84    2.000         1.049e-01     -3.7493252695      6.275975e-05      5.191364e+02     -2.243919e-03
[itstep]        85    2.000         1.049e-01     -3.7494230236      2.607245e-05      2.156662e+02     -9.322557e-04
[itstep]        86    2.000         1.049e-01     -3.7494655180      1.133359e-05      9.374926e+01     -4.052584e-04
[itstep]        87    2.000         1.049e-01     -3.7494844134      5.039479e-06      4.168559e+01     -1.802001e-04
[itstep]        88    2.000         1.049e-01     -3.7494929060      2.265022e-06      1.873582e+01     -8.099236e-05
[itstep]        89    2.000         1.049e-01     -3.7494967422      1.023110e-06      8.462966e+00     -3.658431e-05
[itstep]        90    2.000         1.049e-01     -3.7494984789      4.631938e-07      3.831449e+00     -1.656288e-05
[itstep]        91    2.000         1.049e-01     -3.7494992660      2.099204e-07      1.736421e+00     -7.506334e-06
[itstep]        92    2.000         1.049e-01     -3.7494996229      9.518131e-08      7.873213e-01     -3.403494e-06
[itstep]        93    2.000         1.049e-01     -3.7494997847      4.316601e-08      3.570608e-01     -1.543531e-06
[itstep]        94    2.000         1.049e-01     -3.7494998582      1.957827e-08      1.619477e-01     -7.000801e-07
[itstep]        95    2.000         1.049e-01     -3.7494998914      8.880265e-09      7.345583e-02     -3.175407e-07
[itstep]        96    2.000         1.049e-01     -3.7494999066      4.027971e-09      3.331860e-02     -1.440323e-07
[itstep]        97    2.000         1.049e-01     -3.7494999134      1.827051e-09      1.511301e-02     -6.533171e-08
[itstep]        98    2.000         1.049e-01     -3.7494999165      8.287372e-10      6.855153e-03     -2.963400e-08
[itstep]        99    2.000         1.049e-01     -3.7494999179      3.759097e-10      3.109452e-03     -1.344179e-08
[itstep]       100    2.000         1.049e-01     -3.7494999186      1.705105e-10      1.410430e-03     -6.097117e-09
[update_dt]  (i=101) Reduced time step from   0.104858 to   0.083886
[update_E0]  (i=101) Extrapolated energy ground state E0:  -3.750211
[itstep]       101    2.000         8.389e-02     -3.7494999188      7.734294e-11      6.397658e-04     -2.765630e-09

[info]       steps       dt                E0                 E
[output]       102    0.084     -3.7502108925     -3.7494999188
