[conf]                N               2
[conf]                J            3.586
[conf]             beta           1.000
[conf]              dt0       4.000e-01
[conf]        eps_trunc       1.000e-04
[conf]           eps_dt       9.000e-02
[conf]          eps_tol       1.000e-03
[conf]             Dmax              10
[conf]           dt_red           0.800
[conf]         phys_gap       1.000e-03
[info]           i      MBD                dt                 E           rel_err           exp_err             slope
[itstep]         0    2.000         4.000e-01     -3.8376525985      1.000000e+00      1.000000e-03     -2.276229e+00
[itstep]         1    2.000         4.000e-01     -3.8737550043      9.407419e-03      3.674773e+02     -9.025601e-02
[itstep]         2    2.000         4.000e-01     -3.9058264141      8.279153e-03      3.234044e+02     -8.017852e-02
[itstep]         3    2.000         4.000e-01     -3.9262623406      5.232165e-03      2.043814e+02     -5.108982e-02
[itstep]         4    2.000         4.000e-01     -3.9382283482      3.047684e-03      1.190502e+02     -2.991502e-02
[itstep]         5    2.000         4.000e-01     -3.9449347355      1.702894e-03      6.651932e+01     -1.676597e-02
[itstep]         6    2.000         4.000e-01     -3.9486025793      9.297603e-04      3.631876e+01     -9.169610e-03
[itstep]         7    2.000         4.000e-01     -3.9505818342      5.012545e-04      1.958025e+01     -4.948137e-03
[itstep]         8    2.000         4.000e-01     -3.9516421533      2.683957e-04      1.048421e+01     -2.650798e-03
[itstep]         9    2.000         4.000e-01     -3.9522079728      1.431859e-04      5.593199e+00     -1.414549e-03
[itstep]        10    2.000         4.000e-01     -3.9525092835      7.623858e-05      2.978070e+00     -7.532768e-04
[itstep]        11    2.000         4.000e-01     -3.9526695598      4.055052e-05      1.584005e+00     -4.006908e-04
[itstep]        12    2.000         4.000e-01     -3.9527547653      2.155645e-05      8.420488e-01     -2.130138e-04
[itstep]        13    2.000         4.000e-01     -3.9528000478      1.145592e-05      4.474968e-01     -1.132061e-04
[itstep]        14    2.000         4.000e-01     -3.9528241091      6.087157e-06      2.377796e-01     -6.015329e-05
[itstep]        15    2.000         4.000e-01     -3.9528368932      3.234171e-06      1.263348e-01     -3.196027e-05
[itstep]        16    2.000         4.000e-01     -3.9528436852      1.718273e-06      6.712003e-02     -1.698013e-05
[itstep]        17    2.000         4.000e-01     -3.9528472937      9.128746e-07      3.565916e-02     -9.021127e-06
[itstep]        18    2.000         4.000e-01     -3.9528492108      4.849810e-07      1.894457e-02     -4.792639e-06
[itstep]        19    2.000         4.000e-01     -3.9528502292      2.576531e-07      1.006457e-02     -2.546160e-06
[itstep]        20    2.000         4.000e-01     -3.9528507703      1.368814e-07      5.346931e-03     -1.352679e-06
[itstep]        21    2.000         4.000e-01     -3.9528510577      7.271983e-08      2.840618e-03     -7.186266e-07
[itstep]        22    2.000         4.000e-01     -3.9528512105      3.863321e-08      1.509110e-03     -3.817783e-07
[update_dt]  (i= 23) Reduced time step from   0.400000 to   0.320000
[update_E0]  (i= 23) Extrapolated energy ground state E0:  -4.664441
[itstep]        23    2.000         3.200e-01     -3.9528512916      2.052431e-08      8.017307e-04     -2.028238e-07
[itstep]        24    2.000         3.200e-01     -4.0289928453      1.926244e-02      1.837009e+03     -2.379424e-01
[itstep]        25    2.000         3.200e-01     -4.0330033069      9.954005e-04      9.492879e+01     -1.253269e-02
[itstep]        26    2.000         3.200e-01     -4.0332567980      6.285417e-05      5.994241e+00     -7.921596e-04
[itstep]        27    2.000         3.200e-01     -4.0332730426      4.027672e-06      3.841088e-01     -5.076449e-05
[itstep]        28    2.000         3.200e-01     -4.0332740899      2.596707e-07      2.476413e-02     -3.272884e-06
[itstep]        29    2.000         3.200e-01     -4.0332741609      1.759625e-08      1.678109e-03     -2.217828e-07
[update_dt]  (i= 30) Reduced time step from   0.320000 to   0.256000
[update_E0]  (i= 30) Extrapolated energy ground state E0:  -4.089069
[itstep]        30    2.000         2.560e-01     -4.0332741679      1.732594e-09      1.652331e-04     -2.183758e-08
[itstep]        31    2.000         2.560e-01     -4.0694861687      8.978314e-03      2.090427e+03     -1.414531e-01
[itstep]        32    2.000         2.560e-01     -4.0728545647      8.277202e-04      1.927186e+02     -1.315780e-02
[itstep]        33    2.000         2.560e-01     -4.0732302163      9.223301e-05      2.147467e+01     -1.467389e-03
[itstep]        34    2.000         2.560e-01     -4.0732731240      1.053406e-05      2.452651e+00     -1.676079e-04
[itstep]        35    2.000         2.560e-01     -4.0732780389      1.206633e-06      2.809411e-01     -1.919900e-05
[itstep]        36    2.000         2.560e-01     -4.0732786023      1.383088e-07      3.220252e-02     -2.200665e-06
[itstep]        37    2.000         2.560e-01     -4.0732786670      1.588886e-08      3.699413e-03     -2.528115e-07
[update_dt]  (i= 38) Reduced time step from   0.256000 to   0.204800
[update_E0]  (i= 38) Extrapolated energy ground state E0:  -4.101032
[itstep]        38    2.000         2.048e-01     -4.0732786745      1.850303e-09      4.308071e-04     -2.944062e-08
[itstep]        39    2.000         2.048e-01     -4.0890649334      3.875566e-03      2.203004e+03     -7.708134e-02
[itstep]        40    2.000         2.048e-01     -4.0913633096      5.620787e-04      3.195047e+02     -1.122254e-02
[itstep]        41    2.000         2.048e-01     -4.0917590983      9.673761e-05      5.498897e+01     -1.932562e-03
[itstep]        42    2.000         2.048e-01     -4.0918297042      1.725564e-05      9.808694e+00     -3.447554e-04
[itstep]        43    2.000         2.048e-01     -4.0918423826      3.098459e-06      1.761270e+00     -6.190608e-05
[itstep]        44    2.000         2.048e-01     -4.0918446619      5.570365e-07      3.166386e-01     -1.112942e-05
[itstep]        45    2.000         2.048e-01     -4.0918450717      1.001676e-07      5.693868e-02     -2.001319e-06
[itstep]        46    2.000         2.048e-01     -4.0918451455      1.801522e-08      1.024047e-02     -3.599388e-07
[itstep]        47    2.000         2.048e-01     -4.0918451587      3.241754e-09      1.842724e-03     -6.476932e-08
[update_dt]  (i= 48) Reduced time step from   0.204800 to   0.163840
[update_E0]  (i= 48) Extrapolated energy ground state E0:  -4.104726
[itstep]        48    2.000         1.638e-01     -4.0918451611      5.846519e-10      3.323361e-04     -1.168118e-08
[itstep]        49    2.000         1.638e-01     -4.0983021913      1.578024e-03      2.189948e+03     -3.941058e-02
[itstep]        50    2.000         1.638e-01     -4.0996469315      3.281213e-04      4.553598e+02     -8.207643e-03
[itstep]        51    2.000         1.638e-01     -4.0999708355      7.900777e-05      1.096453e+02     -1.976953e-03
[itstep]        52    2.000         1.638e-01     -4.1000523838      1.988997e-05      2.760288e+01     -4.977313e-04
[itstep]        53    2.000         1.638e-01     -4.1000731604      5.067413e-06      7.032448e+00     -1.268107e-04
[itstep]        54    2.000         1.638e-01     -4.1000784702      1.295038e-06      1.797227e+00     -3.240815e-05
[itstep]        55    2.000         1.638e-01     -4.1000798282      3.312258e-07      4.596682e-01     -8.288891e-06
[itstep]        56    2.000         1.638e-01     -4.1000801756      8.473347e-08      1.175913e-01     -2.120447e-06
[itstep]        57    2.000         1.638e-01     -4.1000802645      2.167761e-08      3.008372e-02     -5.424800e-07
[itstep]        58    2.000         1.638e-01     -4.1000802873      5.546040e-09      7.696677e-03     -1.387891e-07
[itstep]        59    2.000         1.638e-01     -4.1000802931      1.419014e-09      1.969278e-03     -3.551069e-08
[update_dt]  (i= 60) Reduced time step from   0.163840 to   0.131072
[update_E0]  (i= 60) Extrapolated energy ground state E0:  -4.105794
[itstep]        60    2.000         1.311e-01     -4.1000802946      3.631532e-10      5.039763e-04     -9.087875e-09
[itstep]        61    2.000         1.311e-01     -4.1025995824      6.144484e-04      2.081832e+03     -1.922064e-02
[itstep]        62    2.000         1.311e-01     -4.1033003917      1.708208e-04      5.787634e+02     -5.346751e-03
[itstep]        63    2.000         1.311e-01     -4.1035199460      5.350674e-05      1.812879e+02     -1.675066e-03
[itstep]        64    2.000         1.311e-01     -4.1035921379      1.759269e-05      5.960635e+01     -5.507809e-04
[itstep]        65    2.000         1.311e-01     -4.1036162945      5.886700e-06      1.994492e+01     -1.843004e-04
[itstep]        66    2.000         1.311e-01     -4.1036244268      1.981737e-06      6.714386e+00     -6.204444e-05
[itstep]        67    2.000         1.311e-01     -4.1036271702      6.685242e-07      2.265048e+00     -2.093027e-05
[itstep]        68    2.000         1.311e-01     -4.1036280963      2.256794e-07      7.646317e-01     -7.065615e-06
[itstep]        69    2.000         1.311e-01     -4.1036284090      7.620257e-08      2.581843e-01     -2.385765e-06
[itstep]        70    2.000         1.311e-01     -4.1036285146      2.573251e-08      8.718512e-02     -8.056385e-07
[itstep]        71    2.000         1.311e-01     -4.1036285502      8.689740e-09      2.944198e-02     -2.720601e-07
[itstep]        72    2.000         1.311e-01     -4.1036285623      2.934517e-09      9.942531e-03     -9.187445e-08
[itstep]        73    2.000         1.311e-01     -4.1036285664      9.909943e-10      3.357619e-03     -3.102625e-08
[itstep]        74    2.000         1.311e-01     -4.1036285677      3.346686e-10      1.133901e-03     -1.047787e-08
[update_dt]  (i= 75) Reduced time step from   0.131072 to   0.104858
[update_E0]  (i= 75) Extrapolated energy ground state E0:  -4.106090
[itstep]        75    2.000         1.049e-01     -4.1036285682      1.130262e-10      3.829476e-04     -3.538646e-09
[itstep]        76    2.000         1.049e-01     -4.1045769376      2.311051e-04      1.911656e+03     -9.044356e-03
[itstep]        77    2.000         1.049e-01     -4.1049110070      8.138947e-05      6.732380e+02     -3.185934e-03
[itstep]        78    2.000         1.049e-01     -4.1050400576      3.143811e-05      2.600499e+02     -1.230723e-03
[itstep]        79    2.000         1.049e-01     -4.1050923140      1.272982e-05      1.052986e+02     -4.983563e-04
[itstep]        80    2.000         1.049e-01     -4.1051139377      5.267510e-06      4.357182e+01     -2.062188e-04
[itstep]        81    2.000         1.049e-01     -4.1051229707      2.200430e-06      1.820153e+01     -8.614556e-05
[itstep]        82    2.000         1.049e-01     -4.1051267594      9.229371e-07      7.634357e+00     -3.613253e-05
[itstep]        83    2.000         1.049e-01     -4.1051283513      3.877780e-07      3.207625e+00     -1.518133e-05
[itstep]        84    2.000         1.049e-01     -4.1051290206      1.630457e-07      1.348682e+00     -6.383166e-06
[itstep]        85    2.000         1.049e-01     -4.1051293021      6.857537e-08      5.672422e-01     -2.684696e-06
[itstep]        86    2.000         1.049e-01     -4.1051294206      2.884582e-08      2.386070e-01     -1.129301e-06
[itstep]        87    2.000         1.049e-01     -4.1051294704      1.213448e-08      1.003741e-01     -4.750596e-07
[itstep]        88    2.000         1.049e-01     -4.1051294913      5.104689e-09      4.222500e-02     -1.998464e-07
[itstep]        89    2.000         1.049e-01     -4.1051295002      2.147445e-09      1.776325e-02     -8.407153e-08
[itstep]        90    2.000         1.049e-01     -4.1051295039      9.033918e-10      7.472681e-03     -3.536739e-08
[itstep]        91    2.000         1.049e-01     -4.1051295054      3.800423e-10      3.143636e-03     -1.487849e-08
[itstep]        92    2.000         1.049e-01     -4.1051295061      1.598783e-10      1.322482e-03     -6.259167e-09
[update_dt]  (i= 93) Reduced time step from   0.104858 to   0.083886
[update_E0]  (i= 93) Extrapolated energy ground state E0:  -4.106171
[itstep]        93    2.000         8.389e-02     -4.1051295064      6.725862e-11      5.563503e-04     -2.633146e-09

[info]       steps       dt                E0                 E
[output]        94    0.084     -4.1061708076     -4.1051295064
