[conf]                N               2
[conf]                J            2.345
[conf]             beta           1.000
[conf]              dt0       4.000e-01
[conf]        eps_trunc       1.000e-04
[conf]           eps_dt       9.000e-02
[conf]          eps_tol       1.000e-03
[conf]             Dmax              10
[conf]           dt_red           0.800
[conf]         phys_gap       1.000e-03
[info]           i      MBD                dt                 E           rel_err           exp_err             slope
[itstep]         0    2.000         4.000e-01     -2.3301933349      1.000000e+00      1.000000e-03     -9.175264e+00
[itstep]         1    2.000         4.000e-01     -2.7006858953      1.589965e-01      6.210800e+03     -9.262314e-01
[itstep]         2    2.000         4.000e-01     -2.8227753910      4.520685e-02      1.765892e+03     -3.052237e-01
[itstep]         3    2.000         4.000e-01     -2.9129012283      3.192809e-02      1.247191e+03     -2.253146e-01
[itstep]         4    2.000         4.000e-01     -2.9700439686      1.961712e-02      7.662938e+02     -1.428569e-01
[itstep]         5    2.000         4.000e-01     -3.0021221794      1.080058e-02      4.218978e+02     -8.019553e-02
[itstep]         6    2.000         4.000e-01     -3.0189024783      5.589479e-03      2.183390e+02     -4.195075e-02
[itstep]         7    2.000         4.000e-01     -3.0273567126      2.800433e-03      1.093919e+02     -2.113559e-02
[itstep]         8    2.000         4.000e-01     -3.0315355154      1.380347e-03      5.391981e+01     -1.044701e-02
[itstep]         9    2.000         4.000e-01     -3.0335815289      6.749100e-04      2.636367e+01     -5.115034e-03
[itstep]        10    2.000         4.000e-01     -3.0345786377      3.286903e-04      1.283946e+01     -2.492772e-03
[itstep]        11    2.000         4.000e-01     -3.0350634679      1.597686e-04      6.240959e+00     -1.212076e-03
[itstep]        12    2.000         4.000e-01     -3.0352989494      7.758700e-05      3.030742e+00     -5.887037e-04
[itstep]        13    2.000         4.000e-01     -3.0354132611      3.766075e-05      1.471123e+00     -2.857791e-04
[itstep]        14    2.000         4.000e-01     -3.0354687378      1.827651e-05      7.139260e-01     -1.386919e-04
[itstep]        15    2.000         4.000e-01     -3.0354956579      8.868512e-06      3.464263e-01     -6.730023e-05
[itstep]        16    2.000         4.000e-01     -3.0355087201      4.303143e-06      1.680915e-01     -3.265543e-05
[itstep]        17    2.000         4.000e-01     -3.0355150579      2.087901e-06      8.155862e-02     -1.584460e-05
[itstep]        18    2.000         4.000e-01     -3.0355181330      1.013045e-06      3.957206e-02     -7.687780e-06
[itstep]        19    2.000         4.000e-01     -3.0355196250      4.915240e-07      1.920016e-02     -3.730075e-06
[itstep]        20    2.000         4.000e-01     -3.0355203490      2.384842e-07      9.315790e-03     -1.809809e-06
[itstep]        21    2.000         4.000e-01     -3.0355207002      1.157108e-07      4.519953e-03     -8.781063e-07
[itstep]        22    2.000         4.000e-01     -3.0355208706      5.614201e-08      2.193047e-03     -4.260506e-07
[itstep]        23    2.000         4.000e-01     -3.0355209533      2.723967e-08      1.064049e-03     -2.067164e-07
[update_dt]  (i= 24) Reduced time step from   0.400000 to   0.320000
[update_E0]  (i= 24) Extrapolated energy ground state E0:  -6.071052
[itstep]        24    2.000         3.200e-01     -3.0355209934      1.321647e-08      5.162685e-04     -1.002972e-07
[itstep]        25    2.000         3.200e-01     -3.0582915023      7.501351e-03      7.153846e+02     -7.115784e-02
[itstep]        26    2.000         3.200e-01     -3.0606866199      7.831554e-04      7.468752e+01     -7.484743e-03
[itstep]        27    2.000         3.200e-01     -3.0609874678      9.829426e-05      9.374071e+00     -9.401497e-04
[itstep]        28    2.000         3.200e-01     -3.0610262738      1.267761e-05      1.209031e+00     -1.212688e-04
[itstep]        29    2.000         3.200e-01     -3.0610312981      1.641354e-06      1.565317e-01     -1.570071e-05
[itstep]        30    2.000         3.200e-01     -3.0610319495      2.128174e-07      2.029585e-02     -2.035753e-06
[itstep]        31    2.000         3.200e-01     -3.0610320344      2.771998e-08      2.643583e-03     -2.651617e-07
[update_dt]  (i= 32) Reduced time step from   0.320000 to   0.256000
[update_E0]  (i= 32) Extrapolated energy ground state E0:  -3.078731
[itstep]        32    2.000         2.560e-01     -3.0610320456      3.682819e-09      3.512210e-04     -3.522884e-08
[itstep]        33    2.000         2.560e-01     -3.0708742106      3.215309e-03      7.486225e+02     -3.844596e-02
[itstep]        34    2.000         2.560e-01     -3.0724607635      5.166454e-04      1.202909e+02     -6.197472e-03
[itstep]        35    2.000         2.560e-01     -3.0727614541      9.786638e-05      2.278629e+01     -1.174573e-03
[itstep]        36    2.000         2.560e-01     -3.0728206361      1.926021e-05      4.484366e+00     -2.311798e-04
[itstep]        37    2.000         2.560e-01     -3.0728323753      3.820314e-06      8.894861e-01     -4.585601e-05
[itstep]        38    2.000         2.560e-01     -3.0728347074      7.589646e-07      1.767102e-01     -9.110042e-06
[itstep]        39    2.000         2.560e-01     -3.0728351709      1.508296e-07      3.511774e-02     -1.810446e-06
[itstep]        40    2.000         2.560e-01     -3.0728352630      2.997785e-08      6.979762e-03     -3.598320e-07
[itstep]        41    2.000         2.560e-01     -3.0728352814      5.959274e-09      1.387501e-03     -7.153073e-08
[update_dt]  (i= 42) Reduced time step from   0.256000 to   0.204800
[update_E0]  (i= 42) Extrapolated energy ground state E0:  -3.081024
[itstep]        42    2.000         2.048e-01     -3.0728352850      1.185308e-09      2.759760e-04     -1.422756e-08
[itstep]        43    2.000         2.048e-01     -3.0768258489      1.298659e-03      7.382019e+02     -1.948518e-02
[itstep]        44    2.000         2.048e-01     -3.0777300709      2.938814e-04      1.670523e+02     -4.415147e-03
[itstep]        45    2.000         2.048e-01     -3.0779653129      7.643362e-05      4.344748e+01     -1.148643e-03
[itstep]        46    2.000         2.048e-01     -3.0780293781      2.081414e-05      1.183147e+01     -3.128183e-04
[itstep]        47    2.000         2.048e-01     -3.0780470607      5.744780e-06      3.265529e+00     -8.634083e-05
[itstep]        48    2.000         2.048e-01     -3.0780519597      1.591599e-06      9.047195e-01     -2.392098e-05
[itstep]        49    2.000         2.048e-01     -3.0780533184      4.414206e-07      2.509186e-01     -6.634354e-06
[itstep]        50    2.000         2.048e-01     -3.0780536954      1.224613e-07      6.961121e-02     -1.840540e-06
[itstep]        51    2.000         2.048e-01     -3.0780538000      3.397668e-08      1.931351e-02     -5.106545e-07
[itstep]        52    2.000         2.048e-01     -3.0780538290      9.426997e-09      5.358627e-03     -1.416836e-07
[itstep]        53    2.000         2.048e-01     -3.0780538370      2.615595e-09      1.486794e-03     -3.931124e-08
[update_dt]  (i= 54) Reduced time step from   0.204800 to   0.163840
[update_E0]  (i= 54) Extrapolated energy ground state E0:  -3.081674
[itstep]        54    2.000         1.638e-01     -3.0780538393      7.257265e-10      4.125277e-04     -1.090735e-08
[itstep]        55    2.000         1.638e-01     -3.0795984074      5.018002e-04      6.963877e+02     -9.427296e-03
[itstep]        56    2.000         1.638e-01     -3.0800591934      1.496253e-04      2.076469e+02     -2.812414e-03
[itstep]        57    2.000         1.638e-01     -3.0802128319      4.988167e-05      6.922473e+01     -9.377350e-04
[itstep]        58    2.000         1.638e-01     -3.0802666017      1.745652e-05      2.422579e+01     -3.281848e-04
[itstep]        59    2.000         1.638e-01     -3.0802857773      6.225311e-06      8.639355e+00     -1.170387e-04
[itstep]        60    2.000         1.638e-01     -3.0802926636      2.235627e-06      3.102556e+00     -4.203107e-05
[itstep]        61    2.000         1.638e-01     -3.0802951430      8.049023e-07      1.117026e+00     -1.513266e-05
[itstep]        62    2.000         1.638e-01     -3.0802960365      2.900594e-07      4.025383e-01     -5.453300e-06
[itstep]        63    2.000         1.638e-01     -3.0802963585      1.045623e-07      1.451094e-01     -1.965838e-06
[itstep]        64    2.000         1.638e-01     -3.0802964747      3.769776e-08      5.231615e-02     -7.087419e-07
[itstep]        65    2.000         1.638e-01     -3.0802965165      1.359173e-08      1.886231e-02     -2.555331e-07
[itstep]        66    2.000         1.638e-01     -3.0802965316      4.900502e-09      6.800813e-03     -9.213256e-08
[itstep]        67    2.000         1.638e-01     -3.0802965371      1.766888e-09      2.452049e-03     -3.321861e-08
[update_dt]  (i= 68) Reduced time step from   0.163840 to   0.131072
[update_E0]  (i= 68) Extrapolated energy ground state E0:  -3.081852
[itstep]        68    2.000         1.311e-01     -3.0802965390      6.370580e-10      8.840956e-04     -1.197710e-08
[itstep]        69    2.000         1.311e-01     -3.0808739703      1.874596e-04      6.351380e+02     -4.405451e-03
[itstep]        70    2.000         1.311e-01     -3.0810895112      6.996096e-05      2.370370e+02     -1.644447e-03
[itstep]        71    2.000         1.311e-01     -3.0811771226      2.843522e-05      9.634227e+01     -6.684224e-04
[itstep]        72    2.000         1.311e-01     -3.0812144063      1.210044e-05      4.099789e+01     -2.844514e-04
[itstep]        73    2.000         1.311e-01     -3.0812306312      5.265776e-06      1.784114e+01     -1.237868e-04
[itstep]        74    2.000         1.311e-01     -3.0812377655      2.315391e-06      7.844849e+00     -5.443003e-05
[itstep]        75    2.000         1.311e-01     -3.0812409172      1.022873e-06      3.465629e+00     -2.404568e-05
[itstep]        76    2.000         1.311e-01     -3.0812423125      4.528245e-07      1.534229e+00     -1.064500e-05
[itstep]        77    2.000         1.311e-01     -3.0812429307      2.006520e-07      6.798355e-01     -4.716930e-06
[itstep]        78    2.000         1.311e-01     -3.0812432048      8.894822e-08      3.013683e-01     -2.090996e-06
[itstep]        79    2.000         1.311e-01     -3.0812433263      3.943764e-08      1.336199e-01     -9.271007e-07
[itstep]        80    2.000         1.311e-01     -3.0812433802      1.748719e-08      5.924890e-02     -4.110892e-07
[itstep]        81    2.000         1.311e-01     -3.0812434041      7.754338e-09      2.627272e-02     -1.822891e-07
[itstep]        82    2.000         1.311e-01     -3.0812434147      3.438559e-09      1.165029e-02     -8.083373e-08
[itstep]        83    2.000         1.311e-01     -3.0812434194      1.524795e-09      5.166206e-03     -3.584491e-08
[itstep]        84    2.000         1.311e-01     -3.0812434215      6.761571e-10      2.290909e-03     -1.589512e-08
[itstep]        85    2.000         1.311e-01     -3.0812434224      2.998361e-10      1.015884e-03     -7.048554e-09
[update_dt]  (i= 86) Reduced time step from   0.131072 to   0.104858
[update_E0]  (i= 86) Extrapolated energy ground state E0:  -3.081900
[itstep]        86    2.000         1.049e-01     -3.0812434228      1.329604e-10      4.504874e-04     -3.125636e-09
[itstep]        87    2.000         1.049e-01     -3.0814536132      6.821610e-05      5.642704e+02     -2.004532e-03
[itstep]        88    2.000         1.049e-01     -3.0815478751      3.059006e-05      2.530350e+02     -8.989510e-04
[itstep]        89    2.000         1.049e-01     -3.0815928788      1.460428e-05      1.208038e+02     -4.291895e-04
[itstep]        90    2.000         1.049e-01     -3.0816152342      7.254489e-06      6.000772e+01     -2.131975e-04
[itstep]        91    2.000         1.049e-01     -3.0816265989      3.687887e-06      3.050548e+01     -1.083817e-04
[itstep]        92    2.000         1.049e-01     -3.0816324508      1.898988e-06      1.570806e+01     -5.580876e-05
[itstep]        93    2.000         1.049e-01     -3.0816354851      9.846353e-07      8.144712e+00     -2.893719e-05
[itstep]        94    2.000         1.049e-01     -3.0816370642      5.124219e-07      4.238654e+00     -1.505945e-05
[itstep]        95    2.000         1.049e-01     -3.0816378876      2.671918e-07      2.210159e+00     -7.852441e-06
[itstep]        96    2.000         1.049e-01     -3.0816383174      1.394637e-07      1.153617e+00     -4.098670e-06
[itstep]        97    2.000         1.049e-01     -3.0816385418      7.283354e-08      6.024649e-01     -2.140490e-06
[itstep]        98    2.000         1.049e-01     -3.0816386591      3.804721e-08      3.147192e-01     -1.118162e-06
[itstep]        99    2.000         1.049e-01     -3.0816387203      1.987823e-08      1.644289e-01     -5.841973e-07
[itstep]       100    2.000         1.049e-01     -3.0816387523      1.038642e-08      8.591444e-02     -3.052444e-07
[itstep]       101    2.000         1.049e-01     -3.0816387691      5.427143e-09      4.489227e-02     -1.594972e-07
[itstep]       102    2.000         1.049e-01     -3.0816387778      2.835865e-09      2.345772e-02     -8.334266e-08
[itstep]       103    2.000         1.049e-01     -3.0816387824      1.481852e-09      1.225759e-02     -4.354985e-08
[itstep]       104    2.000         1.049e-01     -3.0816387848      7.743308e-10      6.405114e-03     -2.275665e-08
[itstep]       105    2.000         1.049e-01     -3.0816387860      4.046223e-10      3.346958e-03     -1.189136e-08
[itstep]       106    2.000         1.049e-01     -3.0816387867      2.114329e-10      1.748932e-03     -6.213757e-09
[update_dt]  (i=107) Reduced time step from   0.104858 to   0.083886
[update_E0]  (i=107) Extrapolated energy ground state E0:  -3.081913
[itstep]       107    2.000         8.389e-02     -3.0816387870      1.104837e-10      9.138995e-04     -3.246982e-09

[info]       steps       dt                E0                 E
[output]       108    0.084     -3.0819130776     -3.0816387870
