[conf]                N               2
[conf]                J            2.483
[conf]             beta           1.000
[conf]              dt0       4.000e-01
[conf]        eps_trunc       1.000e-04
[conf]           eps_dt       9.000e-02
[conf]          eps_tol       1.000e-03
[conf]             Dmax              10
[conf]           dt_red           0.800
[conf]         phys_gap       1.000e-03
[info]           i      MBD                dt                 E           rel_err           exp_err             slope
[itstep]         0    2.000         4.000e-01     -3.0308917445      1.000000e+00      1.000000e-03     -4.481574e+00
[itstep]         1    2.000         4.000e-01     -3.1015701457      2.331934e-02      9.109118e+02     -1.766960e-01
[itstep]         2    2.000         4.000e-01     -3.1182765744      5.386442e-03      2.104079e+02     -4.176607e-02
[itstep]         3    2.000         4.000e-01     -3.1258736276      2.436299e-03      9.516792e+01     -1.899263e-02
[itstep]         4    2.000         4.000e-01     -3.1296235213      1.199631e-03      4.686057e+01     -9.374734e-03
[itstep]         5    2.000         4.000e-01     -3.1314832413      5.942312e-04      2.321216e+01     -4.649300e-03
[itstep]         6    2.000         4.000e-01     -3.1324032139      2.937817e-04      1.147585e+01     -2.299932e-03
[itstep]         7    2.000         4.000e-01     -3.1328574369      1.450078e-04      5.664369e+00     -1.135558e-03
[itstep]         8    2.000         4.000e-01     -3.1330814703      7.151086e-05      2.793393e+00     -5.600833e-04
[itstep]         9    2.000         4.000e-01     -3.1331919108      3.524980e-05      1.376945e+00     -2.761013e-04
[itstep]        10    2.000         4.000e-01     -3.1332463399      1.737177e-05      6.785849e-01     -1.360727e-04
[itstep]        11    2.000         4.000e-01     -3.1332731611      8.560192e-06      3.343825e-01     -6.705298e-05
[itstep]        12    2.000         4.000e-01     -3.1332863770      4.217929e-06      1.647628e-01     -3.303981e-05
[itstep]        13    2.000         4.000e-01     -3.1332928888      2.078276e-06      8.118267e-02     -1.627959e-05
[itstep]        14    2.000         4.000e-01     -3.1332960973      1.024004e-06      4.000015e-02     -8.021259e-06
[itstep]        15    2.000         4.000e-01     -3.1332976782      5.045416e-07      1.970866e-02     -3.952196e-06
[itstep]        16    2.000         4.000e-01     -3.1332984571      2.485942e-07      9.710713e-03     -1.947299e-06
[itstep]        17    2.000         4.000e-01     -3.1332988409      1.224854e-07      4.784587e-03     -9.594585e-07
[itstep]        18    2.000         4.000e-01     -3.1332990300      6.035003e-08      2.357423e-03     -4.727367e-07
[itstep]        19    2.000         4.000e-01     -3.1332991232      2.973516e-08      1.161530e-03     -2.329229e-07
[update_dt]  (i= 20) Reduced time step from   0.400000 to   0.320000
[update_E0]  (i= 20) Extrapolated energy ground state E0:  -4.448013
[itstep]        20    2.000         3.200e-01     -3.1332991691      1.465086e-08      5.722992e-04     -1.147638e-07
[itstep]        21    2.000         3.200e-01     -3.1603068942      8.619581e-03      8.220273e+02     -8.439914e-02
[itstep]        22    2.000         3.200e-01     -3.1629483818      8.358326e-04      7.971121e+01     -8.254649e-03
[itstep]        23    2.000         3.200e-01     -3.1632573586      9.768631e-05      9.316092e+00     -9.655523e-04
[itstep]        24    2.000         3.200e-01     -3.1632944088      1.171268e-05      1.117008e+00     -1.157819e-04
[itstep]        25    2.000         3.200e-01     -3.1632988665      1.409215e-06      1.343932e-01     -1.393051e-05
[itstep]        26    2.000         3.200e-01     -3.1632994039      1.698870e-07      1.620169e-02     -1.679385e-06
[itstep]        27    2.000         3.200e-01     -3.1632994692      2.064237e-08      1.968610e-03     -2.040562e-07
[update_dt]  (i= 28) Reduced time step from   0.320000 to   0.256000
[update_E0]  (i= 28) Extrapolated energy ground state E0:  -3.184113
[itstep]        28    2.000         2.560e-01     -3.1632994775      2.602795e-09      2.482219e-04     -2.572944e-08
[itstep]        29    2.000         2.560e-01     -3.1750944196      3.728683e-03      8.681517e+02     -4.607399e-02
[itstep]        30    2.000         2.560e-01     -3.1768888306      5.651520e-04      1.315847e+02     -7.009418e-03
[itstep]        31    2.000         2.560e-01     -3.1772107738      1.013391e-04      2.359485e+01     -1.257590e-03
[itstep]        32    2.000         2.560e-01     -3.1772706672      1.885096e-05      4.389082e+00     -2.339589e-04
[itstep]        33    2.000         2.560e-01     -3.1772818883      3.531654e-06      8.222773e-01     -4.383211e-05
[itstep]        34    2.000         2.560e-01     -3.1772839933      6.625351e-07      1.542585e-01     -8.222894e-06
[itstep]        35    2.000         2.560e-01     -3.1772843883      1.243257e-07      2.894683e-02     -1.543039e-06
[itstep]        36    2.000         2.560e-01     -3.1772844625      2.333325e-08      5.432695e-03     -2.895952e-07
[itstep]        37    2.000         2.560e-01     -3.1772844764      4.380688e-09      1.019958e-03     -5.436989e-08
[update_dt]  (i= 38) Reduced time step from   0.256000 to   0.204800
[update_E0]  (i= 38) Extrapolated energy ground state E0:  -3.186987
[itstep]        38    2.000         2.048e-01     -3.1772844790      8.234568e-10      1.917260e-04     -1.022014e-08
[itstep]        39    2.000         2.048e-01     -3.1821035689      1.516732e-03      8.621625e+02     -2.353071e-02
[itstep]        40    2.000         2.048e-01     -3.1831457567      3.275154e-04      1.861709e+02     -5.088808e-03
[itstep]        41    2.000         2.048e-01     -3.1834055529      8.161618e-05      4.639343e+01     -1.268536e-03
[itstep]        42    2.000         2.048e-01     -3.1834732872      2.127731e-05      1.209475e+01     -3.307340e-04
[itstep]        43    2.000         2.048e-01     -3.1834911695      5.617222e-06      3.193021e+00     -8.731580e-05
[itstep]        44    2.000         2.048e-01     -3.1834959065      1.487975e-06      8.458157e-01     -2.312966e-05
[itstep]        45    2.000         2.048e-01     -3.1834971624      3.945124e-07      2.242543e-01     -6.132464e-06
[itstep]        46    2.000         2.048e-01     -3.1834974955      1.046236e-07      5.947165e-02     -1.626314e-06
[itstep]        47    2.000         2.048e-01     -3.1834975838      2.774770e-08      1.577274e-02     -4.313220e-07
[itstep]        48    2.000         2.048e-01     -3.1834976072      7.359243e-09      4.183245e-03     -1.143952e-07
[itstep]        49    2.000         2.048e-01     -3.1834976134      1.951846e-09      1.109496e-03     -3.034031e-08
[update_dt]  (i= 50) Reduced time step from   0.204800 to   0.163840
[update_E0]  (i= 50) Extrapolated energy ground state E0:  -3.187808
[itstep]        50    2.000         1.638e-01     -3.1834976151      5.176907e-10      2.942731e-04     -8.047202e-09
[itstep]        51    2.000         1.638e-01     -3.1853736790      5.893090e-04      8.178306e+02     -1.145059e-02
[itstep]        52    2.000         1.638e-01     -3.1859125092      1.691576e-04      2.347533e+02     -3.288758e-03
[itstep]        53    2.000         1.638e-01     -3.1860861888      5.451488e-05      7.565459e+01     -1.060056e-03
[itstep]        54    2.000         1.638e-01     -3.1861449469      1.844208e-05      2.559353e+01     -3.586308e-04
[itstep]        55    2.000         1.638e-01     -3.1861651884      6.352965e-06      8.816510e+00     -1.235441e-04
[itstep]        56    2.000         1.638e-01     -3.1861722065      2.202687e-06      3.056843e+00     -4.283524e-05
[itstep]        57    2.000         1.638e-01     -3.1861746453      7.654481e-07      1.062273e+00     -1.488556e-05
[itstep]        58    2.000         1.638e-01     -3.1861754935      2.662091e-07      3.694394e-01     -5.176934e-06
[itstep]        59    2.000         1.638e-01     -3.1861757886      9.260835e-08      1.285199e-01     -1.800943e-06
[itstep]        60    2.000         1.638e-01     -3.1861758913      3.221952e-08      4.471356e-02     -6.265689e-07
[itstep]        61    2.000         1.638e-01     -3.1861759270      1.120992e-08      1.555689e-02     -2.179979e-07
[itstep]        62    2.000         1.638e-01     -3.1861759394      3.900238e-09      5.412667e-03     -7.584743e-08
[itstep]        63    2.000         1.638e-01     -3.1861759437      1.357005e-09      1.883222e-03     -2.638950e-08
[update_dt]  (i= 64) Reduced time step from   0.163840 to   0.131072
[update_E0]  (i= 64) Extrapolated energy ground state E0:  -3.188034
[itstep]        64    2.000         1.311e-01     -3.1861759452      4.721426e-10      6.552295e-04     -9.181699e-09
[itstep]        65    2.000         1.311e-01     -3.1868804404      2.211100e-04      7.491497e+02     -5.374872e-03
[itstep]        66    2.000         1.311e-01     -3.1871353636      7.999144e-05      2.710215e+02     -1.944909e-03
[itstep]        67    2.000         1.311e-01     -3.1872361910      3.163576e-05      1.071861e+02     -7.692523e-04
[itstep]        68    2.000         1.311e-01     -3.1872779710      1.310854e-05      4.441347e+01     -3.187563e-04
[itstep]        69    2.000         1.311e-01     -3.1872956685      5.552526e-06      1.881269e+01     -1.350208e-04
[itstep]        70    2.000         1.311e-01     -3.1873032393      2.375312e-06      8.047871e+00     -5.776079e-05
[itstep]        71    2.000         1.311e-01     -3.1873064921      1.020553e-06      3.457769e+00     -2.481699e-05
[itstep]        72    2.000         1.311e-01     -3.1873078923      4.393084e-07      1.488435e+00     -1.068276e-05
[itstep]        73    2.000         1.311e-01     -3.1873084956      1.892595e-07      6.412360e-01     -4.602266e-06
[itstep]        74    2.000         1.311e-01     -3.1873087555      8.156402e-08      2.763496e-01     -1.983411e-06
[itstep]        75    2.000         1.311e-01     -3.1873088676      3.515650e-08      1.191148e-01     -8.549088e-07
[itstep]        76    2.000         1.311e-01     -3.1873089159      1.515448e-08      5.134537e-02     -3.685150e-07
[itstep]        77    2.000         1.311e-01     -3.1873089367      6.532639e-09      2.213344e-02     -1.588557e-07
[itstep]        78    2.000         1.311e-01     -3.1873089457      2.816058e-09      9.541176e-03     -6.847875e-08
[itstep]        79    2.000         1.311e-01     -3.1873089496      1.213938e-09      4.112984e-03     -2.951963e-08
[itstep]        80    2.000         1.311e-01     -3.1873089512      5.233026e-10      1.773018e-03     -1.272527e-08
[update_dt]  (i= 81) Reduced time step from   0.131072 to   0.104858
[update_E0]  (i= 81) Extrapolated energy ground state E0:  -3.188095
[itstep]        81    2.000         1.049e-01     -3.1873089519      2.255859e-10      7.643148e-04     -5.485626e-09
[itstep]        82    2.000         1.049e-01     -3.1875662963      8.074031e-05      6.678682e+02     -2.454227e-03
[itstep]        83    2.000         1.049e-01     -3.1876787981      3.529397e-05      2.919448e+02     -1.072901e-03
[itstep]        84    2.000         1.049e-01     -3.1877313225      1.647733e-05      1.362973e+02     -5.009121e-04
[itstep]        85    2.000         1.049e-01     -3.1877568649      8.012692e-06      6.627944e+01     -2.435905e-04
[itstep]        86    2.000         1.049e-01     -3.1877695773      3.987894e-06      3.298708e+01     -1.212352e-04
[itstep]        87    2.000         1.049e-01     -3.1877759842      2.009840e-06      1.662500e+01     -6.110101e-05
[itstep]        88    2.000         1.049e-01     -3.1877792346      1.019649e-06      8.434341e+00     -3.099836e-05
[itstep]        89    2.000         1.049e-01     -3.1877808893      5.190755e-07      4.293692e+00     -1.578043e-05
[itstep]        90    2.000         1.049e-01     -3.1877817332      2.647146e-07      2.189668e+00     -8.047602e-06
[itstep]        91    2.000         1.049e-01     -3.1877821639      1.351198e-07      1.117685e+00     -4.107786e-06
[itstep]        92    2.000         1.049e-01     -3.1877823839      6.900205e-08      5.707716e-01     -2.097735e-06
[itstep]        93    2.000         1.049e-01     -3.1877824962      3.524585e-08      2.915468e-01     -1.071511e-06
[itstep]        94    2.000         1.049e-01     -3.1877825536      1.800556e-08      1.489385e-01     -5.473882e-07
[itstep]        95    2.000         1.049e-01     -3.1877825829      9.198825e-09      7.609090e-02     -2.796541e-07
[itstep]        96    2.000         1.049e-01     -3.1877825979      4.699718e-09      3.887516e-02     -1.428764e-07
[itstep]        97    2.000         1.049e-01     -3.1877826056      2.401144e-09      1.986180e-02     -7.299734e-08
[itstep]        98    2.000         1.049e-01     -3.1877826095      1.226784e-09      1.014772e-02     -3.729555e-08
[itstep]        99    2.000         1.049e-01     -3.1877826115      6.267873e-10      5.184663e-03     -1.905500e-08
[itstep]       100    2.000         1.049e-01     -3.1877826125      3.202377e-10      2.648944e-03     -9.735568e-09
[itstep]       101    2.000         1.049e-01     -3.1877826130      1.636167e-10      1.353405e-03     -4.974121e-09
[update_dt]  (i=102) Reduced time step from   0.104858 to   0.083886
[update_E0]  (i=102) Extrapolated energy ground state E0:  -3.188111
[itstep]       102    2.000         8.389e-02     -3.1877826133      8.359463e-11      6.914786e-04     -2.541366e-09

[info]       steps       dt                E0                 E
[output]       103    0.084     -3.1881112239     -3.1877826133
