[conf]                N               5
[conf]                J            0.690
[conf]             beta           1.000
[conf]              dt0       4.000e-01
[conf]        eps_trunc       1.000e-04
[conf]           eps_dt       9.000e-02
[conf]          eps_tol       1.000e-03
[conf]             Dmax              10
[conf]           dt_red           0.800
[conf]         phys_gap       1.000e-03
[info]           i      MBD                dt                 E           rel_err           exp_err             slope
[itstep]         0    3.000         4.000e-01     -4.2862861404      1.000000e+00      1.000000e-03     -1.185294e+01
[itstep]         1    3.000         4.000e-01     -5.1712698081      2.064686e-01      8.065181e+03     -2.212459e+00
[itstep]         2    3.000         4.000e-01     -5.3572475634      3.596365e-02      1.404830e+03     -4.649444e-01
[itstep]         3    3.000         4.000e-01     -5.4227126583      1.221991e-02      4.773403e+02     -1.636627e-01
[itstep]         4    3.000         4.000e-01     -5.4507218802      5.165168e-03      2.017644e+02     -7.002305e-02
[itstep]         5    3.000         4.000e-01     -5.4634108952      2.327951e-03      9.093560e+01     -3.172254e-02
[itstep]         6    3.000         4.000e-01     -5.4692668387      1.071848e-03      4.186904e+01     -1.463986e-02
[itstep]         7    3.000         4.000e-01     -5.4719898185      4.978693e-04      1.944802e+01     -6.807449e-03
[itstep]         8    3.000         4.000e-01     -5.4732608085      2.322720e-04      9.073125e+00     -3.177475e-03
[itstep]         9    3.000         4.000e-01     -5.4738553408      1.086249e-04      4.243159e+00     -1.486331e-03
[itstep]        10    3.000         4.000e-01     -5.4741338006      5.087087e-05      1.987143e+00     -6.961494e-04
[itstep]        11    3.000         4.000e-01     -5.4742643210      2.384312e-05      9.313719e-01     -3.263011e-04
[itstep]        12    3.000         4.000e-01     -5.4743255260      1.118051e-05      4.367386e-01     -1.530126e-04
[itstep]        13    3.000         4.000e-01     -5.4743542343      5.244158e-06      2.048499e-01     -7.177058e-05
[itstep]        14    3.000         4.000e-01     -5.4743677018      2.460107e-06      9.609793e-02     -3.366874e-05
[itstep]        15    3.000         4.000e-01     -5.4743740201      1.154160e-06      4.508439e-02     -1.579575e-05
[itstep]        16    3.000         4.000e-01     -5.4743769844      5.414963e-07      2.115220e-02     -7.410883e-06
[itstep]        17    3.000         4.000e-01     -5.4743783752      2.540579e-07      9.924135e-03     -3.477021e-06
[itstep]        18    3.000         4.000e-01     -5.4743790278      1.191990e-07      4.656212e-03     -1.631351e-06
[itstep]        19    3.000         4.000e-01     -5.4743793339      5.592593e-08      2.184607e-03     -7.653993e-07
[itstep]        20    3.000         4.000e-01     -5.4743794776      2.623935e-08      1.024975e-03     -3.591104e-07
[update_dt]  (i= 21) Reduced time step from   0.400000 to   0.320000
[update_E0]  (i= 21) Extrapolated energy ground state E0:  -9.587911
[itstep]        21    3.000         3.200e-01     -5.4743795450      1.231096e-08      4.808968e-04     -1.684871e-07
[itstep]        22    3.000         3.200e-01     -5.4781329908      6.856386e-04      6.538759e+01     -1.172952e-02
[itstep]        23    3.000         3.200e-01     -5.4787556863      1.136693e-04      1.084035e+01     -1.945923e-03
[itstep]        24    3.000         3.200e-01     -5.4788872089      2.400592e-05      2.289382e+00     -4.110080e-04
[itstep]        25    3.000         3.200e-01     -5.4789189454      5.792508e-06      5.524166e-01     -9.917655e-05
[itstep]        26    3.000         3.200e-01     -5.4789275044      1.562182e-06      1.489813e-01     -2.674708e-05
[itstep]        27    3.000         3.200e-01     -5.4789300626      4.669155e-07      4.452854e-02     -7.994364e-06
[itstep]        28    3.000         3.200e-01     -5.4789309015      1.531056e-07      1.460128e-02     -2.621421e-06
[itstep]        29    3.000         3.200e-01     -5.4789311991      5.432728e-08      5.181054e-03     -9.301732e-07
[itstep]        30    3.000         3.200e-01     -5.4789313116      2.053229e-08      1.958112e-03     -3.515470e-07
[update_dt]  (i= 31) Reduced time step from   0.320000 to   0.256000
[update_E0]  (i= 31) Extrapolated energy ground state E0:  -5.482089
[itstep]        31    3.000         2.560e-01     -5.4789313562      8.137588e-09      7.760609e-04     -1.393290e-07
[itstep]        32    3.000         2.560e-01     -5.4804731322      2.814009e-04      6.551874e+01     -6.022562e-03
[itstep]        33    3.000         2.560e-01     -5.4808225021      6.374813e-05      1.484252e+01     -1.364726e-03
[itstep]        34    3.000         2.560e-01     -5.4809180924      1.744087e-05      4.060768e+00     -3.733996e-04
[itstep]        35    3.000         2.560e-01     -5.4809470330      5.280250e-06      1.229404e+00     -1.130493e-04
[itstep]        36    3.000         2.560e-01     -5.4809564951      1.726370e-06      4.019519e-01     -3.696150e-05
[itstep]        37    3.000         2.560e-01     -5.4809598127      6.052857e-07      1.409291e-01     -1.295916e-05
[itstep]        38    3.000         2.560e-01     -5.4809610551      2.266876e-07      5.277981e-02     -4.853380e-06
[itstep]        39    3.000         2.560e-01     -5.4809615499      9.026585e-08      2.101666e-02     -1.932592e-06
[itstep]        40    3.000         2.560e-01     -5.4809617581      3.798222e-08      8.843425e-03     -8.131996e-07
[itstep]        41    3.000         2.560e-01     -5.4809618499      1.676382e-08      3.903132e-03     -3.589136e-07
[itstep]        42    3.000         2.560e-01     -5.4809618921      7.698529e-09      1.792453e-03     -1.648256e-07
[update_dt]  (i= 43) Reduced time step from   0.256000 to   0.204800
[update_E0]  (i= 43) Extrapolated energy ground state E0:  -5.482371
[itstep]        43    3.000         2.048e-01     -5.4809619121      3.649672e-09      8.497556e-04     -7.813951e-08
[itstep]        44    3.000         2.048e-01     -5.4815659294      1.102028e-04      6.264303e+01     -2.949303e-03
[itstep]        45    3.000         2.048e-01     -5.4817435415      3.240170e-05      1.841823e+01     -8.672464e-04
[itstep]        46    3.000         2.048e-01     -5.4818039288      1.101608e-05      6.261915e+00     -2.948599e-04
[itstep]        47    3.000         2.048e-01     -5.4818261866      4.060318e-06      2.308024e+00     -1.086810e-04
[itstep]        48    3.000         2.048e-01     -5.4818348655      1.583200e-06      8.999450e-01     -4.237708e-05
[itstep]        49    3.000         2.048e-01     -5.4818384156      6.476203e-07      3.681295e-01     -1.733470e-05
[itstep]        50    3.000         2.048e-01     -5.4818399343      2.770354e-07      1.574764e-01     -7.415348e-06
[itstep]        51    3.000         2.048e-01     -5.4818406123      1.236910e-07      7.031021e-02     -3.310813e-06
[itstep]        52    3.000         2.048e-01     -5.4818409277      5.752223e-08      3.269760e-02     -1.539686e-06
[itstep]        53    3.000         2.048e-01     -5.4818410800      2.779037e-08      1.579699e-02     -7.438592e-07
[itstep]        54    3.000         2.048e-01     -5.4818411562      1.390307e-08      7.902982e-03     -3.721408e-07
[itstep]        55    3.000         2.048e-01     -5.4818411956      7.175659e-09      4.078890e-03     -1.920694e-07
[itstep]        56    3.000         2.048e-01     -5.4818412164      3.805354e-09      2.163094e-03     -1.018572e-07
[itstep]        57    3.000         2.048e-01     -5.4818412277      2.065085e-09      1.173865e-03     -5.527571e-08
[update_dt]  (i= 58) Reduced time step from   0.204800 to   0.163840
[update_E0]  (i= 58) Extrapolated energy ground state E0:  -5.482451
[itstep]        58    3.000         1.638e-01     -5.4818412340      1.142333e-09      6.493411e-04     -3.057660e-08
[itstep]        59    3.000         1.638e-01     -5.4820693588      4.161463e-05      5.775190e+01     -1.392363e-03
[itstep]        60    3.000         1.638e-01     -5.4821527444      1.521061e-05      2.110896e+01     -5.089453e-04
[itstep]        61    3.000         1.638e-01     -5.4821867444      6.201952e-06      8.606937e+00     -2.075198e-04
[itstep]        62    3.000         1.638e-01     -5.4822015461      2.699962e-06      3.746950e+00     -9.034238e-05
[itstep]        63    3.000         1.638e-01     -5.4822082797      1.228256e-06      1.704548e+00     -4.109831e-05
[itstep]        64    3.000         1.638e-01     -5.4822114509      5.784522e-07      8.027637e-01     -1.935544e-05
[itstep]        65    3.000         1.638e-01     -5.4822129910      2.809262e-07      3.898635e-01     -9.400006e-06
[itstep]        66    3.000         1.638e-01     -5.4822137609      1.404413e-07      1.949014e-01     -4.699273e-06
[itstep]        67    3.000         1.638e-01     -5.4822141567      7.219683e-08      1.001932e-01     -2.415762e-06
[itstep]        68    3.000         1.638e-01     -5.4822143657      3.812892e-08      5.291451e-02     -1.275824e-06
[itstep]        69    3.000         1.638e-01     -5.4822144790      2.066498e-08      2.867841e-02     -6.914662e-07
[itstep]        70    3.000         1.638e-01     -5.4822145420      1.147855e-08      1.592969e-02     -3.840814e-07
[itstep]        71    3.000         1.638e-01     -5.4822145777      6.524224e-09      9.054180e-03     -2.183056e-07
[itstep]        72    3.000         1.638e-01     -5.4822145985      3.787723e-09      5.256522e-03     -1.267402e-07
[itstep]        73    3.000         1.638e-01     -5.4822146108      2.241718e-09      3.111009e-03     -7.500964e-08
[itstep]        74    3.000         1.638e-01     -5.4822146182      1.349709e-09      1.873098e-03     -4.516233e-08
[itstep]        75    3.000         1.638e-01     -5.4822146227      8.249996e-10      1.144917e-03     -2.760513e-08
[update_dt]  (i= 76) Reduced time step from   0.163840 to   0.131072
[update_E0]  (i= 76) Extrapolated energy ground state E0:  -5.482474
[itstep]        76    3.000         1.311e-01     -5.4822146255      5.109130e-10      7.090342e-04     -1.709555e-08
[itstep]        77    3.000         1.311e-01     -5.4822983514      1.527228e-05      5.174449e+01     -6.387780e-04
[itstep]        78    3.000         1.311e-01     -5.4823350430      6.692746e-06      2.267591e+01     -2.799349e-04
[itstep]        79    3.000         1.311e-01     -5.4823524647      3.177773e-06      1.076671e+01     -1.329164e-04
[itstep]        80    3.000         1.311e-01     -5.4823611826      1.590176e-06      5.387724e+00     -6.651232e-05
[itstep]        81    3.000         1.311e-01     -5.4823657041      8.247409e-07      2.794331e+00     -3.449652e-05
[itstep]        82    3.000         1.311e-01     -5.4823681130      4.393939e-07      1.488724e+00     -1.837859e-05
[itstep]        83    3.000         1.311e-01     -5.4823694254      2.393811e-07      8.110548e-01     -1.001263e-05
[itstep]        84    3.000         1.311e-01     -5.4823701549      1.330606e-07      4.508268e-01     -5.565547e-06
[itstep]        85    3.000         1.311e-01     -5.4823705681      7.537583e-08      2.553832e-01     -3.152757e-06
[itstep]        86    3.000         1.311e-01     -5.4823708065      4.348581e-08      1.473357e-01     -1.818888e-06
[itstep]        87    3.000         1.311e-01     -5.4823709465      2.553770e-08      8.652508e-02     -1.068170e-06
[itstep]        88    3.000         1.311e-01     -5.4823710302      1.525913e-08      5.169995e-02     -6.382463e-07
[itstep]        89    3.000         1.311e-01     -5.4823710810      9.271780e-09      3.141401e-02     -3.878123e-07
[itstep]        90    3.000         1.311e-01     -5.4823711124      5.725507e-09      1.939877e-02     -2.394818e-07
[itstep]        91    3.000         1.311e-01     -5.4823711321      3.590616e-09      1.216548e-02     -1.501853e-07
[itstep]        92    3.000         1.311e-01     -5.4823711446      2.284917e-09      7.741600e-03     -9.557162e-08
[itstep]        93    3.000         1.311e-01     -5.4823711527      1.474084e-09      4.994391e-03     -6.165677e-08
[itstep]        94    3.000         1.311e-01     -5.4823711580      9.631521e-10      3.263286e-03     -4.028593e-08
[itstep]        95    3.000         1.311e-01     -5.4823711615      6.367068e-10      2.157246e-03     -2.663164e-08
[itstep]        96    3.000         1.311e-01     -5.4823711638      4.253965e-10      1.441299e-03     -1.779313e-08
[update_dt]  (i= 97) Reduced time step from   0.131072 to   0.104858
[update_E0]  (i= 97) Extrapolated energy ground state E0:  -5.482480
[itstep]        97    3.000         1.049e-01     -5.4823711654      2.869481e-10      9.722179e-04     -1.200223e-08
[itstep]        98    3.000         1.049e-01     -5.4824012073      5.479725e-06      4.532722e+01     -2.865018e-04
[itstep]        99    3.000         1.049e-01     -5.4824165162      2.792382e-06      2.309804e+01     -1.459976e-04
[itstep]       100    3.000         1.049e-01     -5.4824247775      1.506876e-06      1.246458e+01     -7.878609e-05
[itstep]       101    3.000         1.049e-01     -5.4824294218      8.471182e-07      7.007198e+00     -4.429113e-05
[itstep]       102    3.000         1.049e-01     -5.4824321102      4.903680e-07      4.056229e+00     -2.563866e-05
[itstep]       103    3.000         1.049e-01     -5.4824337008      2.901299e-07      2.399899e+00     -1.516931e-05
[itstep]       104    3.000         1.049e-01     -5.4824346585      1.746736e-07      1.444867e+00     -9.132735e-06
[itstep]       105    3.000         1.049e-01     -5.4824352436      1.067360e-07      8.828998e-01     -5.580648e-06
[itstep]       106    3.000         1.049e-01     -5.4824356060      6.610092e-08      5.467740e-01     -3.456059e-06
[itstep]       107    3.000         1.049e-01     -5.4824358333      4.145256e-08      3.428876e-01     -2.167330e-06
[itstep]       108    3.000         1.049e-01     -5.4824359775      2.631021e-08      2.176329e-01     -1.375618e-06
[itstep]       109    3.000         1.049e-01     -5.4824360702      1.689593e-08      1.397599e-01     -8.833969e-07
[itstep]       110    3.000         1.049e-01     -5.4824361303      1.097524e-08      9.078506e-02     -5.738359e-07
[itstep]       111    3.000         1.049e-01     -5.4824361699      7.209699e-09      5.963723e-02     -3.769561e-07
[itstep]       112    3.000         1.049e-01     -5.4824361961      4.788336e-09      3.960819e-02     -2.503562e-07
[itstep]       113    3.000         1.049e-01     -5.4824362137      3.214373e-09      2.658867e-02     -1.680622e-07
[itstep]       114    3.000         1.049e-01     -5.4824362257      2.180296e-09      1.803499e-02     -1.139959e-07
[itstep]       115    3.000         1.049e-01     -5.4824362339      1.493782e-09      1.235628e-02     -7.810179e-08
[itstep]       116    3.000         1.049e-01     -5.4824362395      1.033332e-09      8.547526e-03     -5.402736e-08
[itstep]       117    3.000         1.049e-01     -5.4824362435      7.214066e-10      5.967335e-03     -3.771844e-08
[itstep]       118    3.000         1.049e-01     -5.4824362463      5.080469e-10      4.202465e-03     -2.656302e-08
[itstep]       119    3.000         1.049e-01     -5.4824362483      3.607399e-10      2.983971e-03     -1.886114e-08
[itstep]       120    3.000         1.049e-01     -5.4824362497      2.581160e-10      2.135085e-03     -1.349549e-08
[itstep]       121    3.000         1.049e-01     -5.4824362507      1.860135e-10      1.538668e-03     -9.725641e-09
[itstep]       122    3.000         1.049e-01     -5.4824362514      1.349405e-10      1.116202e-03     -7.055310e-09
[update_dt]  (i=123) Reduced time step from   0.104858 to   0.083886
[update_E0]  (i=123) Extrapolated energy ground state E0:  -5.482481
[itstep]       123    3.000         8.389e-02     -5.4824362520      9.848567e-11      8.146544e-04     -5.149283e-09

[info]       steps       dt                E0                 E
[output]       124    0.084     -5.4824814069     -5.4824362520
