[conf]                N               2
[conf]                J            0.966
[conf]             beta           1.000
[conf]              dt0       4.000e-01
[conf]        eps_trunc       1.000e-04
[conf]           eps_dt       9.000e-02
[conf]          eps_tol       1.000e-03
[conf]             Dmax              10
[conf]           dt_red           0.800
[conf]         phys_gap       1.000e-03
[info]           i      MBD                dt                 E           rel_err           exp_err             slope
[itstep]         0    2.000         4.000e-01     -1.8389592335      1.000000e+00      1.000000e-03     -2.645138e+00
[itstep]         1    2.000         4.000e-01     -2.0968301151      1.402265e-01      5.477599e+03     -6.446772e-01
[itstep]         2    2.000         4.000e-01     -2.1747798536      3.717504e-02      1.452150e+03     -1.948743e-01
[itstep]         3    2.000         4.000e-01     -2.2021037991      1.256401e-02      4.907815e+02     -6.830986e-02
[itstep]         4    2.000         4.000e-01     -2.2118749033      4.437168e-03      1.733269e+02     -2.442776e-02
[itstep]         5    2.000         4.000e-01     -2.2153572731      1.574397e-03      6.149989e+01     -8.705924e-03
[itstep]         6    2.000         4.000e-01     -2.2165940968      5.582954e-04      2.180841e+01     -3.092059e-03
[itstep]         7    2.000         4.000e-01     -2.2170326375      1.978444e-04      7.728297e+00     -1.096352e-03
[itstep]         8    2.000         4.000e-01     -2.2171880239      7.008755e-05      2.737795e+00     -3.884660e-04
[itstep]         9    2.000         4.000e-01     -2.2172430669      2.482560e-05      9.697499e-01     -1.376075e-04
[itstep]        10    2.000         4.000e-01     -2.2172625631      8.792990e-06      3.434762e-01     -4.874049e-05
[itstep]        11    2.000         4.000e-01     -2.2172694684      3.114337e-06      1.216538e-01     -1.726326e-05
[itstep]        12    2.000         4.000e-01     -2.2172719141      1.103041e-06      4.308756e-02     -6.114350e-06
[itstep]        13    2.000         4.000e-01     -2.2172727804      3.906764e-07      1.526080e-02     -2.165589e-06
[itstep]        14    2.000         4.000e-01     -2.2172730872      1.383701e-07      5.405081e-03     -7.670105e-07
[itstep]        15    2.000         4.000e-01     -2.2172731958      4.900801e-08      1.914375e-03     -2.716603e-07
[update_dt]  (i= 16) Reduced time step from   0.400000 to   0.320000
[update_E0]  (i= 16) Extrapolated energy ground state E0:  -3.213779
[itstep]        16    2.000         3.200e-01     -2.2172732343      1.735769e-08      6.780348e-04     -9.621685e-08
[itstep]        17    2.000         3.200e-01     -2.2189036403      7.353203e-04      7.012561e+01     -5.095019e-03
[itstep]        18    2.000         3.200e-01     -2.2192184513      1.418768e-04      1.353043e+01     -9.837843e-04
[itstep]        19    2.000         3.200e-01     -2.2192890713      3.182202e-05      3.034784e+00     -2.206875e-04
[itstep]        20    2.000         3.200e-01     -2.2193055932      7.444683e-06      7.099803e-01     -5.163095e-05
[itstep]        21    2.000         3.200e-01     -2.2193094991      1.759971e-06      1.678440e-01     -1.220598e-05
[itstep]        22    2.000         3.200e-01     -2.2193104249      4.171288e-07      3.978051e-02     -2.892931e-06
[itstep]        23    2.000         3.200e-01     -2.2193106444      9.893024e-08      9.434723e-03     -6.861154e-07
[itstep]        24    2.000         3.200e-01     -2.2193106965      2.347016e-08      2.238289e-03     -1.627737e-07
[update_dt]  (i= 25) Reduced time step from   0.320000 to   0.256000
[update_E0]  (i= 25) Extrapolated energy ground state E0:  -2.220724
[itstep]        25    2.000         2.560e-01     -2.2193107089      5.569828e-09      5.311802e-04     -3.862868e-08
[itstep]        26    2.000         2.560e-01     -2.2199609023      2.929709e-04      6.821260e+01     -2.539818e-03
[itstep]        27    2.000         2.560e-01     -2.2201307739      7.652011e-05      1.781623e+01     -6.635611e-04
[itstep]        28    2.000         2.560e-01     -2.2201810482      2.264476e-05      5.272395e+00     -1.963841e-04
[itstep]        29    2.000         2.560e-01     -2.2201966516      7.027961e-06      1.636325e+00     -6.095057e-05
[itstep]        30    2.000         2.560e-01     -2.2202015729      2.216610e-06      5.160948e-01     -1.922387e-05
[itstep]        31    2.000         2.560e-01     -2.2202031332      7.027815e-07      1.636291e-01     -6.094987e-06
[itstep]        32    2.000         2.560e-01     -2.2202036287      2.231916e-07      5.196585e-02     -1.935667e-06
[itstep]        33    2.000         2.560e-01     -2.2202037862      7.091972e-08      1.651228e-02     -6.150634e-07
[itstep]        34    2.000         2.560e-01     -2.2202038362      2.253875e-08      5.247711e-03     -1.954711e-07
[itstep]        35    2.000         2.560e-01     -2.2202038521      7.163347e-09      1.667847e-03     -6.212535e-08
[update_dt]  (i= 36) Reduced time step from   0.256000 to   0.204800
[update_E0]  (i= 36) Extrapolated energy ground state E0:  -2.220823
[itstep]        36    2.000         2.048e-01     -2.2202038572      2.276722e-09      5.300906e-04     -1.974526e-08
[itstep]        37    2.000         2.048e-01     -2.2204524259      1.119576e-04      6.364052e+01     -1.213714e-03
[itstep]        38    2.000         2.048e-01     -2.2205355433      3.743266e-05      2.127800e+01     -4.058469e-04
[itstep]        39    2.000         2.048e-01     -2.2205662033      1.380748e-05      7.848646e+00     -1.497071e-04
[itstep]        40    2.000         2.048e-01     -2.2205780650      5.341723e-06      3.036418e+00     -5.791821e-05
[itstep]        41    2.000         2.048e-01     -2.2205827503      2.109948e-06      1.199367e+00     -2.287747e-05
[itstep]        42    2.000         2.048e-01     -2.2205846170      8.406354e-07      4.778459e-01     -9.114748e-06
[itstep]        43    2.000         2.048e-01     -2.2205853633      3.360981e-07      1.910496e-01     -3.644210e-06
[itstep]        44    2.000         2.048e-01     -2.2205856621      1.345669e-07      7.649241e-02     -1.459068e-06
[itstep]        45    2.000         2.048e-01     -2.2205857818      5.390844e-08      3.064340e-02     -5.845132e-07
[itstep]        46    2.000         2.048e-01     -2.2205858298      2.160102e-08      1.227876e-02     -2.342135e-07
[itstep]        47    2.000         2.048e-01     -2.2205858490      8.656281e-09      4.920526e-03     -9.385750e-08
[itstep]        48    2.000         2.048e-01     -2.2205858567      3.469001e-09      1.971899e-03     -3.761335e-08
[update_dt]  (i= 49) Reduced time step from   0.204800 to   0.163840
[update_E0]  (i= 49) Extrapolated energy ground state E0:  -2.220851
[itstep]        49    2.000         1.638e-01     -2.2205858598      1.390222e-09      7.902495e-04     -1.507376e-08
[itstep]        50    2.000         1.638e-01     -2.2206778864      4.144247e-05      5.751298e+01     -5.616856e-04
[itstep]        51    2.000         1.638e-01     -2.2207155621      1.696586e-05      2.354486e+01     -2.299543e-04
[itstep]        52    2.000         1.638e-01     -2.2207321679      7.477663e-06      1.037734e+01     -1.013535e-04
[itstep]        53    2.000         1.638e-01     -2.2207398097      3.441146e-06      4.775550e+00     -4.664224e-05
[itstep]        54    2.000         1.638e-01     -2.2207434084      1.620478e-06      2.248865e+00     -2.196448e-05
[itstep]        55    2.000         1.638e-01     -2.2207451230      7.720714e-07      1.071464e+00     -1.046492e-05
[itstep]        56    2.000         1.638e-01     -2.2207459446      3.699813e-07      5.134522e-01     -5.014857e-06
[itstep]        57    2.000         1.638e-01     -2.2207463394      1.777974e-07      2.467435e-01     -2.409930e-06
[itstep]        58    2.000         1.638e-01     -2.2207465294      8.555870e-08      1.187365e-01     -1.159693e-06
[itstep]        59    2.000         1.638e-01     -2.2207466209      4.119927e-08      5.717547e-02     -5.584298e-07
[itstep]        60    2.000         1.638e-01     -2.2207466650      1.984509e-08      2.754060e-02     -2.689875e-07
[itstep]        61    2.000         1.638e-01     -2.2207466862      9.560560e-09      1.326794e-02     -1.295873e-07
[itstep]        62    2.000         1.638e-01     -2.2207466965      4.606231e-09      6.392430e-03     -6.243453e-08
[itstep]        63    2.000         1.638e-01     -2.2207467014      2.219339e-09      3.079952e-03     -3.008173e-08
[itstep]        64    2.000         1.638e-01     -2.2207467038      1.069323e-09      1.483984e-03     -1.449399e-08
[update_dt]  (i= 65) Reduced time step from   0.163840 to   0.131072
[update_E0]  (i= 65) Extrapolated energy ground state E0:  -2.220858
[itstep]        65    2.000         1.311e-01     -2.2207467049      5.152258e-10      7.150195e-04     -6.983558e-09
[itstep]        66    2.000         1.311e-01     -2.2207799388      1.496518e-05      5.070399e+01     -2.535543e-04
[itstep]        67    2.000         1.311e-01     -2.2207960069      7.235343e-06      2.451430e+01     -1.225899e-04
[itstep]        68    2.000         1.311e-01     -2.2208042017      3.690057e-06      1.250240e+01     -6.252186e-05
[itstep]        69    2.000         1.311e-01     -2.2208085343      1.950904e-06      6.609919e+00     -3.305492e-05
[itstep]        70    2.000         1.311e-01     -2.2208108771      1.054915e-06      3.574192e+00     -1.787388e-05
[itstep]        71    2.000         1.311e-01     -2.2208121610      5.781439e-07      1.958828e+00     -9.795748e-06
[itstep]        72    2.000         1.311e-01     -2.2208128702      3.193299e-07      1.081932e+00     -5.410551e-06
[itstep]        73    2.000         1.311e-01     -2.2208132637      1.771635e-07      6.002532e-01     -3.001762e-06
[itstep]        74    2.000         1.311e-01     -2.2208134825      9.853706e-08      3.338566e-01     -1.669559e-06
[itstep]        75    2.000         1.311e-01     -2.2208136044      5.488302e-08      1.859509e-01     -9.299083e-07
[itstep]        76    2.000         1.311e-01     -2.2208136723      3.059283e-08      1.036525e-01     -5.183485e-07
[itstep]        77    2.000         1.311e-01     -2.2208137102      1.706056e-08      5.780343e-02     -2.890650e-07
[itstep]        78    2.000         1.311e-01     -2.2208137313      9.516433e-09      3.224293e-02     -1.612413e-07
[itstep]        79    2.000         1.311e-01     -2.2208137431      5.309027e-09      1.798768e-02     -8.995332e-08
[itstep]        80    2.000         1.311e-01     -2.2208137497      2.962029e-09      1.003574e-02     -5.018703e-08
[itstep]        81    2.000         1.311e-01     -2.2208137534      1.652654e-09      5.599409e-03     -2.800168e-08
[itstep]        82    2.000         1.311e-01     -2.2208137554      9.221161e-10      3.124251e-03     -1.562384e-08
[itstep]        83    2.000         1.311e-01     -2.2208137566      5.145114e-10      1.743232e-03     -8.717605e-09
[update_dt]  (i= 84) Reduced time step from   0.131072 to   0.104858
[update_E0]  (i= 84) Extrapolated energy ground state E0:  -2.220860
[itstep]        84    2.000         1.049e-01     -2.2208137572      2.870819e-10      9.726712e-04     -4.864161e-09
[itstep]        85    2.000         1.049e-01     -2.2208255270      5.299788e-06      4.383882e+01     -1.122460e-04
[itstep]        86    2.000         1.049e-01     -2.2208320505      2.937423e-06      2.429780e+01     -6.221299e-05
[itstep]        87    2.000         1.049e-01     -2.2208358044      1.690294e-06      1.398178e+01     -3.579958e-05
[itstep]        88    2.000         1.049e-01     -2.2208380260      1.000357e-06      8.274760e+00     -2.118710e-05
[itstep]        89    2.000         1.049e-01     -2.2208393672      6.039180e-07      4.995493e+00     -1.279072e-05
[itstep]        90    2.000         1.049e-01     -2.2208401879      3.695418e-07      3.056778e+00     -7.826739e-06
[itstep]        91    2.000         1.049e-01     -2.2208406946      2.281511e-07      1.887221e+00     -4.832144e-06
[itstep]        92    2.000         1.049e-01     -2.2208410093      1.416750e-07      1.171908e+00     -3.000617e-06
[itstep]        93    2.000         1.049e-01     -2.2208412054      8.830251e-08      7.304212e-01     -1.870211e-06
[itstep]        94    2.000         1.049e-01     -2.2208413279      5.516658e-08      4.563273e-01     -1.168406e-06
[itstep]        95    2.000         1.049e-01     -2.2208414045      3.451647e-08      2.855135e-01     -7.310447e-07
[itstep]        96    2.000         1.049e-01     -2.2208414525      2.161647e-08      1.788072e-01     -4.578280e-07
[itstep]        97    2.000         1.049e-01     -2.2208414826      1.354565e-08      1.120470e-01     -2.868915e-07
[itstep]        98    2.000         1.049e-01     -2.2208415015      8.491349e-09      7.023879e-02     -1.798433e-07
[itstep]        99    2.000         1.049e-01     -2.2208415133      5.324206e-09      4.404080e-02     -1.127645e-07
[itstep]       100    2.000         1.049e-01     -2.2208415207      3.338849e-09      2.761831e-02     -7.071546e-08
[itstep]       101    2.000         1.049e-01     -2.2208415254      2.094008e-09      1.732123e-02     -4.435024e-08
[itstep]       102    2.000         1.049e-01     -2.2208415283      1.313364e-09      1.086389e-02     -2.781652e-08
[itstep]       103    2.000         1.049e-01     -2.2208415301      8.237731e-10      6.814091e-03     -1.744718e-08
[itstep]       104    2.000         1.049e-01     -2.2208415313      5.167026e-10      4.274063e-03     -1.094355e-08
[itstep]       105    2.000         1.049e-01     -2.2208415320      3.241003e-10      2.680895e-03     -6.864313e-09
[itstep]       106    2.000         1.049e-01     -2.2208415324      2.032926e-10      1.681597e-03     -4.305655e-09
[itstep]       107    2.000         1.049e-01     -2.2208415327      1.275163e-10      1.054790e-03     -2.700743e-09
[update_dt]  (i=108) Reduced time step from   0.104858 to   0.083886
[update_E0]  (i=108) Extrapolated energy ground state E0:  -2.220861
[itstep]       108    2.000         8.389e-02     -2.2208415329      7.998595e-11      6.616283e-04     -1.694070e-09

[info]       steps       dt                E0                 E
[output]       109    0.084     -2.2208608028     -2.2208415329
