[conf]                N               3
[conf]                J            0.690
[conf]             beta           1.000
[conf]              dt0       4.000e-01
[conf]        eps_trunc       1.000e-04
[conf]           eps_dt       9.000e-02
[conf]          eps_tol       1.000e-03
[conf]             Dmax              10
[conf]           dt_red           0.800
[conf]         phys_gap       1.000e-03
[info]           i      MBD                dt                 E           rel_err           exp_err             slope
[itstep]         0    2.000         4.000e-01     -2.4568036859      1.000000e+00      1.000000e-03     -6.704472e+00
[itstep]         1    2.000         4.000e-01     -3.0869343674      2.564839e-01      1.001890e+04     -1.575327e+00
[itstep]         2    2.000         4.000e-01     -3.1965032988      3.549442e-02      1.386501e+03     -2.739223e-01
[itstep]         3    2.000         4.000e-01     -3.2215583908      7.838281e-03      3.061829e+02     -6.263773e-02
[itstep]         4    2.000         4.000e-01     -3.2291290311      2.349993e-03      9.179661e+01     -1.892660e-02
[itstep]         5    2.000         4.000e-01     -3.2317782620      8.204165e-04      3.204752e+01     -6.623077e-03
[itstep]         6    2.000         4.000e-01     -3.2327625791      3.045745e-04      1.189744e+01     -2.460793e-03
[itstep]         7    2.000         4.000e-01     -3.2331368678      1.157798e-04      4.522650e+00     -9.357219e-04
[itstep]         8    2.000         4.000e-01     -3.2332804994      4.442483e-05      1.735345e+00     -3.590789e-04
[itstep]         9    2.000         4.000e-01     -3.2333358246      1.711116e-05      6.684048e-01     -1.383130e-04
[itstep]        10    2.000         4.000e-01     -3.2333571693      6.601462e-06      2.578696e-01     -5.336186e-05
[itstep]        11    2.000         4.000e-01     -3.2333654101      2.548665e-06      9.955723e-02     -2.060186e-05
[itstep]        12    2.000         4.000e-01     -3.2333685927      9.843027e-07      3.844932e-02     -7.956525e-06
[itstep]        13    2.000         4.000e-01     -3.2333698220      3.802010e-07      1.485160e-02     -3.073325e-06
[itstep]        14    2.000         4.000e-01     -3.2333702969      1.468697e-07      5.737099e-03     -1.187210e-06
[itstep]        15    2.000         4.000e-01     -3.2333704804      5.673743e-08      2.216306e-03     -4.586328e-07
[update_dt]  (i= 16) Reduced time step from   0.400000 to   0.320000
[update_E0]  (i= 16) Extrapolated energy ground state E0:  -5.632663
[itstep]        16    2.000         3.200e-01     -3.2333705512      2.191881e-08      8.562037e-04     -1.771791e-07
[itstep]        17    2.000         3.200e-01     -3.2350687920      5.252230e-04      5.008917e+01     -5.307002e-03
[itstep]        18    2.000         3.200e-01     -3.2353656176      9.175248e-05      8.750199e+00     -9.275800e-04
[itstep]        19    2.000         3.200e-01     -3.2354309461      2.019203e-05      1.925662e+00     -2.041519e-04
[itstep]        20    2.000         3.200e-01     -3.2354472522      5.039848e-06      4.806374e-01     -5.095650e-05
[itstep]        21    2.000         3.200e-01     -3.2354517282      1.383430e-06      1.319342e-01     -1.398755e-05
[itstep]        22    2.000         3.200e-01     -3.2354530478      4.078307e-07      3.889377e-02     -4.123489e-06
[itstep]        23    2.000         3.200e-01     -3.2354534561      1.261982e-07      1.203519e-02     -1.275963e-06
[itstep]        24    2.000         3.200e-01     -3.2354535863      4.024951e-08      3.838492e-03     -4.069544e-07
[itstep]        25    2.000         3.200e-01     -3.2354536286      1.306839e-08      1.246299e-03     -1.321318e-07
[update_dt]  (i= 26) Reduced time step from   0.320000 to   0.256000
[update_E0]  (i= 26) Extrapolated energy ground state E0:  -3.236899
[itstep]        26    2.000         2.560e-01     -3.2354536424      4.286773e-09      4.088186e-04     -4.334268e-08
[itstep]        27    2.000         2.560e-01     -3.2361458136      2.139333e-04      4.981022e+01     -2.703793e-03
[itstep]        28    2.000         2.560e-01     -3.2363098277      5.068193e-05      1.180031e+01     -6.406801e-04
[itstep]        29    2.000         2.560e-01     -3.2363563009      1.435995e-05      3.343437e+00     -1.815362e-04
[itstep]        30    2.000         2.560e-01     -3.2363708106      4.483329e-06      1.043856e+00     -5.667832e-05
[itstep]        31    2.000         2.560e-01     -3.2363756778      1.503917e-06      3.501580e-01     -1.901263e-05
[itstep]        32    2.000         2.560e-01     -3.2363774107      5.354375e-07      1.246663e-01     -6.769050e-06
[itstep]        33    2.000         2.560e-01     -3.2363780578      1.999499e-07      4.655445e-02     -2.527786e-06
[itstep]        34    2.000         2.560e-01     -3.2363783082      7.738128e-08      1.801673e-02     -9.782620e-07
[itstep]        35    2.000         2.560e-01     -3.2363784076      3.070749e-08      7.149644e-03     -3.882072e-07
[itstep]        36    2.000         2.560e-01     -3.2363784477      1.239247e-08      2.885347e-03     -1.566669e-07
[itstep]        37    2.000         2.560e-01     -3.2363784641      5.056096e-09      1.177214e-03     -6.391968e-08
[update_dt]  (i= 38) Reduced time step from   0.256000 to   0.204800
[update_E0]  (i= 38) Extrapolated energy ground state E0:  -3.237020
[itstep]        38    2.000         2.048e-01     -3.2363784708      2.077249e-09      4.836472e-04     -2.626080e-08
[itstep]        39    2.000         2.048e-01     -3.2366479359      8.326131e-05      4.732858e+01     -1.315748e-03
[itstep]        40    2.000         2.048e-01     -3.2367302651      2.543655e-05      1.445900e+01     -4.019978e-04
[itstep]        41    2.000         2.048e-01     -3.2367591044      8.910023e-06      5.064762e+00     -1.408171e-04
[itstep]        42    2.000         2.048e-01     -3.2367700184      3.371891e-06      1.916698e+00     -5.329100e-05
[itstep]        43    2.000         2.048e-01     -3.2367743771      1.346611e-06      7.654598e-01     -2.128257e-05
[itstep]        44    2.000         2.048e-01     -3.2367761973      5.623610e-07      3.196652e-01     -8.887870e-06
[itstep]        45    2.000         2.048e-01     -3.2367769877      2.441703e-07      1.387948e-01     -3.859007e-06
[itstep]        46    2.000         2.048e-01     -3.2367773424      1.095838e-07      6.229119e-02     -1.731926e-06
[itstep]        47    2.000         2.048e-01     -3.2367775059      5.052218e-08      2.871853e-02     -7.984816e-07
[itstep]        48    2.000         2.048e-01     -3.2367775829      2.378437e-08      1.351985e-02     -3.759020e-07
[itstep]        49    2.000         2.048e-01     -3.2367776197      1.137335e-08      6.465003e-03     -1.797511e-07
[itstep]        50    2.000         2.048e-01     -3.2367776375      5.500671e-09      3.126770e-03     -8.693579e-08
[itstep]        51    2.000         2.048e-01     -3.2367776462      2.681933e-09      1.524502e-03     -4.238682e-08
[update_dt]  (i= 52) Reduced time step from   0.204800 to   0.163840
[update_E0]  (i= 52) Extrapolated energy ground state E0:  -3.237055
[itstep]        52    2.000         1.638e-01     -3.2367776504      1.315025e-09      7.475051e-04     -2.078341e-08
[itstep]        53    2.000         1.638e-01     -3.2368789022      3.128166e-05      4.341202e+01     -6.179917e-04
[itstep]        54    2.000         1.638e-01     -3.2369171436      1.181430e-05      1.639563e+01     -2.334073e-04
[itstep]        55    2.000         1.638e-01     -3.2369331402      4.941915e-06      6.858285e+00     -9.763532e-05
[itstep]        56    2.000         1.638e-01     -3.2369402627      2.200395e-06      3.053661e+00     -4.347248e-05
[itstep]        57    2.000         1.638e-01     -3.2369435705      1.021889e-06      1.418156e+00     -2.018917e-05
[itstep]        58    2.000         1.638e-01     -3.2369451584      4.905581e-07      6.807862e-01     -9.691827e-06
[itstep]        59    2.000         1.638e-01     -3.2369459430      2.423870e-07      3.363795e-01     -4.788778e-06
[itstep]        60    2.000         1.638e-01     -3.2369463409      1.229170e-07      1.705816e-01     -2.428440e-06
[itstep]        61    2.000         1.638e-01     -3.2369465474      6.379355e-08      8.853134e-02     -1.260353e-06
[itstep]        62    2.000         1.638e-01     -3.2369466568      3.378130e-08      4.688098e-02     -6.674089e-07
[itstep]        63    2.000         1.638e-01     -3.2369467156      1.819395e-08      2.524918e-02     -3.594534e-07
[itstep]        64    2.000         1.638e-01     -3.2369467478      9.935427e-09      1.378817e-02     -1.962918e-07
[itstep]        65    2.000         1.638e-01     -3.2369467656      5.485763e-09      7.613025e-03     -1.083809e-07
[itstep]        66    2.000         1.638e-01     -3.2369467755      3.055129e-09      4.239843e-03     -6.035944e-08
[itstep]        67    2.000         1.638e-01     -3.2369467810      1.712765e-09      2.376939e-03     -3.383868e-08
[itstep]        68    2.000         1.638e-01     -3.2369467841      9.650486e-10      1.339274e-03     -1.906623e-08
[update_dt]  (i= 69) Reduced time step from   0.163840 to   0.131072
[update_E0]  (i= 69) Extrapolated energy ground state E0:  -3.237064
[itstep]        69    2.000         1.311e-01     -3.2369467859      5.458098e-10      7.574633e-04     -1.078343e-08
[itstep]        70    2.000         1.311e-01     -3.2369837921      1.143244e-05      3.873463e+01     -2.823350e-04
[itstep]        71    2.000         1.311e-01     -3.2370004674      5.151488e-06      1.745392e+01     -1.272223e-04
[itstep]        72    2.000         1.311e-01     -3.2370085610      2.500335e-06      8.471465e+00     -6.174916e-05
[itstep]        73    2.000         1.311e-01     -3.2370126897      1.275478e-06      4.321486e+00     -3.149972e-05
[itstep]        74    2.000         1.311e-01     -3.2370148692      6.732963e-07      2.281216e+00     -1.662803e-05
[itstep]        75    2.000         1.311e-01     -3.2370160496      3.646778e-07      1.235576e+00     -9.006252e-06
[itstep]        76    2.000         1.311e-01     -3.2370167028      2.017865e-07      6.836792e-01     -4.983414e-06
[itstep]        77    2.000         1.311e-01     -3.2370170712      1.137996e-07      3.855681e-01     -2.810450e-06
[itstep]        78    2.000         1.311e-01     -3.2370172826      6.531067e-08      2.212812e-01     -1.612944e-06
[itstep]        79    2.000         1.311e-01     -3.2370174059      3.809138e-08      1.290586e-01     -9.407232e-07
[itstep]        80    2.000         1.311e-01     -3.2370174789      2.254461e-08      7.638410e-02     -5.567725e-07
[itstep]        81    2.000         1.311e-01     -3.2370175226      1.351934e-08      4.580531e-02     -3.338802e-07
[itstep]        82    2.000         1.311e-01     -3.2370175492      8.200847e-09      2.778555e-02     -2.025321e-07
[itstep]        83    2.000         1.311e-01     -3.2370175655      5.023991e-09      1.702194e-02     -1.240749e-07
[itstep]        84    2.000         1.311e-01     -3.2370175755      3.103544e-09      1.051522e-02     -7.664662e-08
[itstep]        85    2.000         1.311e-01     -3.2370175818      1.930525e-09      6.540872e-03     -4.767717e-08
[itstep]        86    2.000         1.311e-01     -3.2370175857      1.207707e-09      4.091872e-03     -2.982613e-08
[itstep]        87    2.000         1.311e-01     -3.2370175881      7.590190e-10      2.571656e-03     -1.874510e-08
[itstep]        88    2.000         1.311e-01     -3.2370175897      4.788046e-10      1.622253e-03     -1.182479e-08
[itstep]        89    2.000         1.311e-01     -3.2370175906      3.029374e-10      1.026392e-03     -7.481490e-09
[update_dt]  (i= 90) Reduced time step from   0.131072 to   0.104858
[update_E0]  (i= 90) Extrapolated energy ground state E0:  -3.237067
[itstep]        90    2.000         1.049e-01     -3.2370175913      1.921200e-10      6.509279e-04     -4.744689e-09
[itstep]        91    2.000         1.049e-01     -3.2370308242      4.087994e-06      3.381510e+01     -1.261989e-04
[itstep]        92    2.000         1.049e-01     -3.2370377281      2.132805e-06      1.764215e+01     -6.584124e-05
[itstep]        93    2.000         1.049e-01     -3.2370415250      1.172929e-06      9.702244e+00     -3.620926e-05
[itstep]        94    2.000         1.049e-01     -3.2370436949      6.703416e-07      5.544935e+00     -2.069400e-05
[itstep]        95    2.000         1.049e-01     -3.2370449700      3.939270e-07      3.258488e+00     -1.216086e-05
[itstep]        96    2.000         1.049e-01     -3.2370457352      2.363781e-07      1.955274e+00     -7.297198e-06
[itstep]        97    2.000         1.049e-01     -3.2370462021      1.442246e-07      1.192998e+00     -4.452339e-06
[itstep]        98    2.000         1.049e-01     -3.2370464910      8.925760e-08      7.383216e-01     -2.755460e-06
[itstep]        99    2.000         1.049e-01     -3.2370466721      5.594949e-08      4.628033e-01     -1.727210e-06
[itstep]       100    2.000         1.049e-01     -3.2370467870      3.548818e-08      2.935514e-01     -1.095552e-06
[itstep]       101    2.000         1.049e-01     -3.2370468607      2.276094e-08      1.882741e-01     -7.026503e-07
[itstep]       102    2.000         1.049e-01     -3.2370469084      1.475084e-08      1.220161e-01     -4.553715e-07
[itstep]       103    2.000         1.049e-01     -3.2370469397      9.652762e-09      7.984577e-02     -2.979893e-07
[itstep]       104    2.000         1.049e-01     -3.2370469603      6.373234e-09      5.271816e-02     -1.967474e-07
[itstep]       105    2.000         1.049e-01     -3.2370469740      4.242169e-09      3.509040e-02     -1.309595e-07
[itstep]       106    2.000         1.049e-01     -3.2370469832      2.844282e-09      2.352735e-02     -8.780549e-08
[itstep]       107    2.000         1.049e-01     -3.2370469894      1.919345e-09      1.587645e-02     -5.925187e-08
[itstep]       108    2.000         1.049e-01     -3.2370469937      1.302513e-09      1.077413e-02     -4.020972e-08
[itstep]       109    2.000         1.049e-01     -3.2370469965      8.882461e-10      7.347399e-03     -2.742094e-08
[itstep]       110    2.000         1.049e-01     -3.2370469985      6.082846e-10      5.031612e-03     -1.877828e-08
[itstep]       111    2.000         1.049e-01     -3.2370469999      4.180545e-10      3.458065e-03     -1.290571e-08
[itstep]       112    2.000         1.049e-01     -3.2370470008      2.881879e-10      2.383834e-03     -8.896616e-09
[itstep]       113    2.000         1.049e-01     -3.2370470014      1.991701e-10      1.647496e-03     -6.148557e-09
[itstep]       114    2.000         1.049e-01     -3.2370470019      1.379428e-10      1.141036e-03     -4.258416e-09
[update_dt]  (i=115) Reduced time step from   0.104858 to   0.083886
[update_E0]  (i=115) Extrapolated energy ground state E0:  -3.237067
[itstep]       115    2.000         8.389e-02     -3.2370470022      9.570827e-11      7.916803e-04     -2.954599e-09

[info]       steps       dt                E0                 E
[output]       116    0.084     -3.2370674065     -3.2370470022
