[conf]                N               2
[conf]                J            3.034
[conf]             beta           1.000
[conf]              dt0       4.000e-01
[conf]        eps_trunc       1.000e-04
[conf]           eps_dt       9.000e-02
[conf]          eps_tol       1.000e-03
[conf]             Dmax              10
[conf]           dt_red           0.800
[conf]         phys_gap       1.000e-03
[info]           i      MBD                dt                 E           rel_err           exp_err             slope
[itstep]         0    2.000         4.000e-01     -3.3961618993      1.000000e+00      1.000000e-03     -3.687564e+00
[itstep]         1    2.000         4.000e-01     -3.4501820924      1.590625e-02      6.213378e+02     -1.350505e-01
[itstep]         2    2.000         4.000e-01     -3.4877248666      1.088139e-02      4.250543e+02     -9.385694e-02
[itstep]         3    2.000         4.000e-01     -3.5103283661      6.480872e-03      2.531591e+02     -5.650875e-02
[itstep]         4    2.000         4.000e-01     -3.5229185708      3.586617e-03      1.401022e+02     -3.147551e-02
[itstep]         5    2.000         4.000e-01     -3.5296806983      1.919467e-03      7.497920e+01     -1.690532e-02
[itstep]         6    2.000         4.000e-01     -3.5332439986      1.009525e-03      3.943456e+01     -8.908251e-03
[itstep]         7    2.000         4.000e-01     -3.5351029207      5.261233e-04      2.055169e+01     -4.647305e-03
[itstep]         8    2.000         4.000e-01     -3.5360676196      2.728913e-04      1.065982e+01     -2.411747e-03
[itstep]         9    2.000         4.000e-01     -3.5365668934      1.411946e-04      5.515415e+00     -1.248184e-03
[itstep]        10    2.000         4.000e-01     -3.5368249249      7.296102e-05      2.850040e+00     -6.450788e-04
[itstep]        11    2.000         4.000e-01     -3.5369581819      3.767700e-05      1.471758e+00     -3.331424e-04
[itstep]        12    2.000         4.000e-01     -3.5370269747      1.944972e-05      7.597549e-01     -1.719822e-04
[itstep]        13    2.000         4.000e-01     -3.5370624816      1.003862e-05      3.921335e-01     -8.876716e-05
[itstep]        14    2.000         4.000e-01     -3.5370808063      5.180777e-06      2.023741e-01     -4.581183e-05
[itstep]        15    2.000         4.000e-01     -3.5370902631      2.673594e-06      1.044373e-01     -2.364180e-05
[itstep]        16    2.000         4.000e-01     -3.5370951432      1.379703e-06      5.389464e-02     -1.220033e-05
[itstep]        17    2.000         4.000e-01     -3.5370976615      7.119839e-07      2.781187e-02     -6.295887e-06
[itstep]        18    2.000         4.000e-01     -3.5370989611      3.674108e-07      1.435199e-02     -3.248920e-06
[itstep]        19    2.000         4.000e-01     -3.5370996317      1.895974e-07      7.406147e-03     -1.676562e-06
[itstep]        20    2.000         4.000e-01     -3.5370999778      9.783898e-08      3.821835e-03     -8.651656e-07
[itstep]        21    2.000         4.000e-01     -3.5371001564      5.048835e-08      1.972201e-03     -4.464558e-07
[itstep]        22    2.000         4.000e-01     -3.5371002485      2.605375e-08      1.017724e-03     -2.303868e-07
[update_dt]  (i= 23) Reduced time step from   0.400000 to   0.320000
[update_E0]  (i= 23) Extrapolated energy ground state E0:  -4.658203
[itstep]        23    2.000         3.200e-01     -3.5371002961      1.344464e-08      5.251812e-04     -1.188876e-07
[itstep]        24    2.000         3.200e-01     -3.5853976141      1.365449e-02      1.302194e+03     -1.509291e-01
[itstep]        25    2.000         3.200e-01     -3.5888877466      9.734297e-04      9.283349e+01     -1.090666e-02
[itstep]        26    2.000         3.200e-01     -3.5891904123      8.433413e-05      8.042730e+00     -9.458304e-04
[itstep]        27    2.000         3.200e-01     -3.5892171511      7.449790e-06      7.104674e-01     -8.355849e-05
[itstep]        28    2.000         3.200e-01     -3.5892195194      6.598624e-07      6.292939e-02     -7.401217e-06
[itstep]        29    2.000         3.200e-01     -3.5892197307      5.884841e-08      5.612222e-03     -6.600621e-07
[update_dt]  (i= 30) Reduced time step from   0.320000 to   0.256000
[update_E0]  (i= 30) Extrapolated energy ground state E0:  -3.625379
[itstep]        30    2.000         2.560e-01     -3.5892197504      5.490199e-09      5.235861e-04     -6.157978e-08
[itstep]        31    2.000         2.560e-01     -3.6112278705      6.131728e-03      1.427654e+03     -8.596922e-02
[itstep]        32    2.000         2.560e-01     -3.6138598231      7.288248e-04      1.696928e+02     -1.028106e-02
[itstep]        33    2.000         2.560e-01     -3.6142347559      1.037486e-04      2.415585e+01     -1.464581e-03
[itstep]        34    2.000         2.560e-01     -3.6142897905      1.522718e-05      3.545355e+00     -2.149789e-04
[itstep]        35    2.000         2.560e-01     -3.6142979055      2.245255e-06      5.227642e-01     -3.169923e-05
[itstep]        36    2.000         2.560e-01     -3.6142991030      3.313074e-07      7.713852e-02     -4.677514e-06
[itstep]        37    2.000         2.560e-01     -3.6142992797      4.890427e-08      1.138641e-02     -6.904479e-07
[itstep]        38    2.000         2.560e-01     -3.6142993059      7.227226e-09      1.682720e-03     -1.020366e-07
[update_dt]  (i= 39) Reduced time step from   0.256000 to   0.204800
[update_E0]  (i= 39) Extrapolated energy ground state E0:  -3.631699
[itstep]        39    2.000         2.048e-01     -3.6142993097      1.073896e-09      2.500359e-04     -1.516165e-08
[itstep]        40    2.000         2.048e-01     -3.6235826061      2.568491e-03      1.460018e+03     -4.532860e-02
[itstep]        41    2.000         2.048e-01     -3.6252365606      4.564418e-04      2.594571e+02     -8.075950e-03
[itstep]        42    2.000         2.048e-01     -3.6255811070      9.504108e-05      5.402460e+01     -1.682355e-03
[itstep]        43    2.000         2.048e-01     -3.6256558490      2.061516e-05      1.171836e+01     -3.649509e-04
[itstep]        44    2.000         2.048e-01     -3.6256722134      4.513499e-06      2.565627e+00     -7.990426e-05
[itstep]        45    2.000         2.048e-01     -3.6256758036      9.902328e-07      5.628822e-01     -1.753056e-05
[itstep]        46    2.000         2.048e-01     -3.6256765917      2.173500e-07      1.235492e-01     -3.847854e-06
[itstep]        47    2.000         2.048e-01     -3.6256767646      4.771214e-08      2.712121e-02     -8.446717e-07
[itstep]        48    2.000         2.048e-01     -3.6256768026      1.047418e-08      5.953882e-03     -1.854296e-07
[itstep]        49    2.000         2.048e-01     -3.6256768110      2.299622e-09      1.307184e-03     -4.071136e-08
[update_dt]  (i= 50) Reduced time step from   0.204800 to   0.163840
[update_E0]  (i= 50) Extrapolated energy ground state E0:  -3.633570
[itstep]        50    2.000         1.638e-01     -3.6256768128      5.050580e-10      2.870922e-04     -8.941294e-09
[itstep]        51    2.000         1.638e-01     -3.6293792490      1.021171e-03      1.417160e+03     -2.259788e-02
[itstep]        52    2.000         1.638e-01     -3.6302876040      2.502783e-04      3.473310e+02     -5.544159e-03
[itstep]        53    2.000         1.638e-01     -3.6305417018      6.999385e-05      9.713598e+01     -1.550890e-03
[itstep]        54    2.000         1.638e-01     -3.6306162095      2.052248e-05      2.848066e+01     -4.547589e-04
[itstep]        55    2.000         1.638e-01     -3.6306383866      6.108357e-06      8.477048e+00     -1.353583e-04
[itstep]        56    2.000         1.638e-01     -3.6306450178      1.826458e-06      2.534720e+00     -4.047369e-05
[itstep]        57    2.000         1.638e-01     -3.6306470033      5.468836e-07      7.589535e-01     -1.211878e-05
[itstep]        58    2.000         1.638e-01     -3.6306475981      1.638174e-07      2.273423e-01     -3.630147e-06
[itstep]        59    2.000         1.638e-01     -3.6306477763      4.907715e-08      6.810822e-02     -1.087536e-06
[itstep]        60    2.000         1.638e-01     -3.6306478297      1.470331e-08      2.040494e-02     -3.258212e-07
[itstep]        61    2.000         1.638e-01     -3.6306478457      4.405109e-09      6.113317e-03     -9.761597e-08
[itstep]        62    2.000         1.638e-01     -3.6306478504      1.319782e-09      1.831566e-03     -2.924600e-08
[update_dt]  (i= 63) Reduced time step from   0.163840 to   0.131072
[update_E0]  (i= 63) Extrapolated energy ground state E0:  -3.634097
[itstep]        63    2.000         1.311e-01     -3.6306478519      3.954184e-10      5.487533e-04     -8.762359e-09
[itstep]        64    2.000         1.311e-01     -3.6320644014      3.901644e-04      1.321928e+03     -1.080742e-02
[itstep]        65    2.000         1.311e-01     -3.6325149538      1.240486e-04      4.202929e+02     -3.437442e-03
[itstep]        66    2.000         1.311e-01     -3.6326739880      4.378076e-05      1.483350e+02     -1.213335e-03
[itstep]        67    2.000         1.311e-01     -3.6327328994      1.621708e-05      5.494559e+01     -4.494579e-04
[itstep]        68    2.000         1.311e-01     -3.6327551633      6.128707e-06      2.076487e+01     -1.698605e-04
[itstep]        69    2.000         1.311e-01     -3.6327636442      2.334566e-06      7.909817e+00     -6.470418e-05
[itstep]        70    2.000         1.311e-01     -3.6327668848      8.920252e-07      3.022299e+00     -2.472318e-05
[itstep]        71    2.000         1.311e-01     -3.6327681244      3.412410e-07      1.156169e+00     -9.457770e-06
[itstep]        72    2.000         1.311e-01     -3.6327685988      1.305996e-07      4.424887e-01     -3.619676e-06
[itstep]        73    2.000         1.311e-01     -3.6327687805      4.999172e-08      1.693785e-01     -1.385562e-06
[itstep]        74    2.000         1.311e-01     -3.6327688500      1.913741e-08      6.484005e-02     -5.304090e-07
[itstep]        75    2.000         1.311e-01     -3.6327688766      7.326207e-09      2.482216e-02     -2.030519e-07
[itstep]        76    2.000         1.311e-01     -3.6327688868      2.804656e-09      9.502546e-03     -7.773337e-08
[itstep]        77    2.000         1.311e-01     -3.6327688907      1.073697e-09      3.637826e-03     -2.975839e-08
[itstep]        78    2.000         1.311e-01     -3.6327688922      4.110398e-10      1.392657e-03     -1.139231e-08
[update_dt]  (i= 79) Reduced time step from   0.131072 to   0.104858
[update_E0]  (i= 79) Extrapolated energy ground state E0:  -3.634240
[itstep]        79    2.000         1.049e-01     -3.6327688927      1.573587e-10      5.331519e-04     -4.361325e-09
[itstep]        80    2.000         1.049e-01     -3.6332939983      1.445469e-04      1.195664e+03     -5.007797e-03
[itstep]        81    2.000         1.049e-01     -3.6335004862      5.683216e-05      4.701046e+02     -1.969223e-03
[itstep]        82    2.000         1.049e-01     -3.6335883454      2.418031e-05      2.000149e+02     -8.378905e-04
[itstep]        83    2.000         1.049e-01     -3.6336274310      1.075676e-05      8.897780e+01     -3.727496e-04
[itstep]        84    2.000         1.049e-01     -3.6336452208      4.895876e-06      4.049773e+01     -1.696566e-04
[itstep]        85    2.000         1.049e-01     -3.6336534086      2.253319e-06      1.863902e+01     -7.808457e-05
[itstep]        86    2.000         1.049e-01     -3.6336571970      1.042602e-06      8.624198e+00     -3.612950e-05
[itstep]        87    2.000         1.049e-01     -3.6336589543      4.836113e-07      4.000339e+00     -1.675871e-05
[itstep]        88    2.000         1.049e-01     -3.6336597704      2.245847e-07      1.857721e+00     -7.782596e-06
[itstep]        89    2.000         1.049e-01     -3.6336601496      1.043517e-07      8.631772e-01     -3.616129e-06
[itstep]        90    2.000         1.049e-01     -3.6336603258      4.849854e-08      4.011705e-01     -1.680634e-06
[itstep]        91    2.000         1.049e-01     -3.6336604077      2.254284e-08      1.864700e-01     -7.811836e-07
[itstep]        92    2.000         1.049e-01     -3.6336604458      1.047882e-08      8.667878e-02     -3.631256e-07
[itstep]        93    2.000         1.049e-01     -3.6336604635      4.871104e-09      4.029282e-02     -1.687997e-07
[itstep]        94    2.000         1.049e-01     -3.6336604717      2.264368e-09      1.873042e-02     -7.846780e-08
[itstep]        95    2.000         1.049e-01     -3.6336604755      1.052614e-09      8.707022e-03     -3.647655e-08
[itstep]        96    2.000         1.049e-01     -3.6336604773      4.893207e-10      4.047566e-03     -1.695657e-08
[itstep]        97    2.000         1.049e-01     -3.6336604781      2.274663e-10      1.881557e-03     -7.882455e-09
[update_dt]  (i= 98) Reduced time step from   0.104858 to   0.083886
[update_E0]  (i= 98) Extrapolated energy ground state E0:  -3.634279
[itstep]        98    2.000         8.389e-02     -3.6336604785      1.057404e-10      8.746640e-04     -3.664252e-09

[info]       steps       dt                E0                 E
[output]        99    0.084     -3.6342790312     -3.6336604785
