[conf]                N               2
[conf]                J            4.000
[conf]             beta           1.000
[conf]              dt0       4.000e-01
[conf]        eps_trunc       1.000e-04
[conf]           eps_dt       9.000e-02
[conf]          eps_tol       1.000e-03
[conf]             Dmax              10
[conf]           dt_red           0.800
[conf]         phys_gap       1.000e-03
[info]           i      MBD                dt                 E           rel_err           exp_err             slope
[itstep]         0    2.000         4.000e-01     -4.1365618352      1.000000e+00      1.000000e-03     -9.954089e+00
[itstep]         1    2.000         4.000e-01     -4.1486653558      2.925986e-03      1.142963e+02     -3.025880e-02
[itstep]         2    2.000         4.000e-01     -4.1861273860      9.029899e-03      3.527304e+02     -9.365508e-02
[itstep]         3    2.000         4.000e-01     -4.2166504646      7.291483e-03      2.848236e+02     -7.630770e-02
[itstep]         4    2.000         4.000e-01     -4.2376863397      4.988764e-03      1.948736e+02     -5.258969e-02
[itstep]         5    2.000         4.000e-01     -4.2508144323      3.097939e-03      1.210132e+02     -3.282023e-02
[itstep]         6    2.000         4.000e-01     -4.2585111906      1.810655e-03      7.072871e+01     -1.924190e-02
[itstep]         7    2.000         4.000e-01     -4.2628593882      1.021061e-03      3.988518e+01     -1.087049e-02
[itstep]         8    2.000         4.000e-01     -4.2652645236      5.642071e-04      2.203934e+01     -6.012838e-03
[itstep]         9    2.000         4.000e-01     -4.2665793639      3.082670e-04      1.204168e+01     -3.287101e-03
[itstep]        10    2.000         4.000e-01     -4.2672935522      1.673913e-04      6.538723e+00     -1.785471e-03
[itstep]        11    2.000         4.000e-01     -4.2676801263      9.059000e-05      3.538672e+00     -9.664353e-04
[itstep]        12    2.000         4.000e-01     -4.2678889740      4.893704e-05      1.911603e+00     -5.221191e-04
[itstep]        13    2.000         4.000e-01     -4.2680016889      2.640999e-05      1.031640e+00     -2.817873e-04
[itstep]        14    2.000         4.000e-01     -4.2680624874      1.424520e-05      5.564530e-01     -1.519963e-04
[itstep]        15    2.000         4.000e-01     -4.2680952724      7.681470e-06      3.000574e-01     -8.196248e-05
[itstep]        16    2.000         4.000e-01     -4.2681129485      4.141457e-06      1.617757e-01     -4.419033e-05
[itstep]        17    2.000         4.000e-01     -4.2681224778      2.232677e-06      8.721394e-02     -2.382329e-05
[itstep]        18    2.000         4.000e-01     -4.2681276149      1.203591e-06      4.701529e-02     -1.284269e-05
[itstep]        19    2.000         4.000e-01     -4.2681303841      6.488164e-07      2.534439e-02     -6.923078e-06
[itstep]        20    2.000         4.000e-01     -4.2681318769      3.497509e-07      1.366214e-02     -3.731956e-06
[itstep]        21    2.000         4.000e-01     -4.2681326816      1.885354e-07      7.364663e-03     -2.011735e-06
[itstep]        22    2.000         4.000e-01     -4.2681331154      1.016308e-07      3.969952e-03     -1.084434e-06
[itstep]        23    2.000         4.000e-01     -4.2681333492      5.478437e-08      2.140014e-03     -5.845675e-07
[itstep]        24    2.000         4.000e-01     -4.2681334753      2.953165e-08      1.153580e-03     -3.151125e-07
[update_dt]  (i= 25) Reduced time step from   0.400000 to   0.320000
[update_E0]  (i= 25) Extrapolated energy ground state E0:  -7.121741
[itstep]        25    2.000         3.200e-01     -4.2681335432      1.591909e-08      6.218396e-04     -1.698621e-07
[itstep]        26    2.000         3.200e-01     -4.3688839723      2.360527e-02      2.251174e+03     -3.148451e-01
[itstep]        27    2.000         3.200e-01     -4.3730444577      9.522994e-04      9.081834e+01     -1.300152e-02
[itstep]        28    2.000         3.200e-01     -4.3732502841      4.706707e-05      4.488666e+00     -6.432075e-04
[itstep]        29    2.000         3.200e-01     -4.3732605800      2.354290e-06      2.245226e-01     -3.217468e-05
[itstep]        30    2.000         3.200e-01     -4.3732611011      1.191609e-07      1.136407e-02     -1.628505e-06
[update_dt]  (i= 31) Reduced time step from   0.320000 to   0.256000
[update_E0]  (i= 31) Extrapolated energy ground state E0:  -4.446195
[itstep]        31    2.000         2.560e-01     -4.3732611313      6.893384e-09      6.574043e-04     -9.420803e-08
[itstep]        32    2.000         2.560e-01     -4.4227034123      1.130559e-02      2.632287e+03     -1.931339e-01
[itstep]        33    2.000         2.560e-01     -4.4264945700      8.572037e-04      1.995833e+02     -1.480921e-02
[itstep]        34    2.000         2.560e-01     -4.4268440711      7.895665e-05      1.838353e+01     -1.365239e-03
[itstep]        35    2.000         2.560e-01     -4.4268769379      7.424434e-06      1.728636e+00     -1.283860e-04
[itstep]        36    2.000         2.560e-01     -4.4268800351      6.996303e-07      1.628954e-01     -1.209835e-05
[itstep]        37    2.000         2.560e-01     -4.4268803274      6.603015e-08      1.537384e-02     -1.141826e-06
[itstep]        38    2.000         2.560e-01     -4.4268803553      6.297167e-09      1.466174e-03     -1.088938e-07
[update_dt]  (i= 39) Reduced time step from   0.256000 to   0.204800
[update_E0]  (i= 39) Extrapolated energy ground state E0:  -4.464080
[itstep]        39    2.000         2.048e-01     -4.4268803582      6.481235e-10      1.509030e-04     -1.120768e-08
[itstep]        40    2.000         2.048e-01     -4.4489764635      4.991349e-03      2.837253e+03     -1.078911e-01
[itstep]        41    2.000         2.048e-01     -4.4517318002      6.193192e-04      3.520422e+02     -1.345379e-02
[itstep]        42    2.000         2.048e-01     -4.4521409286      9.190321e-05      5.224093e+01     -1.997697e-03
[itstep]        43    2.000         2.048e-01     -4.4522036086      1.407861e-05      8.002766e+00     -3.060546e-04
[itstep]        44    2.000         2.048e-01     -4.4522132591      2.167564e-06      1.232117e+00     -4.712126e-05
[itstep]        45    2.000         2.048e-01     -4.4522147460      3.339880e-07      1.898502e-01     -7.260674e-06
[itstep]        46    2.000         2.048e-01     -4.4522149752      5.147456e-08      2.925990e-02     -1.119022e-06
[itstep]        47    2.000         2.048e-01     -4.4522150106      7.938216e-09      4.512353e-03     -1.725715e-07
[update_dt]  (i= 48) Reduced time step from   0.204800 to   0.163840
[update_E0]  (i= 48) Extrapolated energy ground state E0:  -4.469791
[itstep]        48    2.000         1.638e-01     -4.4522150160      1.227980e-09      6.980257e-04     -2.669546e-08
[itstep]        49    2.000         1.638e-01     -4.4614290579      2.069541e-03      2.872065e+03     -5.623805e-02
[itstep]        50    2.000         1.638e-01     -4.4631216810      3.793904e-04      5.265099e+02     -1.033095e-02
[itstep]        51    2.000         1.638e-01     -4.4634846780      8.133254e-05      1.128716e+02     -2.215558e-03
[itstep]        52    2.000         1.638e-01     -4.4635658192      1.817889e-05      2.522828e+01     -4.952466e-04
[itstep]        53    2.000         1.638e-01     -4.4635841351      4.103407e-06      5.694621e+00     -1.117909e-04
[itstep]        54    2.000         1.638e-01     -4.4635882787      9.283228e-07      1.288307e+00     -2.529081e-05
[itstep]        55    2.000         1.638e-01     -4.4635892166      2.101244e-07      2.916061e-01     -5.724540e-06
[itstep]        56    2.000         1.638e-01     -4.4635894289      4.756738e-08      6.601300e-02     -1.295906e-06
[itstep]        57    2.000         1.638e-01     -4.4635894770      1.076894e-08      1.494490e-02     -2.933845e-07
[itstep]        58    2.000         1.638e-01     -4.4635894879      2.438435e-09      3.384008e-03     -6.643171e-08
[update_dt]  (i= 59) Reduced time step from   0.163840 to   0.131072
[update_E0]  (i= 59) Extrapolated energy ground state E0:  -4.471481
[itstep]        59    2.000         1.311e-01     -4.4635894904      5.524807e-10      7.667210e-04     -1.505156e-08
[itstep]        60    2.000         1.311e-01     -4.4672388899      8.175930e-04      2.770113e+03     -2.784271e-02
[itstep]        61    2.000         1.311e-01     -4.4681552083      2.051196e-04      6.949723e+02     -6.990954e-03
[itstep]        62    2.000         1.311e-01     -4.4684170159      5.859413e-05      1.985246e+02     -1.997434e-03
[itstep]        63    2.000         1.311e-01     -4.4684954577      1.755471e-05      5.947768e+01     -5.984632e-04
[itstep]        64    2.000         1.311e-01     -4.4685193266      5.341600e-06      1.809804e+01     -1.821054e-04
[itstep]        65    2.000         1.311e-01     -4.4685266249      1.633254e-06      5.533680e+00     -5.568106e-05
[itstep]        66    2.000         1.311e-01     -4.4685288597      5.001325e-07      1.694515e+00     -1.705059e-05
[itstep]        67    2.000         1.311e-01     -4.4685295444      1.532201e-07      5.191298e-01     -5.223605e-06
[itstep]        68    2.000         1.311e-01     -4.4685297542      4.694701e-08      1.590627e-01     -1.600526e-06
[itstep]        69    2.000         1.311e-01     -4.4685298185      1.438535e-08      4.873947e-02     -4.904280e-07
[itstep]        70    2.000         1.311e-01     -4.4685298381      4.408019e-09      1.493495e-02     -1.502790e-07
[itstep]        71    2.000         1.311e-01     -4.4685298442      1.350770e-09      4.576586e-03     -4.605068e-08
[itstep]        72    2.000         1.311e-01     -4.4685298460      4.139579e-10      1.402544e-03     -1.411273e-08
[update_dt]  (i= 73) Reduced time step from   0.131072 to   0.104858
[update_E0]  (i= 73) Extrapolated energy ground state E0:  -4.471957
[itstep]        73    2.000         1.049e-01     -4.4685298466      1.268935e-10      4.299318e-04     -4.326075e-09
[itstep]        74    2.000         1.049e-01     -4.4699199882      3.110960e-04      2.573325e+03     -1.325742e-02
[itstep]        75    2.000         1.049e-01     -4.4703701756      1.007149e-04      8.330939e+02     -4.293322e-03
[itstep]        76    2.000         1.049e-01     -4.4705316477      3.612053e-05      2.987820e+02     -1.539918e-03
[itstep]        77    2.000         1.049e-01     -4.4705924234      1.359473e-05      1.124530e+02     -5.796020e-04
[itstep]        78    2.000         1.049e-01     -4.4706157690      5.222039e-06      4.319569e+01     -2.226411e-04
[itstep]        79    2.000         1.049e-01     -4.4706248105      2.022424e-06      1.672910e+01     -8.622629e-05
[itstep]        80    2.000         1.049e-01     -4.4706283235      7.857961e-07      6.499953e+00     -3.350257e-05
[itstep]        81    2.000         1.049e-01     -4.4706296902      3.057014e-07      2.528703e+00     -1.303365e-05
[itstep]        82    2.000         1.049e-01     -4.4706302221      1.189871e-07      9.842378e-01     -5.073042e-06
[itstep]        83    2.000         1.049e-01     -4.4706304292      4.632182e-08      3.831651e-01     -1.974942e-06
[itstep]        84    2.000         1.049e-01     -4.4706305098      1.803450e-08      1.491779e-01     -7.689057e-07
[itstep]        85    2.000         1.049e-01     -4.4706305412      7.021595e-09      5.808127e-02     -2.993675e-07
[itstep]        86    2.000         1.049e-01     -4.4706305535      2.733839e-09      2.261379e-02     -1.165579e-07
[itstep]        87    2.000         1.049e-01     -4.4706305582      1.064422e-09      8.804696e-03     -4.538192e-08
[itstep]        88    2.000         1.049e-01     -4.4706305601      4.144381e-10      3.428152e-03     -1.766967e-08
[itstep]        89    2.000         1.049e-01     -4.4706305608      1.613666e-10      1.334793e-03     -6.879907e-09
[update_dt]  (i= 90) Reduced time step from   0.104858 to   0.083886
[update_E0]  (i= 90) Extrapolated energy ground state E0:  -4.472088
[itstep]        90    2.000         8.389e-02     -4.4706305611      6.283383e-11      5.197493e-04     -2.678937e-09

[info]       steps       dt                E0                 E
[output]        91    0.084     -4.4720879673     -4.4706305611
