[conf]                N               3
[conf]                J            3.448
[conf]             beta           1.000
[conf]              dt0       4.000e-01
[conf]        eps_trunc       1.000e-04
[conf]           eps_dt       9.000e-02
[conf]          eps_tol       1.000e-03
[conf]             Dmax              10
[conf]           dt_red           0.800
[conf]         phys_gap       1.000e-03
[info]           i      MBD                dt                 E           rel_err           exp_err             slope
[itstep]         0    2.000         4.000e-01     -6.8913238592      1.000000e+00      1.000000e-03     -1.726125e+01
[itstep]         1    2.000         4.000e-01     -6.9973171713      1.538069e-02      6.008082e+02     -2.649833e-01
[itstep]         2    2.000         4.000e-01     -7.0020941487      6.826870e-04      2.666746e+01     -1.194244e-02
[itstep]         3    2.000         4.000e-01     -7.0029845113      1.271566e-04      4.967055e+00     -2.225907e-03
[itstep]         4    2.000         4.000e-01     -7.0035214310      7.667012e-05      2.994927e+00     -1.342299e-03
[itstep]         5    2.000         4.000e-01     -7.0039388017      5.959441e-05      2.327907e+00     -1.043427e-03
[itstep]         6    2.000         4.000e-01     -7.0042679924      4.700080e-05      1.835969e+00     -8.229769e-04
[itstep]         7    2.000         4.000e-01     -7.0045260800      3.684718e-05      1.439343e+00     -6.452189e-04
[itstep]         8    2.000         4.000e-01     -7.0047271967      2.871239e-05      1.121578e+00     -5.027917e-04
[itstep]         9    2.000         4.000e-01     -7.0048831613      2.226562e-05      8.697510e-01     -3.899116e-04
[itstep]        10    2.000         4.000e-01     -7.0050036562      1.720156e-05      6.719360e-01     -3.012373e-04
[itstep]        11    2.000         4.000e-01     -7.0050964774      1.325070e-05      5.176054e-01     -2.320530e-04
[itstep]        12    2.000         4.000e-01     -7.0051678204      1.018444e-05      3.978297e-01     -1.783575e-04
[itstep]        13    2.000         4.000e-01     -7.0052225606      7.814262e-06      3.052446e-01     -1.368505e-04
[itstep]        14    2.000         4.000e-01     -7.0052645063      5.987767e-06      2.338972e-01     -1.048641e-04
[itstep]        15    2.000         4.000e-01     -7.0052966153      4.583552e-06      1.790450e-01     -8.027248e-05
[itstep]        16    2.000         4.000e-01     -7.0053211753      3.505926e-06      1.369502e-01     -6.140012e-05
[itstep]        17    2.000         4.000e-01     -7.0053399501      2.680068e-06      1.046901e-01     -4.693684e-05
[itstep]        18    2.000         4.000e-01     -7.0053542957      2.047821e-06      7.999300e-02     -3.586420e-05
[itstep]        19    2.000         4.000e-01     -7.0053652534      1.564183e-06      6.110091e-02     -2.739415e-05
[itstep]        20    2.000         4.000e-01     -7.0053736210      1.194451e-06      4.665826e-02     -2.091892e-05
[itstep]        21    2.000         4.000e-01     -7.0053800094      9.119301e-07      3.562227e-02     -1.597103e-05
[itstep]        22    2.000         4.000e-01     -7.0053848860      6.961256e-07      2.719241e-02     -1.219156e-05
[itstep]        23    2.000         4.000e-01     -7.0053886082      5.313278e-07      2.075499e-02     -9.305390e-06
[itstep]        24    2.000         4.000e-01     -7.0053914489      4.055071e-07      1.584012e-02     -7.101837e-06
[itstep]        25    2.000         4.000e-01     -7.0053936168      3.094600e-07      1.208828e-02     -5.419721e-06
[itstep]        26    2.000         4.000e-01     -7.0053952711      2.361500e-07      9.224608e-03     -4.135809e-06
[itstep]        27    2.000         4.000e-01     -7.0053965335      1.801996e-07      7.039048e-03     -3.155924e-06
[itstep]        28    2.000         4.000e-01     -7.0053974967      1.375013e-07      5.371143e-03     -2.408127e-06
[itstep]        29    2.000         4.000e-01     -7.0053982317      1.049178e-07      4.098353e-03     -1.837478e-06
[itstep]        30    2.000         4.000e-01     -7.0053987925      8.005423e-08      3.127118e-03     -1.402029e-06
[itstep]        31    2.000         4.000e-01     -7.0053992204      6.108201e-08      2.386016e-03     -1.069760e-06
[itstep]        32    2.000         4.000e-01     -7.0053995469      4.660558e-08      1.820531e-03     -8.162268e-07
[itstep]        33    2.000         4.000e-01     -7.0053997960      3.555978e-08      1.389054e-03     -6.227762e-07
[itstep]        34    2.000         4.000e-01     -7.0053999861      2.713174e-08      1.059834e-03     -4.751717e-07
[update_dt]  (i= 35) Reduced time step from   0.400000 to   0.320000
[update_E0]  (i= 35) Extrapolated energy ground state E0: -11.874658
[itstep]        35    2.000         3.200e-01     -7.0054001311      2.070114e-08      8.086381e-04     -3.625494e-07
[itstep]        36    2.000         3.200e-01     -7.1634942727      2.256747e-02      2.152201e+03     -4.940442e-01
[itstep]        37    2.000         3.200e-01     -7.1704886337      9.763896e-04      9.311576e+01     -2.185738e-02
[itstep]        38    2.000         3.200e-01     -7.1711853871      9.716958e-05      9.266813e+00     -2.177354e-03
[itstep]        39    2.000         3.200e-01     -7.1712624335      1.074390e-05      1.024618e+00     -2.407702e-04
[itstep]        40    2.000         3.200e-01     -7.1712711510      1.215611e-06      1.159297e-01     -2.724208e-05
[itstep]        41    2.000         3.200e-01     -7.1712722383      1.516168e-07      1.445931e-02     -3.397767e-06
[itstep]        42    2.000         3.200e-01     -7.1712724567      3.045919e-08      2.904815e-03     -6.825973e-07
[itstep]        43    2.000         3.200e-01     -7.1712725628      1.478647e-08      1.410148e-03     -3.313682e-07
[itstep]        44    2.000         3.200e-01     -7.1712726432      1.121731e-08      1.069766e-03     -2.513825e-07
[update_dt]  (i= 45) Reduced time step from   0.320000 to   0.256000
[update_E0]  (i= 45) Extrapolated energy ground state E0:  -7.286350
[itstep]        45    2.000         2.560e-01     -7.1712727098      9.288665e-09      8.858362e-04     -2.081611e-07
[itstep]        46    2.000         2.560e-01     -7.2518667807      1.123846e-02      2.616658e+03     -3.148206e-01
[itstep]        47    2.000         2.560e-01     -7.2572042025      7.360066e-04      1.713649e+02     -2.084930e-02
[itstep]        48    2.000         2.560e-01     -7.2579768218      1.064624e-04      2.478770e+01     -3.018044e-03
[itstep]        49    2.000         2.560e-01     -7.2581103586      1.839863e-05      4.283765e+00     -5.216283e-04
[itstep]        50    2.000         2.560e-01     -7.2581341050      3.271699e-06      7.617517e-01     -9.275918e-05
[itstep]        51    2.000         2.560e-01     -7.2581383627      5.866171e-07      1.365824e-01     -1.663182e-05
[itstep]        52    2.000         2.560e-01     -7.2581391430      1.075012e-07      2.502956e-02     -3.047884e-06
[itstep]        53    2.000         2.560e-01     -7.2581393005      2.170165e-08      5.052809e-03     -6.152874e-07
[itstep]        54    2.000         2.560e-01     -7.2581393448      6.112187e-09      1.423104e-03     -1.732934e-07
[update_dt]  (i= 55) Reduced time step from   0.256000 to   0.204800
[update_E0]  (i= 55) Extrapolated energy ground state E0:  -7.318405
[itstep]        55    2.000         2.048e-01     -7.2581393672      3.081966e-09      7.175761e-04     -8.738022e-08
[itstep]        56    2.000         2.048e-01     -7.2963562107      5.265377e-03      2.993021e+03     -1.866057e-01
[itstep]        57    2.000         2.048e-01     -7.2999691066      4.951644e-04      2.814684e+02     -1.764109e-02
[itstep]        58    2.000         2.048e-01     -7.3006404712      9.196813e-05      5.227783e+01     -3.278147e-03
[itstep]        59    2.000         2.048e-01     -7.3007994901      2.178150e-05      1.238135e+01     -7.764595e-04
[itstep]        60    2.000         2.048e-01     -7.3008395607      5.488530e-06      3.119868e+00     -1.956575e-04
[itstep]        61    2.000         2.048e-01     -7.3008497980      1.402207e-06      7.970622e-01     -4.998675e-05
[itstep]        62    2.000         2.048e-01     -7.3008524248      3.597936e-07      2.045190e-01     -1.282617e-05
[itstep]        63    2.000         2.048e-01     -7.3008531029      9.288510e-08      5.279906e-02     -3.311232e-06
[itstep]        64    2.000         2.048e-01     -7.3008532815      2.445164e-08      1.389915e-02     -8.716692e-07
[itstep]        65    2.000         2.048e-01     -7.3008533316      6.865583e-09      3.902632e-03     -2.447491e-07
[itstep]        66    2.000         2.048e-01     -7.3008533485      2.311756e-09      1.314081e-03     -8.241108e-08
[update_dt]  (i= 67) Reduced time step from   0.204800 to   0.163840
[update_E0]  (i= 67) Extrapolated energy ground state E0:  -7.330487
[itstep]        67    2.000         1.638e-01     -7.3008533565      1.100984e-09      6.258370e-04     -3.924865e-08
[itstep]        68    2.000         1.638e-01     -7.3178580895      2.329143e-03      3.232336e+03     -1.037887e-01
[itstep]        69    2.000         1.638e-01     -7.3200924804      3.053340e-04      4.237361e+02     -1.363764e-02
[itstep]        70    2.000         1.638e-01     -7.3205931500      6.839662e-05      9.491938e+01     -3.055845e-03
[itstep]        71    2.000         1.638e-01     -7.3207394845      1.998943e-05      2.774091e+01     -8.931550e-04
[itstep]        72    2.000         1.638e-01     -7.3207869318      6.481218e-06      8.994496e+00     -2.895954e-04
[itstep]        73    2.000         1.638e-01     -7.3208028285      2.171444e-06      3.013484e+00     -9.702562e-05
[itstep]        74    2.000         1.638e-01     -7.3208082065      7.346219e-07      1.019493e+00     -3.282484e-05
[itstep]        75    2.000         1.638e-01     -7.3208100319      2.493427e-07      3.460325e-01     -1.114130e-05
[itstep]        76    2.000         1.638e-01     -7.3208106529      8.482279e-08      1.177153e-01     -3.790109e-06
[itstep]        77    2.000         1.638e-01     -7.3208108651      2.897999e-08      4.021781e-02     -1.294903e-06
[itstep]        78    2.000         1.638e-01     -7.3208109384      1.001252e-08      1.389516e-02     -4.473863e-07
[itstep]        79    2.000         1.638e-01     -7.3208109644      3.562948e-09      4.944584e-03     -1.592021e-07
[itstep]        80    2.000         1.638e-01     -7.3208109744      1.363680e-09      1.892486e-03     -6.093286e-08
[update_dt]  (i= 81) Reduced time step from   0.163840 to   0.131072
[update_E0]  (i= 81) Extrapolated energy ground state E0:  -7.334657
[itstep]        81    2.000         1.311e-01     -7.3208109789      6.079618e-10      8.437164e-04     -2.716536e-08
[itstep]        82    2.000         1.311e-01     -7.3279725068      9.782424e-04      3.314414e+03     -5.463812e-02
[itstep]        83    2.000         1.311e-01     -7.3292460987      1.737987e-04      5.888528e+02     -9.716735e-03
[itstep]        84    2.000         1.311e-01     -7.3295836686      4.605793e-05      1.560503e+02     -2.575454e-03
[itstep]        85    2.000         1.311e-01     -7.3296974864      1.552855e-05      5.261277e+01     -8.683609e-04
[itstep]        86    2.000         1.311e-01     -7.3297412853      5.975549e-06      2.024595e+01     -3.341596e-04
[itstep]        87    2.000         1.311e-01     -7.3297591602      2.438679e-06      8.262565e+00     -1.363745e-04
[itstep]        88    2.000         1.311e-01     -7.3297666260      1.018555e-06      3.451000e+00     -5.695927e-05
[itstep]        89    2.000         1.311e-01     -7.3297697715      4.291470e-07      1.454007e+00     -2.399862e-05
[itstep]        90    2.000         1.311e-01     -7.3297711013      1.814239e-07      6.146882e-01     -1.014554e-05
[itstep]        91    2.000         1.311e-01     -7.3297716644      7.682146e-08      2.602812e-01     -4.295988e-06
[itstep]        92    2.000         1.311e-01     -7.3297719032      3.257533e-08      1.103695e-01     -1.821669e-06
[itstep]        93    2.000         1.311e-01     -7.3297720047      1.384627e-08      4.691298e-02     -7.743071e-07
[itstep]        94    2.000         1.311e-01     -7.3297720480      5.915156e-09      2.004133e-02     -3.307857e-07
[itstep]        95    2.000         1.311e-01     -7.3297720667      2.554995e-09      8.656660e-03     -1.428797e-07
[itstep]        96    2.000         1.311e-01     -7.3297720750      1.130104e-09      3.828940e-03     -6.319735e-08
[itstep]        97    2.000         1.311e-01     -7.3297720789      5.246632e-10      1.777628e-03     -2.934007e-08
[update_dt]  (i= 98) Reduced time step from   0.131072 to   0.104858
[update_E0]  (i= 98) Extrapolated energy ground state E0:  -7.335989
[itstep]        98    2.000         1.049e-01     -7.3297720808      2.662687e-10      9.021533e-04     -1.489020e-08
[itstep]        99    2.000         1.049e-01     -7.3326520294      3.929111e-04      3.250084e+03     -2.746533e-02
[itstep]       100    2.000         1.049e-01     -7.3333239485      9.163384e-05      7.579774e+02     -6.407920e-03
[itstep]       101    2.000         1.049e-01     -7.3335338031      2.861658e-05      2.367108e+02     -2.001330e-03
[itstep]       102    2.000         1.049e-01     -7.3336131616      1.082132e-05      8.951188e+01     -7.568219e-04
[itstep]       103    2.000         1.049e-01     -7.3336474082      4.669809e-06      3.862776e+01     -3.266008e-04
[itstep]       104    2.000         1.049e-01     -7.3336633968      2.180168e-06      1.803393e+01     -1.524790e-04
[itstep]       105    2.000         1.049e-01     -7.3336711724      1.060259e-06      8.770260e+00     -7.415376e-05
[itstep]       106    2.000         1.049e-01     -7.3336750284      5.257942e-07      4.349267e+00     -3.677370e-05
[itstep]       107    2.000         1.049e-01     -7.3336769579      2.631037e-07      2.176343e+00     -1.840131e-05
[itstep]       108    2.000         1.049e-01     -7.3336779274      1.321988e-07      1.093523e+00     -9.245903e-06
[itstep]       109    2.000         1.049e-01     -7.3336784155      6.655472e-08      5.505278e-01     -4.654798e-06
[itstep]       110    2.000         1.049e-01     -7.3336786615      3.354311e-08      2.774621e-01     -2.345985e-06
[itstep]       111    2.000         1.049e-01     -7.3336787856      1.692053e-08      1.399634e-01     -1.183412e-06
[itstep]       112    2.000         1.049e-01     -7.3336788482      8.545355e-09      7.068552e-02     -5.976571e-07
[itstep]       113    2.000         1.049e-01     -7.3336788799      4.324192e-09      3.576888e-02     -3.024314e-07
[itstep]       114    2.000         1.049e-01     -7.3336788960      2.196156e-09      1.816618e-02     -1.535979e-07
[itstep]       115    2.000         1.049e-01     -7.3336789043      1.123007e-09      9.289298e-03     -7.854247e-08
[itstep]       116    2.000         1.049e-01     -7.3336789085      5.815553e-10      4.810512e-03     -4.067363e-08
[itstep]       117    2.000         1.049e-01     -7.3336789108      3.081050e-10      2.548584e-03     -2.154868e-08
[itstep]       118    2.000         1.049e-01     -7.3336789121      1.697626e-10      1.404243e-03     -1.187310e-08
[update_dt]  (i=119) Reduced time step from   0.104858 to   0.083886
[update_E0]  (i=119) Extrapolated energy ground state E0:  -7.336389
[itstep]       119    2.000         8.389e-02     -7.3336789128      9.953266e-11      8.233148e-04     -6.961256e-09

[info]       steps       dt                E0                 E
[output]       120    0.084     -7.3363893436     -7.3336789128
