[conf]                N               2
[conf]                J            3.862
[conf]             beta           1.000
[conf]              dt0       4.000e-01
[conf]        eps_trunc       1.000e-04
[conf]           eps_dt       9.000e-02
[conf]          eps_tol       1.000e-03
[conf]             Dmax              10
[conf]           dt_red           0.800
[conf]         phys_gap       1.000e-03
[info]           i      MBD                dt                 E           rel_err           exp_err             slope
[itstep]         0    2.000         4.000e-01     -4.0709021033      1.000000e+00      1.000000e-03     -1.206683e+01
[itstep]         1    2.000         4.000e-01     -4.1310190576      1.476748e-02      5.768546e+02     -1.502924e-01
[itstep]         2    2.000         4.000e-01     -4.1453192809      3.461670e-03      1.352215e+02     -3.575056e-02
[itstep]         3    2.000         4.000e-01     -4.1531943342      1.899746e-03      7.420882e+01     -1.968763e-02
[itstep]         4    2.000         4.000e-01     -4.1575939959      1.059344e-03      4.138063e+01     -1.099915e-02
[itstep]         5    2.000         4.000e-01     -4.1600104717      5.812198e-04      2.270390e+01     -6.041189e-03
[itstep]         6    2.000         4.000e-01     -4.1613238339      3.157113e-04      1.233247e+01     -3.283406e-03
[itstep]         7    2.000         4.000e-01     -4.1620335434      1.705489e-04      6.662068e+00     -1.774274e-03
[itstep]         8    2.000         4.000e-01     -4.1624158568      9.185738e-05      3.588179e+00     -9.557837e-04
[itstep]         9    2.000         4.000e-01     -4.1626214588      4.939485e-05      1.929486e+00     -5.140048e-04
[itstep]        10    2.000         4.000e-01     -4.1627319279      2.653836e-05      1.036655e+00     -2.761729e-04
[itstep]        11    2.000         4.000e-01     -4.1627912537      1.425165e-05      5.567050e-01     -1.483145e-04
[itstep]        12    2.000         4.000e-01     -4.1628231054      7.651520e-06      2.988875e-01     -7.962920e-05
[itstep]        13    2.000         4.000e-01     -4.1628402040      4.107449e-06      1.604472e-01     -4.274646e-05
[itstep]        14    2.000         4.000e-01     -4.1628493821      2.204781e-06      8.612427e-02     -2.294538e-05
[itstep]        15    2.000         4.000e-01     -4.1628543086      1.183429e-06      4.622768e-02     -1.231609e-05
[itstep]        16    2.000         4.000e-01     -4.1628569528      6.351988e-07      2.481245e-02     -6.610600e-06
[itstep]        17    2.000         4.000e-01     -4.1628583721      3.409356e-07      1.331780e-02     -3.548166e-06
[itstep]        18    2.000         4.000e-01     -4.1628591338      1.829922e-07      7.148132e-03     -1.904426e-06
[itstep]        19    2.000         4.000e-01     -4.1628595427      9.821805e-08      3.836643e-03     -1.022170e-06
[itstep]        20    2.000         4.000e-01     -4.1628597622      5.271684e-08      2.059251e-03     -5.486320e-07
[itstep]        21    2.000         4.000e-01     -4.1628598799      2.829482e-08      1.105266e-03     -2.944684e-07
[update_dt]  (i= 22) Reduced time step from   0.400000 to   0.320000
[update_E0]  (i= 22) Extrapolated energy ground state E0:  -7.575283
[itstep]        22    2.000         3.200e-01     -4.1628599432      1.518673e-08      5.932317e-04     -1.580506e-07
[itstep]        23    2.000         3.200e-01     -4.2550896976      2.215538e-02      2.112902e+03     -2.882180e-01
[itstep]        24    2.000         3.200e-01     -4.2592220876      9.711640e-04      9.261742e+01     -1.291372e-02
[itstep]        25    2.000         3.200e-01     -4.2594440548      5.211450e-05      4.970026e+00     -6.936476e-04
[itstep]        26    2.000         3.200e-01     -4.2594561188      2.832283e-06      2.701075e-01     -3.769985e-05
[itstep]        27    2.000         3.200e-01     -4.2594567798      1.551953e-07      1.480058e-02     -2.065774e-06
[update_dt]  (i= 28) Reduced time step from   0.320000 to   0.256000
[update_E0]  (i= 28) Extrapolated energy ground state E0:  -4.326473
[itstep]        28    2.000         2.560e-01     -4.2594568192      9.254794e-09      8.826060e-04     -1.231887e-07
[itstep]        29    2.000         2.560e-01     -4.3042515533      1.051654e-02      2.448572e+03     -1.749794e-01
[itstep]        30    2.000         2.560e-01     -4.3079161502      8.513900e-04      1.982297e+02     -1.431483e-02
[itstep]        31    2.000         2.560e-01     -4.3082763156      8.360548e-05      1.946592e+01     -1.406896e-03
[itstep]        32    2.000         2.560e-01     -4.3083124708      8.392037e-06      1.953923e+00     -1.412313e-04
[itstep]        33    2.000         2.560e-01     -4.3083161086      8.443513e-07      1.965909e-01     -1.420988e-05
[itstep]        34    2.000         2.560e-01     -4.3083164750      8.504618e-08      1.980136e-02     -1.431273e-06
[itstep]        35    2.000         2.560e-01     -4.3083165121      8.620137e-09      2.007032e-03     -1.450714e-07
[update_dt]  (i= 36) Reduced time step from   0.256000 to   0.204800
[update_E0]  (i= 36) Extrapolated energy ground state E0:  -4.342214
[itstep]        36    2.000         2.048e-01     -4.3083165160      9.127748e-10      2.125219e-04     -1.536142e-08
[itstep]        37    2.000         2.048e-01     -4.3281706683      4.608332e-03      2.619533e+03     -9.694410e-02
[itstep]        38    2.000         2.048e-01     -4.3307783497      6.024904e-04      3.424762e+02     -1.273282e-02
[itstep]        39    2.000         2.048e-01     -4.3311853410      9.397647e-05      5.341944e+01     -1.987262e-03
[itstep]        40    2.000         2.048e-01     -4.3312509678      1.515217e-05      8.613010e+00     -3.204436e-04
[itstep]        41    2.000         2.048e-01     -4.3312616078      2.456564e-06      1.396395e+00     -5.195310e-05
[itstep]        42    2.000         2.048e-01     -4.3312633344      3.986379e-07      2.265994e-01     -8.430688e-06
[itstep]        43    2.000         2.048e-01     -4.3312636146      6.470295e-08      3.677937e-02     -1.368386e-06
[itstep]        44    2.000         2.048e-01     -4.3312636601      1.050592e-08      5.971922e-03     -2.221870e-07
[update_dt]  (i= 45) Reduced time step from   0.204800 to   0.163840
[update_E0]  (i= 45) Extrapolated energy ground state E0:  -4.347184
[itstep]        45    2.000         1.638e-01     -4.3312636675      1.708808e-09      9.713449e-04     -3.613915e-08
[itstep]        46    2.000         1.638e-01     -4.3394895658      1.899191e-03      2.635657e+03     -5.020690e-02
[itstep]        47    2.000         1.638e-01     -4.3410655132      3.631642e-04      5.039916e+02     -9.618819e-03
[itstep]        48    2.000         1.638e-01     -4.3414169430      8.095473e-05      1.123473e+02     -2.144957e-03
[itstep]        49    2.000         1.638e-01     -4.3414987067      1.883341e-05      2.613661e+01     -4.990461e-04
[itstep]        50    2.000         1.638e-01     -4.3415179298      4.427754e-06      6.144743e+00     -1.173284e-04
[itstep]        51    2.000         1.638e-01     -4.3415224605      1.043583e-06      1.448262e+00     -2.765340e-05
[itstep]        52    2.000         1.638e-01     -4.3415235290      2.461095e-07      3.415456e-01     -6.521546e-06
[itstep]        53    2.000         1.638e-01     -4.3415237811      5.804891e-08      8.055904e-02     -1.538212e-06
[itstep]        54    2.000         1.638e-01     -4.3415238405      1.369258e-08      1.900228e-02     -3.628337e-07
[itstep]        55    2.000         1.638e-01     -4.3415238545      3.230134e-09      4.482712e-03     -8.559391e-08
[itstep]        56    2.000         1.638e-01     -4.3415238578      7.622538e-10      1.057840e-03     -2.019863e-08
[update_dt]  (i= 57) Reduced time step from   0.163840 to   0.131072
[update_E0]  (i= 57) Extrapolated energy ground state E0:  -4.348642
[itstep]        57    2.000         1.311e-01     -4.3415238586      1.800886e-10      2.499232e-04     -4.772089e-09
[itstep]        58    2.000         1.311e-01     -4.3447655267      7.466660e-04      2.529803e+03     -2.473196e-02
[itstep]        59    2.000         1.311e-01     -4.3456078649      1.938743e-04      6.568716e+02     -6.426531e-03
[itstep]        60    2.000         1.311e-01     -4.3458560942      5.712188e-05      1.935365e+02     -1.893839e-03
[itstep]        61    2.000         1.311e-01     -4.3459328319      1.765767e-05      5.982650e+01     -5.854620e-04
[itstep]        62    2.000         1.311e-01     -4.3459569409      5.547485e-06      1.879561e+01     -1.839370e-04
[itstep]        63    2.000         1.311e-01     -4.3459645550      1.751991e-06      5.935975e+00     -5.809079e-05
[itstep]        64    2.000         1.311e-01     -4.3459669636      5.542323e-07      1.877812e+00     -1.837673e-05
[itstep]        65    2.000         1.311e-01     -4.3459677260      1.754211e-07      5.943498e-01     -5.816455e-06
[itstep]        66    2.000         1.311e-01     -4.3459679674      5.553220e-08      1.881504e-01     -1.841287e-06
[itstep]        67    2.000         1.311e-01     -4.3459680438      1.758052e-08      5.956513e-02     -5.829192e-07
[itstep]        68    2.000         1.311e-01     -4.3459680680      5.565808e-09      1.885769e-02     -1.845461e-07
[itstep]        69    2.000         1.311e-01     -4.3459680756      1.762108e-09      5.970254e-03     -5.842640e-08
[itstep]        70    2.000         1.311e-01     -4.3459680780      5.578968e-10      1.890228e-03     -1.849824e-08
[update_dt]  (i= 71) Reduced time step from   0.131072 to   0.104858
[update_E0]  (i= 71) Extrapolated energy ground state E0:  -4.349051
[itstep]        71    2.000         1.049e-01     -4.3459680788      1.766538e-10      5.985263e-04     -5.857328e-09
[itstep]        72    2.000         1.049e-01     -4.3471980206      2.830075e-04      2.340984e+03     -1.172964e-02
[itstep]        73    2.000         1.049e-01     -4.3476076968      9.423915e-05      7.795280e+02     -3.906977e-03
[itstep]        74    2.000         1.049e-01     -4.3477583380      3.464921e-05      2.866115e+02     -1.436626e-03
[itstep]        75    2.000         1.049e-01     -4.3478164481      1.336554e-05      1.105571e+02     -5.541814e-04
[itstep]        76    2.000         1.049e-01     -4.3478393360      5.264218e-06      4.354459e+01     -2.182756e-04
[itstep]        77    2.000         1.049e-01     -4.3478484289      2.091357e-06      1.729930e+01     -8.671652e-05
[itstep]        78    2.000         1.049e-01     -4.3478520539      8.337607e-07      6.896707e+00     -3.457131e-05
[itstep]        79    2.000         1.049e-01     -4.3478535012      3.328626e-07      2.753375e+00     -1.380193e-05
[itstep]        80    2.000         1.049e-01     -4.3478540793      1.329637e-07      1.099850e+00     -5.513253e-06
[itstep]        81    2.000         1.049e-01     -4.3478543102      5.312498e-08      4.394395e-01     -2.202794e-06
[itstep]        82    2.000         1.049e-01     -4.3478544025      2.122774e-08      1.755918e-01     -8.801949e-07
[itstep]        83    2.000         1.049e-01     -4.3478544394      8.482511e-09      7.016569e-02     -3.517220e-07
[itstep]        84    2.000         1.049e-01     -4.3478544542      3.389627e-09      2.803834e-02     -1.405488e-07
[itstep]        85    2.000         1.049e-01     -4.3478544600      1.354511e-09      1.120425e-02     -5.616393e-08
[itstep]        86    2.000         1.049e-01     -4.3478544624      5.412722e-10      4.477298e-03     -2.244351e-08
[itstep]        87    2.000         1.049e-01     -4.3478544633      2.162989e-10      1.789183e-03     -8.968698e-09
[update_dt]  (i= 88) Reduced time step from   0.104858 to   0.083886
[update_E0]  (i= 88) Extrapolated energy ground state E0:  -4.349163
[itstep]        88    2.000         8.389e-02     -4.3478544637      8.643667e-11      7.149873e-04     -3.584042e-09

[info]       steps       dt                E0                 E
[output]        89    0.084     -4.3491631752     -4.3478544637
