[conf]                N               2
[conf]                J            2.621
[conf]             beta           1.000
[conf]              dt0       4.000e-01
[conf]        eps_trunc       1.000e-04
[conf]           eps_dt       9.000e-02
[conf]          eps_tol       1.000e-03
[conf]             Dmax              10
[conf]           dt_red           0.800
[conf]         phys_gap       1.000e-03
[info]           i      MBD                dt                 E           rel_err           exp_err             slope
[itstep]         0    2.000         4.000e-01     -2.4622956033      1.000000e+00      1.000000e-03     -1.185653e+01
[itstep]         1    2.000         4.000e-01     -2.8715757878      1.662189e-01      6.492928e+03     -1.023200e+00
[itstep]         2    2.000         4.000e-01     -2.9849417710      3.947867e-02      1.542135e+03     -2.834150e-01
[itstep]         3    2.000         4.000e-01     -3.0778777584      3.113494e-02      1.216209e+03     -2.323400e-01
[itstep]         4    2.000         4.000e-01     -3.1441325007      2.152611e-02      8.408638e+02     -1.656369e-01
[itstep]         5    2.000         4.000e-01     -3.1849506546      1.298233e-02      5.071221e+02     -1.020454e-01
[itstep]         6    2.000         4.000e-01     -3.2078180032      7.179813e-03      2.804614e+02     -5.716837e-02
[itstep]         7    2.000         4.000e-01     -3.2199483935      3.781508e-03      1.477152e+02     -3.032598e-02
[itstep]         8    2.000         4.000e-01     -3.2261970801      1.940617e-03      7.580535e+01     -1.562172e-02
[itstep]         9    2.000         4.000e-01     -3.2293673016      9.826497e-04      3.838475e+01     -7.925554e-03
[itstep]        10    2.000         4.000e-01     -3.2309632639      4.942028e-04      1.930480e+01     -3.989906e-03
[itstep]        11    2.000         4.000e-01     -3.2317635716      2.476994e-04      9.675758e+00     -2.000769e-03
[itstep]        12    2.000         4.000e-01     -3.2321641049      1.239364e-04      4.841267e+00     -1.001333e-03
[itstep]        13    2.000         4.000e-01     -3.2323643645      6.195836e-05      2.420249e+00     -5.006490e-04
[itstep]        14    2.000         4.000e-01     -3.2324644415      3.096095e-05      1.209412e+00     -2.501926e-04
[itstep]        15    2.000         4.000e-01     -3.2325144414      1.546804e-05      6.042203e-01     -1.249997e-04
[itstep]        16    2.000         4.000e-01     -3.2325394190      7.726978e-06      3.018351e-01     -6.244392e-05
[itstep]        17    2.000         4.000e-01     -3.2325518958      3.859765e-06      1.507721e-01     -3.119210e-05
[itstep]        18    2.000         4.000e-01     -3.2325581281      1.927970e-06      7.531135e-02     -1.558066e-05
[itstep]        19    2.000         4.000e-01     -3.2325612411      9.630173e-07      3.761786e-02     -7.782524e-06
[itstep]        20    2.000         4.000e-01     -3.2325627960      4.810220e-07      1.878992e-02     -3.887333e-06
[itstep]        21    2.000         4.000e-01     -3.2325635727      2.402671e-07      9.385434e-03     -1.941696e-06
[itstep]        22    2.000         4.000e-01     -3.2325639607      1.200115e-07      4.687950e-03     -9.698622e-07
[itstep]        23    2.000         4.000e-01     -3.2325641544      5.994476e-08      2.341592e-03     -4.844382e-07
[itstep]        24    2.000         4.000e-01     -3.2325642512      2.994190e-08      1.169605e-03     -2.419728e-07
[update_dt]  (i= 25) Reduced time step from   0.400000 to   0.320000
[update_E0]  (i= 25) Extrapolated energy ground state E0:  -7.057218
[itstep]        25    2.000         3.200e-01     -3.2325642996      1.495572e-08      5.842079e-04     -1.208633e-07
[itstep]        26    2.000         3.200e-01     -3.2642460950      9.800825e-03      9.346795e+02     -9.900561e-02
[itstep]        27    2.000         3.200e-01     -3.2671235807      8.815162e-04      8.406793e+01     -8.992143e-03
[itstep]        28    2.000         3.200e-01     -3.2674365253      9.578599e-05      9.134864e+00     -9.779521e-04
[itstep]        29    2.000         3.200e-01     -3.2674713578      1.066051e-05      1.016665e+00     -1.088517e-04
[itstep]        30    2.000         3.200e-01     -3.2674752468      1.190206e-06      1.135069e-01     -1.215301e-05
[itstep]        31    2.000         3.200e-01     -3.2674756822      1.332384e-07      1.270661e-02     -1.360479e-06
[itstep]        32    2.000         3.200e-01     -3.2674757315      1.510471e-08      1.440497e-03     -1.542321e-07
[update_dt]  (i= 33) Reduced time step from   0.320000 to   0.256000
[update_E0]  (i= 33) Extrapolated energy ground state E0:  -3.291696
[itstep]        33    2.000         2.560e-01     -3.2674757375      1.824764e-09      1.740231e-04     -1.863241e-08
[itstep]        34    2.000         2.560e-01     -3.2814578816      4.279188e-03      9.963262e+02     -5.461775e-02
[itstep]        35    2.000         2.560e-01     -3.2834633598      6.111547e-04      1.422955e+02     -7.833899e-03
[itstep]        36    2.000         2.560e-01     -3.2838035549      1.036086e-04      2.412326e+01     -1.328887e-03
[itstep]        37    2.000         2.560e-01     -3.2838633003      1.819395e-05      4.236109e+00     -2.333803e-04
[itstep]        38    2.000         2.560e-01     -3.2838738594      3.215468e-06      7.486594e-01     -4.124671e-05
[itstep]        39    2.000         2.560e-01     -3.2838757277      5.689337e-07      1.324652e-01     -7.298073e-06
[itstep]        40    2.000         2.560e-01     -3.2838760584      1.006899e-07      2.344369e-02     -1.291614e-06
[itstep]        41    2.000         2.560e-01     -3.2838761169      1.782370e-08      4.149904e-03     -2.286361e-07
[update_dt]  (i= 42) Reduced time step from   0.256000 to   0.204800
[update_E0]  (i= 42) Extrapolated energy ground state E0:  -3.295254
[itstep]        42    2.000         2.048e-01     -3.2838761273      3.157107e-09      7.350713e-04     -4.049824e-08
[itstep]        43    2.000         2.048e-01     -3.2896336311      1.753265e-03      9.966156e+02     -2.811281e-02
[itstep]        44    2.000         2.048e-01     -3.2908210526      3.609586e-04      2.051812e+02     -5.797956e-03
[itstep]        45    2.000         2.048e-01     -3.2911044079      8.610474e-05      4.894488e+01     -1.383571e-03
[itstep]        46    2.000         2.048e-01     -3.2911750600      2.146760e-05      1.220292e+01     -3.449810e-04
[itstep]        47    2.000         2.048e-01     -3.2911928831      5.415443e-06      3.078323e+00     -8.702720e-05
[itstep]        48    2.000         2.048e-01     -3.2911973928      1.370221e-06      7.788806e-01     -2.201984e-05
[itstep]        49    2.000         2.048e-01     -3.2911985347      3.469601e-07      1.972240e-01     -5.575752e-06
[itstep]        50    2.000         2.048e-01     -3.2911988239      8.787249e-08      4.994973e-02     -1.412138e-06
[itstep]        51    2.000         2.048e-01     -3.2911988972      2.225611e-08      1.265113e-02     -3.576625e-07
[itstep]        52    2.000         2.048e-01     -3.2911989157      5.637096e-09      3.204318e-03     -9.058987e-08
[update_dt]  (i= 53) Reduced time step from   0.204800 to   0.163840
[update_E0]  (i= 53) Extrapolated energy ground state E0:  -3.296279
[itstep]        53    2.000         1.638e-01     -3.2911989204      1.427829e-09      8.116270e-04     -2.294566e-08
[itstep]        54    2.000         1.638e-01     -3.2934535767      6.850562e-04      9.507065e+02     -1.376133e-02
[itstep]        55    2.000         1.638e-01     -3.2940766162      1.891751e-04      2.625333e+02     -3.802732e-03
[itstep]        56    2.000         1.638e-01     -3.2942706200      5.889474e-05      8.173287e+01     -1.184105e-03
[itstep]        57    2.000         1.638e-01     -3.2943340155      1.924416e-05      2.670663e+01     -3.869352e-04
[itstep]        58    2.000         1.638e-01     -3.2943550936      6.398314e-06      8.879444e+00     -1.286510e-04
[itstep]        59    2.000         1.638e-01     -3.2943621437      2.140049e-06      2.969914e+00     -4.303028e-05
[itstep]        60    2.000         1.638e-01     -3.2943645065      7.172296e-07      9.953560e-01     -1.442147e-05
[itstep]        61    2.000         1.638e-01     -3.2943652990      2.405402e-07      3.338165e-01     -4.836590e-06
[itstep]        62    2.000         1.638e-01     -3.2943655648      8.068930e-08      1.119789e-01     -1.622437e-06
[itstep]        63    2.000         1.638e-01     -3.2943656540      2.706934e-08      3.756625e-02     -5.442889e-07
[itstep]        64    2.000         1.638e-01     -3.2943656839      9.081352e-09      1.260291e-02     -1.826007e-07
[itstep]        65    2.000         1.638e-01     -3.2943656939      3.046684e-09      4.228123e-03     -6.126032e-08
[itstep]        66    2.000         1.638e-01     -3.2943656973      1.022130e-09      1.418490e-03     -2.055218e-08
[update_dt]  (i= 67) Reduced time step from   0.163840 to   0.131072
[update_E0]  (i= 67) Extrapolated energy ground state E0:  -3.296563
[itstep]        67    2.000         1.311e-01     -3.2943656984      3.429139e-10      4.758887e-04     -6.895043e-09
[itstep]        68    2.000         1.311e-01     -3.2952162282      2.581771e-04      8.747380e+02     -6.489027e-03
[itstep]        69    2.000         1.311e-01     -3.2955144177      9.049165e-05      3.065976e+02     -2.275006e-03
[itstep]        70    2.000         1.311e-01     -3.2956291225      3.480634e-05      1.179285e+02     -8.751283e-04
[itstep]        71    2.000         1.311e-01     -3.2956753759      1.403477e-05      4.755163e+01     -3.528853e-04
[itstep]        72    2.000         1.311e-01     -3.2956944338      5.782694e-06      1.959253e+01     -1.454001e-04
[itstep]        73    2.000         1.311e-01     -3.2957023603      2.405126e-06      8.148882e+00     -6.047485e-05
[itstep]        74    2.000         1.311e-01     -3.2957056704      1.004346e-06      3.402858e+00     -2.525350e-05
[itstep]        75    2.000         1.311e-01     -3.2957070549      4.201092e-07      1.423385e+00     -1.056333e-05
[itstep]        76    2.000         1.311e-01     -3.2957076345      1.758526e-07      5.958119e-01     -4.421682e-06
[itstep]        77    2.000         1.311e-01     -3.2957078771      7.363166e-08      2.494738e-01     -1.851413e-06
[itstep]        78    2.000         1.311e-01     -3.2957079788      3.083433e-08      1.044708e-01     -7.753062e-07
[itstep]        79    2.000         1.311e-01     -3.2957080213      1.291300e-08      4.375093e-02     -3.246877e-07
[itstep]        80    2.000         1.311e-01     -3.2957080391      5.407903e-09      1.832269e-02     -1.359777e-07
[itstep]        81    2.000         1.311e-01     -3.2957080466      2.264827e-09      7.673533e-03     -5.694739e-08
[itstep]        82    2.000         1.311e-01     -3.2957080497      9.485116e-10      3.213682e-03     -2.384962e-08
[itstep]        83    2.000         1.311e-01     -3.2957080510      3.972386e-10      1.345897e-03     -9.988270e-09
[update_dt]  (i= 84) Reduced time step from   0.131072 to   0.104858
[update_E0]  (i= 84) Extrapolated energy ground state E0:  -3.296639
[itstep]        84    2.000         1.049e-01     -3.2957080516      1.663632e-10      5.636604e-04     -4.183079e-09
[itstep]        85    2.000         1.049e-01     -3.2960198557      9.460916e-05      7.825886e+02     -2.973596e-03
[itstep]        86    2.000         1.049e-01     -3.2961526738      4.029651e-05      3.333249e+02     -1.266652e-03
[itstep]        87    2.000         1.049e-01     -3.2962132893      1.838975e-05      1.521164e+02     -5.780736e-04
[itstep]        88    2.000         1.049e-01     -3.2962421335      8.750718e-06      7.238424e+01     -2.750800e-04
[itstep]        89    2.000         1.049e-01     -3.2962561813      4.261749e-06      3.525237e+01     -1.339699e-04
[itstep]        90    2.000         1.049e-01     -3.2962631071      2.101113e-06      1.738000e+01     -6.604964e-05
[itstep]        91    2.000         1.049e-01     -3.2962665431      1.042419e-06      8.622684e+00     -3.276907e-05
[itstep]        92    2.000         1.049e-01     -3.2962682533      5.188218e-07      4.291594e+00     -1.630950e-05
[itstep]        93    2.000         1.049e-01     -3.2962691059      2.586367e-07      2.139392e+00     -8.130415e-06
[itstep]        94    2.000         1.049e-01     -3.2962695312      1.290359e-07      1.067360e+00     -4.056331e-06
[itstep]        95    2.000         1.049e-01     -3.2962697435      6.440291e-08      5.327284e-01     -2.024549e-06
[itstep]        96    2.000         1.049e-01     -3.2962698495      3.215049e-08      2.659426e-01     -1.010672e-06
[itstep]        97    2.000         1.049e-01     -3.2962699024      1.605141e-08      1.327741e-01     -5.045869e-07
[itstep]        98    2.000         1.049e-01     -3.2962699288      8.014205e-09      6.629195e-02     -2.519320e-07
[itstep]        99    2.000         1.049e-01     -3.2962699420      4.001462e-09      3.309932e-02     -1.257887e-07
[itstep]       100    2.000         1.049e-01     -3.2962699486      1.997939e-09      1.652656e-02     -6.280657e-08
[itstep]       101    2.000         1.049e-01     -3.2962699518      9.975825e-10      8.251809e-03     -3.135968e-08
[itstep]       102    2.000         1.049e-01     -3.2962699535      4.980998e-10      4.120185e-03     -1.565811e-08
[itstep]       103    2.000         1.049e-01     -3.2962699543      2.487053e-10      2.057242e-03     -7.818220e-09
[itstep]       104    2.000         1.049e-01     -3.2962699547      1.241805e-10      1.027197e-03     -3.903700e-09
[update_dt]  (i=105) Reduced time step from   0.104858 to   0.083886
[update_E0]  (i=105) Extrapolated energy ground state E0:  -3.296660
[itstep]       105    2.000         8.389e-02     -3.2962699549      6.200438e-11      5.128882e-04     -1.949150e-09

[info]       steps       dt                E0                 E
[output]       106    0.084     -3.2966597849     -3.2962699549
