[conf]                N               5
[conf]                J            3.034
[conf]             beta           1.000
[conf]              dt0       4.000e-01
[conf]        eps_trunc       1.000e-04
[conf]           eps_dt       9.000e-02
[conf]          eps_tol       1.000e-03
[conf]             Dmax              10
[conf]           dt_red           0.800
[conf]         phys_gap       1.000e-03
[info]           i      MBD                dt                 E           rel_err           exp_err             slope
[itstep]         0    3.000         4.000e-01    -11.8490097150      1.000000e+00      1.000000e-03     -3.764595e+01
[itstep]         1    3.000         4.000e-01    -12.2267737466      3.188149e-02      1.245371e+03     -9.444101e-01
[itstep]         2    3.000         4.000e-01    -12.2191339825     -6.248389e-04      2.440777e+01      1.909941e-02
[itstep]         3    3.000         4.000e-01    -12.2173807265     -1.434845e-04      5.604862e+00      4.383140e-03
[itstep]         4    3.000         4.000e-01    -12.2167559721     -5.113652e-05      1.997520e+00      1.561886e-03
[itstep]         5    3.000         4.000e-01    -12.2162913149     -3.803442e-05      1.485720e+00      1.161643e-03
[itstep]         6    3.000         4.000e-01    -12.2158504950     -3.608459e-05      1.409554e+00      1.102050e-03
[itstep]         7    3.000         4.000e-01    -12.2154151648     -3.563651e-05      1.392051e+00      1.088326e-03
[itstep]         8    3.000         4.000e-01    -12.2149834131     -3.534482e-05      1.380657e+00      1.079379e-03
[itstep]         9    3.000         4.000e-01    -12.2145555970     -3.502387e-05      1.368120e+00      1.069540e-03
[itstep]        10    3.000         4.000e-01    -12.2141323651     -3.464980e-05      1.353508e+00      1.058080e-03
[itstep]        11    3.000         4.000e-01    -12.2137143786     -3.422155e-05      1.336779e+00      1.044966e-03
[itstep]        12    3.000         4.000e-01    -12.2133022700     -3.374146e-05      1.318026e+00      1.030271e-03
[itstep]        13    3.000         4.000e-01    -12.2128966344     -3.321260e-05      1.297367e+00      1.014089e-03
[itstep]        14    3.000         4.000e-01    -12.2124980258     -3.263833e-05      1.274935e+00      9.965215e-04
[itstep]        15    3.000         4.000e-01    -12.2121069546     -3.202221e-05      1.250868e+00      9.776781e-04
[itstep]        16    3.000         4.000e-01    -12.2117238857     -3.136797e-05      1.225311e+00      9.576724e-04
[itstep]        17    3.000         4.000e-01    -12.2113492372     -3.067941e-05      1.198414e+00      9.366212e-04
[itstep]        18    3.000         4.000e-01    -12.2109833799     -2.996043e-05      1.170329e+00      9.146432e-04
[itstep]        19    3.000         4.000e-01    -12.2106266368     -2.921494e-05      1.141208e+00      8.918578e-04
[itstep]        20    3.000         4.000e-01    -12.2102792833     -2.844682e-05      1.111204e+00      8.683838e-04
[itstep]        21    3.000         4.000e-01    -12.2099415479     -2.765992e-05      1.080466e+00      8.443385e-04
[itstep]        22    3.000         4.000e-01    -12.2096136134     -2.685799e-05      1.049140e+00      8.198362e-04
[itstep]        23    3.000         4.000e-01    -12.2092956183     -2.604465e-05      1.017369e+00      7.949878e-04
[itstep]        24    3.000         4.000e-01    -12.2089876584     -2.522340e-05      9.852889e-01      7.698997e-04
[itstep]        25    3.000         4.000e-01    -12.2086897890     -2.439755e-05      9.530293e-01      7.446735e-04
[itstep]        26    3.000         4.000e-01    -12.2084020271     -2.357026e-05      9.207132e-01      7.194049e-04
[itstep]        27    3.000         4.000e-01    -12.2081243536     -2.274446e-05      8.884554e-01      6.941837e-04
[itstep]        28    3.000         4.000e-01    -12.2078567163     -2.192289e-05      8.563628e-01      6.690933e-04
[itstep]        29    3.000         4.000e-01    -12.2075990320     -2.110807e-05      8.245339e-01      6.442107e-04
[itstep]        30    3.000         4.000e-01    -12.2073511896     -2.030230e-05      7.930588e-01      6.196060e-04
[itstep]        31    3.000         4.000e-01    -12.2071130525     -1.950768e-05      7.620187e-01      5.953427e-04
[itstep]        32    3.000         4.000e-01    -12.2068844614     -1.872606e-05      7.314866e-01      5.714777e-04
[itstep]        33    3.000         4.000e-01    -12.2066652369     -1.795909e-05      7.015270e-01      5.480614e-04
[itstep]        34    3.000         4.000e-01    -12.2064551818     -1.720823e-05      6.721964e-01      5.251377e-04
[itstep]        35    3.000         4.000e-01    -12.2062540839     -1.647471e-05      6.435435e-01      5.027446e-04
[itstep]        36    3.000         4.000e-01    -12.2060617182     -1.575960e-05      6.156095e-01      4.809143e-04
[itstep]        37    3.000         4.000e-01    -12.2058778489     -1.506377e-05      5.884286e-01      4.596733e-04
[itstep]        38    3.000         4.000e-01    -12.2057022316     -1.438793e-05      5.620283e-01      4.390432e-04
[itstep]        39    3.000         4.000e-01    -12.2055346154     -1.373261e-05      5.364302e-01      4.190405e-04
[itstep]        40    3.000         4.000e-01    -12.2053747444     -1.309824e-05      5.116499e-01      3.996775e-04
[itstep]        41    3.000         4.000e-01    -12.2052223596     -1.248506e-05      4.876978e-01      3.809622e-04
[itstep]        42    3.000         4.000e-01    -12.2050771999     -1.189324e-05      4.645797e-01      3.628991e-04
[itstep]        43    3.000         4.000e-01    -12.2049390043     -1.132280e-05      4.422968e-01      3.454890e-04
[itstep]        44    3.000         4.000e-01    -12.2048075123     -1.077367e-05      4.208466e-01      3.287300e-04
[itstep]        45    3.000         4.000e-01    -12.2046824654     -1.024571e-05      4.002230e-01      3.126173e-04
[itstep]        46    3.000         4.000e-01    -12.2045636079     -9.738677e-06      3.804171e-01      2.971436e-04
[itstep]        47    3.000         4.000e-01    -12.2044506880     -9.252271e-06      3.614168e-01      2.822998e-04
[itstep]        48    3.000         4.000e-01    -12.2043434581     -8.786132e-06      3.432083e-01      2.680748e-04
[itstep]        49    3.000         4.000e-01    -12.2042416757     -8.339848e-06      3.257753e-01      2.544559e-04
[itstep]        50    3.000         4.000e-01    -12.2041451040     -7.912963e-06      3.091001e-01      2.414293e-04
[itstep]        51    3.000         4.000e-01    -12.2040535120     -7.504986e-06      2.931635e-01      2.289799e-04
[itstep]        52    3.000         4.000e-01    -12.2039666753     -7.115399e-06      2.779453e-01      2.170918e-04
[itstep]        53    3.000         4.000e-01    -12.2038843760     -6.743657e-06      2.634241e-01      2.057484e-04
[itstep]        54    3.000         4.000e-01    -12.2038064029     -6.389203e-06      2.495782e-01      1.949327e-04
[itstep]        55    3.000         4.000e-01    -12.2037325520     -6.051464e-06      2.363853e-01      1.846272e-04
[itstep]        56    3.000         4.000e-01    -12.2036626263     -5.729860e-06      2.238226e-01      1.748142e-04
[itstep]        57    3.000         4.000e-01    -12.2035964360     -5.423808e-06      2.118675e-01      1.654758e-04
[itstep]        58    3.000         4.000e-01    -12.2035337983     -5.132724e-06      2.004970e-01      1.565942e-04
[itstep]        59    3.000         4.000e-01    -12.2034745376     -4.856027e-06      1.896886e-01      1.481517e-04
[itstep]        60    3.000         4.000e-01    -12.2034184853     -4.593142e-06      1.794196e-01      1.401307e-04
[itstep]        61    3.000         4.000e-01    -12.2033654798     -4.343499e-06      1.696679e-01      1.325138e-04
[itstep]        62    3.000         4.000e-01    -12.2033153662     -4.106542e-06      1.604118e-01      1.252841e-04
[itstep]        63    3.000         4.000e-01    -12.2032679963     -3.881721e-06      1.516297e-01      1.184247e-04
[itstep]        64    3.000         4.000e-01    -12.2032232286     -3.668504e-06      1.433009e-01      1.119193e-04
[itstep]        65    3.000         4.000e-01    -12.2031809277     -3.466368e-06      1.354050e-01      1.057522e-04
[itstep]        66    3.000         4.000e-01    -12.2031409646     -3.274807e-06      1.279222e-01      9.990767e-05
[itstep]        67    3.000         4.000e-01    -12.2031032163     -3.093331e-06      1.208333e-01      9.437089e-05
[itstep]        68    3.000         4.000e-01    -12.2030675653     -2.921464e-06      1.141197e-01      8.912732e-05
[itstep]        69    3.000         4.000e-01    -12.2030339002     -2.758747e-06      1.077635e-01      8.416293e-05
[itstep]        70    3.000         4.000e-01    -12.2030021145     -2.604736e-06      1.017475e-01      7.946420e-05
[itstep]        71    3.000         4.000e-01    -12.2029721072     -2.459006e-06      9.605492e-02      7.501814e-05
[itstep]        72    3.000         4.000e-01    -12.2029437824     -2.321146e-06      9.066978e-02      7.081221e-05
[itstep]        73    3.000         4.000e-01    -12.2029170486     -2.190764e-06      8.557671e-02      6.683442e-05
[itstep]        74    3.000         4.000e-01    -12.2028918193     -2.067481e-06      8.076096e-02      6.307324e-05
[itstep]        75    3.000         4.000e-01    -12.2028680122     -1.950935e-06      7.620841e-02      5.951763e-05
[itstep]        76    3.000         4.000e-01    -12.2028455494     -1.840782e-06      7.190554e-02      5.615704e-05
[itstep]        77    3.000         4.000e-01    -12.2028243569     -1.736689e-06      6.783942e-02      5.298138e-05
[itstep]        78    3.000         4.000e-01    -12.2028043645     -1.638342e-06      6.399774e-02      4.998100e-05
[itstep]        79    3.000         4.000e-01    -12.2027855058     -1.545439e-06      6.036870e-02      4.714672e-05
[itstep]        80    3.000         4.000e-01    -12.2027677179     -1.457692e-06      5.694109e-02      4.446976e-05
[itstep]        81    3.000         4.000e-01    -12.2027509412     -1.374828e-06      5.370422e-02      4.194177e-05
[itstep]        82    3.000         4.000e-01    -12.2027351193     -1.296586e-06      5.064790e-02      3.955480e-05
[itstep]        83    3.000         4.000e-01    -12.2027201987     -1.222719e-06      4.776245e-02      3.730128e-05
[itstep]        84    3.000         4.000e-01    -12.2027061291     -1.152990e-06      4.503865e-02      3.517402e-05
[itstep]        85    3.000         4.000e-01    -12.2026928627     -1.087175e-06      4.246777e-02      3.316619e-05
[itstep]        86    3.000         4.000e-01    -12.2026803541     -1.025062e-06      4.004147e-02      3.127128e-05
[itstep]        87    3.000         4.000e-01    -12.2026685609     -9.664482e-07      3.775188e-02      2.948315e-05
[itstep]        88    3.000         4.000e-01    -12.2026574425     -9.111426e-07      3.559151e-02      2.779593e-05
[itstep]        89    3.000         4.000e-01    -12.2026469609     -8.589631e-07      3.355325e-02      2.620408e-05
[itstep]        90    3.000         4.000e-01    -12.2026370799     -8.097374e-07      3.163037e-02      2.470235e-05
[itstep]        91    3.000         4.000e-01    -12.2026277656     -7.633021e-07      2.981649e-02      2.328575e-05
[itstep]        92    3.000         4.000e-01    -12.2026189858     -7.195025e-07      2.810557e-02      2.194955e-05
[itstep]        93    3.000         4.000e-01    -12.2026107101     -6.781921e-07      2.649188e-02      2.068930e-05
[itstep]        94    3.000         4.000e-01    -12.2026029098     -6.392320e-07      2.497000e-02      1.950075e-05
[itstep]        95    3.000         4.000e-01    -12.2025955579     -6.024909e-07      2.353480e-02      1.837989e-05
[itstep]        96    3.000         4.000e-01    -12.2025886287     -5.678447e-07      2.218143e-02      1.732295e-05
[itstep]        97    3.000         4.000e-01    -12.2025820981     -5.351757e-07      2.090530e-02      1.632632e-05
[itstep]        98    3.000         4.000e-01    -12.2025759435     -5.043729e-07      1.970207e-02      1.538663e-05
[itstep]        99    3.000         4.000e-01    -12.2025701432     -4.753311e-07      1.856762e-02      1.450066e-05
[itstep]       100    3.000         4.000e-01    -12.2025646771     -4.479509e-07      1.749808e-02      1.366538e-05
[itstep]       101    3.000         4.000e-01    -12.2025595259     -4.221386e-07      1.648979e-02      1.287793e-05
[itstep]       102    3.000         4.000e-01    -12.2025546717     -3.978053e-07      1.553927e-02      1.213561e-05
[itstep]       103    3.000         4.000e-01    -12.2025500973     -3.748673e-07      1.464325e-02      1.143585e-05
[itstep]       104    3.000         4.000e-01    -12.2025457868     -3.532454e-07      1.379865e-02      1.077624e-05
[itstep]       105    3.000         4.000e-01    -12.2025417250     -3.328647e-07      1.300253e-02      1.015449e-05
[itstep]       106    3.000         4.000e-01    -12.2025378976     -3.136548e-07      1.225214e-02      9.568464e-06
[itstep]       107    3.000         4.000e-01    -12.2025342912     -2.955489e-07      1.154488e-02      9.016116e-06
[itstep]       108    3.000         4.000e-01    -12.2025308930     -2.784841e-07      1.087828e-02      8.495528e-06
[itstep]       109    3.000         4.000e-01    -12.2025276910     -2.624009e-07      1.025004e-02      8.004889e-06
[itstep]       110    3.000         4.000e-01    -12.2025246740     -2.472434e-07      9.657947e-03      7.542487e-06
[itstep]       111    3.000         4.000e-01    -12.2025218314     -2.329587e-07      9.099947e-03      7.106709e-06
[itstep]       112    3.000         4.000e-01    -12.2025191529     -2.194967e-07      8.574088e-03      6.696032e-06
[itstep]       113    3.000         4.000e-01    -12.2025166293     -2.068103e-07      8.078529e-03      6.309018e-06
[itstep]       114    3.000         4.000e-01    -12.2025142516     -1.948553e-07      7.611534e-03      5.944312e-06
[itstep]       115    3.000         4.000e-01    -12.2025120114     -1.835895e-07      7.171465e-03      5.600634e-06
[itstep]       116    3.000         4.000e-01    -12.2025099006     -1.729735e-07      6.756778e-03      5.276778e-06
[itstep]       117    3.000         4.000e-01    -12.2025079120     -1.629700e-07      6.366015e-03      4.971607e-06
[itstep]       118    3.000         4.000e-01    -12.2025060384     -1.535438e-07      5.997803e-03      4.684047e-06
[itstep]       119    3.000         4.000e-01    -12.2025042731     -1.446616e-07      5.650845e-03      4.413086e-06
[itstep]       120    3.000         4.000e-01    -12.2025026100     -1.362923e-07      5.323920e-03      4.157770e-06
[itstep]       121    3.000         4.000e-01    -12.2025010432     -1.284064e-07      5.015875e-03      3.917198e-06
[itstep]       122    3.000         4.000e-01    -12.2024995670     -1.209760e-07      4.725623e-03      3.690523e-06
[itstep]       123    3.000         4.000e-01    -12.2024981762     -1.139748e-07      4.452141e-03      3.476944e-06
[itstep]       124    3.000         4.000e-01    -12.2024968659     -1.073782e-07      4.194462e-03      3.275706e-06
[itstep]       125    3.000         4.000e-01    -12.2024956315     -1.011629e-07      3.951676e-03      3.086100e-06
[itstep]       126    3.000         4.000e-01    -12.2024944685     -9.530685e-08      3.722924e-03      2.907454e-06
[itstep]       127    3.000         4.000e-01    -12.2024933728     -8.978938e-08      3.507397e-03      2.739136e-06
[itstep]       128    3.000         4.000e-01    -12.2024923406     -8.459094e-08      3.304333e-03      2.580551e-06
[itstep]       129    3.000         4.000e-01    -12.2024913681     -7.969313e-08      3.113013e-03      2.431137e-06
[itstep]       130    3.000         4.000e-01    -12.2024904520     -7.507862e-08      2.932758e-03      2.290365e-06
[itstep]       131    3.000         4.000e-01    -12.2024895889     -7.073103e-08      2.762931e-03      2.157737e-06
[itstep]       132    3.000         4.000e-01    -12.2024887758     -6.663497e-08      2.602928e-03      2.032781e-06
[itstep]       133    3.000         4.000e-01    -12.2024880098     -6.277591e-08      2.452184e-03      1.915056e-06
[itstep]       134    3.000         4.000e-01    -12.2024872881     -5.914015e-08      2.310162e-03      1.804142e-06
[itstep]       135    3.000         4.000e-01    -12.2024866082     -5.571480e-08      2.176359e-03      1.699648e-06
[itstep]       136    3.000         4.000e-01    -12.2024859678     -5.248770e-08      2.050301e-03      1.601201e-06
[itstep]       137    3.000         4.000e-01    -12.2024853644     -4.944739e-08      1.931539e-03      1.508453e-06
[itstep]       138    3.000         4.000e-01    -12.2024847960     -4.658307e-08      1.819651e-03      1.421073e-06
[itstep]       139    3.000         4.000e-01    -12.2024842605     -4.388458e-08      1.714241e-03      1.338752e-06
[itstep]       140    3.000         4.000e-01    -12.2024837560     -4.134231e-08      1.614934e-03      1.261197e-06
[itstep]       141    3.000         4.000e-01    -12.2024832807     -3.894724e-08      1.521376e-03      1.188133e-06
[itstep]       142    3.000         4.000e-01    -12.2024828330     -3.669085e-08      1.433236e-03      1.119299e-06
[itstep]       143    3.000         4.000e-01    -12.2024824112     -3.456511e-08      1.350200e-03      1.054451e-06
[itstep]       144    3.000         4.000e-01    -12.2024820139     -3.256249e-08      1.271972e-03      9.933580e-07
[itstep]       145    3.000         4.000e-01    -12.2024816396     -3.067584e-08      1.198275e-03      9.358034e-07
[itstep]       146    3.000         4.000e-01    -12.2024812869     -2.889846e-08      1.128846e-03      8.815822e-07
[itstep]       147    3.000         4.000e-01    -12.2024809547     -2.722402e-08      1.063438e-03      8.305014e-07
[itstep]       148    3.000         4.000e-01    -12.2024806418     -2.564656e-08      1.001819e-03      7.823793e-07
[update_dt]  (i=149) Reduced time step from   0.400000 to   0.320000
[update_E0]  (i=149) Extrapolated energy ground state E0: -22.894712
[itstep]       149    3.000         3.200e-01    -12.2024803470     -2.416048e-08      9.437689e-04      7.370446e-07
[itstep]       150    3.000         3.200e-01    -12.4552673269      2.071603e-02      1.975635e+03     -7.899593e-01
[itstep]       151    3.000         3.200e-01    -12.4646304995      7.517440e-04      7.169190e+01     -2.925991e-02
[itstep]       152    3.000         3.200e-01    -12.4658483475      9.770430e-05      9.317808e+00     -3.805775e-03
[itstep]       153    3.000         3.200e-01    -12.4660808777      1.865338e-05      1.778925e+00     -7.266569e-04
[itstep]       154    3.000         3.200e-01    -12.4661283240      3.806026e-06      3.629709e-01     -1.482695e-04
[itstep]       155    3.000         3.200e-01    -12.4661381305      7.866521e-07      7.502099e-02     -3.064533e-05
[itstep]       156    3.000         3.200e-01    -12.4661401685      1.634867e-07      1.559131e-02     -6.368901e-06
[itstep]       157    3.000         3.200e-01    -12.4661405970      3.437209e-08      3.277978e-03     -1.339023e-06
[update_dt]  (i=158) Reduced time step from   0.320000 to   0.256000
[update_E0]  (i=158) Extrapolated energy ground state E0: -12.649060
[itstep]       158    3.000         2.560e-01    -12.4661406914      7.573515e-09      7.222667e-04     -2.950391e-07
[itstep]       159    3.000         2.560e-01    -12.5962879012      1.044006e-02      2.430765e+03     -5.083875e-01
[itstep]       160    3.000         2.560e-01    -12.6035044786      5.729130e-04      1.333917e+02     -2.818976e-02
[itstep]       161    3.000         2.560e-01    -12.6045467292      8.269530e-05      1.925400e+01     -4.071291e-03
[itstep]       162    3.000         2.560e-01    -12.6047943709      1.964701e-05      4.574427e+00     -9.673504e-04
[itstep]       163    3.000         2.560e-01    -12.6048625240      5.406920e-06      1.258897e+00     -2.662231e-04
[itstep]       164    3.000         2.560e-01    -12.6048819753      1.543158e-06      3.592944e-01     -7.598160e-05
[itstep]       165    3.000         2.560e-01    -12.6048875955      4.458768e-07      1.038138e-01     -2.195400e-05
[itstep]       166    3.000         2.560e-01    -12.6048892389      1.303732e-07      3.035487e-02     -6.419293e-06
[itstep]       167    3.000         2.560e-01    -12.6048897338      3.926143e-08      9.141264e-03     -1.933148e-06
[itstep]       168    3.000         2.560e-01    -12.6048898962      1.288427e-08      2.999853e-03     -6.343939e-07
[itstep]       169    3.000         2.560e-01    -12.6048899620      5.220752e-09      1.215551e-03     -2.570586e-07
[update_dt]  (i=170) Reduced time step from   0.256000 to   0.204800
[update_E0]  (i=170) Extrapolated energy ground state E0: -12.701150
[itstep]       170    3.000         2.048e-01    -12.6048899994      2.972564e-09      6.921041e-04     -1.463627e-07
[itstep]       171    3.000         2.048e-01    -12.6668967212      4.919259e-03      2.796275e+03     -3.027672e-01
[itstep]       172    3.000         2.048e-01    -12.6720840567      4.095190e-04      2.327846e+02     -2.532879e-02
[itstep]       173    3.000         2.048e-01    -12.6729243400      6.630980e-05      3.769276e+01     -4.102946e-03
[itstep]       174    3.000         2.048e-01    -12.6731438580      1.732181e-05      9.846308e+00     -1.071865e-03
[itstep]       175    3.000         2.048e-01    -12.6732163974      5.723870e-06      3.253644e+00     -3.541964e-04
[itstep]       176    3.000         2.048e-01    -12.6732424228      2.053573e-06      1.167321e+00     -1.270770e-04
[itstep]       177    3.000         2.048e-01    -12.6732520204      7.573108e-07      4.304813e-01     -4.686320e-05
[itstep]       178    3.000         2.048e-01    -12.6732556010      2.825371e-07      1.606037e-01     -1.748371e-05
[itstep]       179    3.000         2.048e-01    -12.6732569497      1.064218e-07      6.049381e-02     -6.585504e-06
[itstep]       180    3.000         2.048e-01    -12.6732574663      4.075829e-08      2.316841e-02     -2.522169e-06
[itstep]       181    3.000         2.048e-01    -12.6732576717      1.621286e-08      9.215945e-03     -1.003270e-06
[itstep]       182    3.000         2.048e-01    -12.6732577607      7.019327e-09      3.990025e-03     -4.343639e-07
[itstep]       183    3.000         2.048e-01    -12.6732578059      3.566035e-09      2.027056e-03     -2.206703e-07
[itstep]       184    3.000         2.048e-01    -12.6732578345      2.260887e-09      1.285166e-03     -1.399063e-07
[itstep]       185    3.000         2.048e-01    -12.6732578569      1.760099e-09      1.000501e-03     -1.089170e-07
[update_dt]  (i=186) Reduced time step from   0.204800 to   0.163840
[update_E0]  (i=186) Extrapolated energy ground state E0: -12.720689
[itstep]       186    3.000         1.638e-01    -12.6732578766      1.560673e-09      8.871399e-04     -9.657623e-08
[itstep]       187    3.000         1.638e-01    -12.7008454950      2.176837e-03      3.020968e+03     -1.683815e-01
[itstep]       188    3.000         1.638e-01    -12.7042398406      2.672535e-04      3.708888e+02     -2.071744e-02
[itstep]       189    3.000         1.638e-01    -12.7048924013      5.136559e-05      7.128407e+01     -3.982915e-03
[itstep]       190    3.000         1.638e-01    -12.7050723846      1.416645e-05      1.965990e+01     -1.098530e-03
[itstep]       191    3.000         1.638e-01    -12.7051371032      5.093923e-06      7.069238e+00     -3.950113e-04
[itstep]       192    3.000         1.638e-01    -12.7051638313      2.103726e-06      2.919507e+00     -1.631356e-04
[itstep]       193    3.000         1.638e-01    -12.7051755468      9.220983e-07      1.279668e+00     -7.150518e-05
[itstep]       194    3.000         1.638e-01    -12.7051808112      4.143563e-07      5.750349e-01     -3.213177e-05
[itstep]       195    3.000         1.638e-01    -12.7051832050      1.884089e-07      2.614699e-01     -1.461041e-05
[itstep]       196    3.000         1.638e-01    -12.7051843023      8.636467e-08      1.198551e-01     -6.697259e-06
[itstep]       197    3.000         1.638e-01    -12.7051848101      3.996976e-08      5.546918e-02     -3.099507e-06
[itstep]       198    3.000         1.638e-01    -12.7051850490      1.880504e-08      2.609723e-02     -1.458261e-06
[itstep]       199    3.000         1.638e-01    -12.7051851650      9.130672e-09      1.267135e-02     -7.080498e-07
[itstep]       200    3.000         1.638e-01    -12.7051852248      4.701550e-09      6.524712e-03     -3.645878e-07
[itstep]       201    3.000         1.638e-01    -12.7051852587      2.670040e-09      3.705425e-03     -2.070517e-07
[itstep]       202    3.000         1.638e-01    -12.7051852807      1.735371e-09      2.408311e-03     -1.345716e-07
[itstep]       203    3.000         1.638e-01    -12.7051852973      1.302753e-09      1.807932e-03     -1.010236e-07
[itstep]       204    3.000         1.638e-01    -12.7051853113      1.100034e-09      1.526604e-03     -8.530358e-08
[itstep]       205    3.000         1.638e-01    -12.7051853240      1.002633e-09      1.391433e-03     -7.775047e-08
[itstep]       206    3.000         1.638e-01    -12.7051853361      9.535136e-10      1.323266e-03     -7.394145e-08
[itstep]       207    3.000         1.638e-01    -12.7051853479      9.265430e-10      1.285837e-03     -7.184998e-08
[itstep]       208    3.000         1.638e-01    -12.7051853594      9.097620e-10      1.262548e-03     -7.054868e-08
[itstep]       209    3.000         1.638e-01    -12.7051853708      8.976907e-10      1.245796e-03     -6.961259e-08
[itstep]       210    3.000         1.638e-01    -12.7051853821      8.878144e-10      1.232090e-03     -6.884672e-08
[itstep]       211    3.000         1.638e-01    -12.7051853933      8.789794e-10      1.219829e-03     -6.816160e-08
[itstep]       212    3.000         1.638e-01    -12.7051854044      8.706679e-10      1.208294e-03     -6.751707e-08
[itstep]       213    3.000         1.638e-01    -12.7051854153      8.626312e-10      1.197141e-03     -6.689385e-08
[itstep]       214    3.000         1.638e-01    -12.7051854262      8.547545e-10      1.186210e-03     -6.628305e-08
[itstep]       215    3.000         1.638e-01    -12.7051854369      8.469954e-10      1.175442e-03     -6.568136e-08
[itstep]       216    3.000         1.638e-01    -12.7051854476      8.393259e-10      1.164799e-03     -6.508662e-08
[itstep]       217    3.000         1.638e-01    -12.7051854582      8.317318e-10      1.154260e-03     -6.449772e-08
[itstep]       218    3.000         1.638e-01    -12.7051854686      8.242122e-10      1.143824e-03     -6.391461e-08
[itstep]       219    3.000         1.638e-01    -12.7051854790      8.167616e-10      1.133484e-03     -6.333684e-08
[itstep]       220    3.000         1.638e-01    -12.7051854893      8.093805e-10      1.123241e-03     -6.276446e-08
[itstep]       221    3.000         1.638e-01    -12.7051854995      8.020652e-10      1.113089e-03     -6.219719e-08
[itstep]       222    3.000         1.638e-01    -12.7051855096      7.948162e-10      1.103029e-03     -6.163505e-08
[itstep]       223    3.000         1.638e-01    -12.7051855196      7.876321e-10      1.093059e-03     -6.107795e-08
[itstep]       224    3.000         1.638e-01    -12.7051855295      7.805171e-10      1.083185e-03     -6.052622e-08
[itstep]       225    3.000         1.638e-01    -12.7051855393      7.734606e-10      1.073392e-03     -5.997901e-08
[itstep]       226    3.000         1.638e-01    -12.7051855491      7.664722e-10      1.063694e-03     -5.943708e-08
[itstep]       227    3.000         1.638e-01    -12.7051855587      7.595427e-10      1.054077e-03     -5.889973e-08
[itstep]       228    3.000         1.638e-01    -12.7051855683      7.526812e-10      1.044555e-03     -5.836764e-08
[itstep]       229    3.000         1.638e-01    -12.7051855778      7.458790e-10      1.035115e-03     -5.784016e-08
[itstep]       230    3.000         1.638e-01    -12.7051855872      7.391376e-10      1.025760e-03     -5.731739e-08
[itstep]       231    3.000         1.638e-01    -12.7051855965      7.324558e-10      1.016487e-03     -5.679924e-08
[itstep]       232    3.000         1.638e-01    -12.7051856057      7.258386e-10      1.007303e-03     -5.628610e-08
[update_dt]  (i=233) Reduced time step from   0.163840 to   0.131072
[update_E0]  (i=233) Extrapolated energy ground state E0: -12.727336
[itstep]       233    3.000         1.311e-01    -12.7051856148      7.192773e-10      9.981977e-04     -5.577729e-08
[itstep]       234    3.000         1.311e-01    -12.7167714378      9.118972e-04      3.089628e+03     -8.839281e-02
[itstep]       235    3.000         1.311e-01    -12.7187796602      1.579192e-04      5.350511e+02     -1.532152e-02
[itstep]       236    3.000         1.311e-01    -12.7192542882      3.731710e-05      1.264353e+02     -3.621124e-03
[itstep]       237    3.000         1.311e-01    -12.7193967945      1.120398e-05      3.796056e+01     -1.087237e-03
[itstep]       238    3.000         1.311e-01    -12.7194501070      4.191434e-06      1.420113e+01     -4.067422e-04
[itstep]       239    3.000         1.311e-01    -12.7194735958      1.846682e-06      6.256803e+00     -1.792052e-04
[itstep]       240    3.000         1.311e-01    -12.7194849961      8.962865e-07      3.036737e+00     -8.697733e-05
[itstep]       241    3.000         1.311e-01    -12.7194908133      4.573425e-07      1.549537e+00     -4.438141e-05
[itstep]       242    3.000         1.311e-01    -12.7194938564      2.392479e-07      8.106034e-01     -2.321710e-05
[itstep]       243    3.000         1.311e-01    -12.7194954690      1.267832e-07      4.295582e-01     -1.230330e-05
[itstep]       244    3.000         1.311e-01    -12.7194963302      6.770809e-08      2.294039e-01     -6.570532e-06
[itstep]       245    3.000         1.311e-01    -12.7194967930      3.638536e-08      1.232784e-01     -3.530910e-06
[itstep]       246    3.000         1.311e-01    -12.7194970435      1.969456e-08      6.672778e-02     -1.911201e-06
[itstep]       247    3.000         1.311e-01    -12.7194971806      1.077540e-08      3.650847e-02     -1.045667e-06
[itstep]       248    3.000         1.311e-01    -12.7194972569      6.000761e-09      2.033137e-02     -5.823262e-07
[itstep]       249    3.000         1.311e-01    -12.7194973007      3.441511e-09      1.166029e-02     -3.339713e-07
[itstep]       250    3.000         1.311e-01    -12.7194973270      2.068147e-09      7.007153e-03     -2.006972e-07
[itstep]       251    3.000         1.311e-01    -12.7194973439      1.330166e-09      4.506779e-03     -1.290821e-07
[itstep]       252    3.000         1.311e-01    -12.7194973558      9.328143e-10      3.160498e-03     -9.052222e-08
[itstep]       253    3.000         1.311e-01    -12.7194973649      7.181685e-10      2.433250e-03     -6.969256e-08
[itstep]       254    3.000         1.311e-01    -12.7194973725      6.015443e-10      2.038111e-03     -5.837510e-08
[itstep]       255    3.000         1.311e-01    -12.7194973794      5.375295e-10      1.821221e-03     -5.216297e-08
[itstep]       256    3.000         1.311e-01    -12.7194973858      5.017539e-10      1.700008e-03     -4.869123e-08
[itstep]       257    3.000         1.311e-01    -12.7194973919      4.811464e-10      1.630187e-03     -4.669144e-08
[itstep]       258    3.000         1.311e-01    -12.7194973978      4.686948e-10      1.588000e-03     -4.548311e-08
[itstep]       259    3.000         1.311e-01    -12.7194974037      4.606197e-10      1.560640e-03     -4.469949e-08
[itstep]       260    3.000         1.311e-01    -12.7194974095      4.549150e-10      1.541312e-03     -4.414589e-08
[itstep]       261    3.000         1.311e-01    -12.7194974152      4.504812e-10      1.526290e-03     -4.371563e-08
[itstep]       262    3.000         1.311e-01    -12.7194974209      4.467463e-10      1.513635e-03     -4.335318e-08
[itstep]       263    3.000         1.311e-01    -12.7194974265      4.433928e-10      1.502273e-03     -4.302776e-08
[itstep]       264    3.000         1.311e-01    -12.7194974321      4.402525e-10      1.491634e-03     -4.272301e-08
[itstep]       265    3.000         1.311e-01    -12.7194974377      4.372353e-10      1.481411e-03     -4.243021e-08
[itstep]       266    3.000         1.311e-01    -12.7194974432      4.342934e-10      1.471443e-03     -4.214473e-08
[itstep]       267    3.000         1.311e-01    -12.7194974487      4.314025e-10      1.461649e-03     -4.186419e-08
[itstep]       268    3.000         1.311e-01    -12.7194974542      4.285442e-10      1.451964e-03     -4.158681e-08
[itstep]       269    3.000         1.311e-01    -12.7194974596      4.257138e-10      1.442374e-03     -4.131214e-08
[itstep]       270    3.000         1.311e-01    -12.7194974650      4.229106e-10      1.432877e-03     -4.104012e-08
[itstep]       271    3.000         1.311e-01    -12.7194974703      4.201209e-10      1.423425e-03     -4.076940e-08
[itstep]       272    3.000         1.311e-01    -12.7194974756      4.173559e-10      1.414057e-03     -4.050108e-08
[itstep]       273    3.000         1.311e-01    -12.7194974809      4.146066e-10      1.404742e-03     -4.023428e-08
[itstep]       274    3.000         1.311e-01    -12.7194974861      4.118807e-10      1.395506e-03     -3.996975e-08
[itstep]       275    3.000         1.311e-01    -12.7194974913      4.091701e-10      1.386322e-03     -3.970671e-08
[itstep]       276    3.000         1.311e-01    -12.7194974965      4.064744e-10      1.377189e-03     -3.944512e-08
[itstep]       277    3.000         1.311e-01    -12.7194975016      4.038036e-10      1.368140e-03     -3.918594e-08
[itstep]       278    3.000         1.311e-01    -12.7194975067      4.011418e-10      1.359121e-03     -3.892763e-08
[itstep]       279    3.000         1.311e-01    -12.7194975118      3.985040e-10      1.350184e-03     -3.867165e-08
[itstep]       280    3.000         1.311e-01    -12.7194975168      3.958819e-10      1.341300e-03     -3.841720e-08
[itstep]       281    3.000         1.311e-01    -12.7194975218      3.932787e-10      1.332480e-03     -3.816458e-08
[itstep]       282    3.000         1.311e-01    -12.7194975268      3.906871e-10      1.323700e-03     -3.791309e-08
[itstep]       283    3.000         1.311e-01    -12.7194975317      3.881186e-10      1.314997e-03     -3.766383e-08
[itstep]       284    3.000         1.311e-01    -12.7194975366      3.855640e-10      1.306342e-03     -3.741593e-08
[itstep]       285    3.000         1.311e-01    -12.7194975415      3.830264e-10      1.297744e-03     -3.716968e-08
[itstep]       286    3.000         1.311e-01    -12.7194975464      3.805047e-10      1.289200e-03     -3.692496e-08
[itstep]       287    3.000         1.311e-01    -12.7194975512      3.780030e-10      1.280724e-03     -3.668219e-08
[itstep]       288    3.000         1.311e-01    -12.7194975559      3.755138e-10      1.272290e-03     -3.644063e-08
[itstep]       289    3.000         1.311e-01    -12.7194975607      3.730421e-10      1.263916e-03     -3.620078e-08
[itstep]       290    3.000         1.311e-01    -12.7194975654      3.705886e-10      1.255603e-03     -3.596269e-08
[itstep]       291    3.000         1.311e-01    -12.7194975701      3.681490e-10      1.247337e-03     -3.572594e-08
[itstep]       292    3.000         1.311e-01    -12.7194975747      3.657278e-10      1.239134e-03     -3.549098e-08
[itstep]       293    3.000         1.311e-01    -12.7194975794      3.633205e-10      1.230978e-03     -3.525737e-08
[itstep]       294    3.000         1.311e-01    -12.7194975839      3.609282e-10      1.222872e-03     -3.502522e-08
[itstep]       295    3.000         1.311e-01    -12.7194975885      3.585548e-10      1.214831e-03     -3.479489e-08
[itstep]       296    3.000         1.311e-01    -12.7194975930      3.561961e-10      1.206839e-03     -3.456601e-08
[itstep]       297    3.000         1.311e-01    -12.7194975975      3.538486e-10      1.198886e-03     -3.433820e-08
[itstep]       298    3.000         1.311e-01    -12.7194976020      3.515233e-10      1.191007e-03     -3.411255e-08
[itstep]       299    3.000         1.311e-01    -12.7194976065      3.492088e-10      1.183166e-03     -3.388795e-08
[itstep]       300    3.000         1.311e-01    -12.7194976109      3.469113e-10      1.175381e-03     -3.366499e-08
[itstep]       301    3.000         1.311e-01    -12.7194976152      3.446270e-10      1.167642e-03     -3.344331e-08
[itstep]       302    3.000         1.311e-01    -12.7194976196      3.423601e-10      1.159961e-03     -3.322333e-08
[itstep]       303    3.000         1.311e-01    -12.7194976239      3.401070e-10      1.152327e-03     -3.300469e-08
[itstep]       304    3.000         1.311e-01    -12.7194976282      3.378697e-10      1.144747e-03     -3.278757e-08
[itstep]       305    3.000         1.311e-01    -12.7194976325      3.356444e-10      1.137208e-03     -3.257163e-08
[itstep]       306    3.000         1.311e-01    -12.7194976367      3.334373e-10      1.129730e-03     -3.235744e-08
[itstep]       307    3.000         1.311e-01    -12.7194976410      3.312434e-10      1.122296e-03     -3.214455e-08
[itstep]       308    3.000         1.311e-01    -12.7194976451      3.290630e-10      1.114909e-03     -3.193295e-08
[itstep]       309    3.000         1.311e-01    -12.7194976493      3.268955e-10      1.107565e-03     -3.172262e-08
[itstep]       310    3.000         1.311e-01    -12.7194976534      3.247461e-10      1.100283e-03     -3.151403e-08
[itstep]       311    3.000         1.311e-01    -12.7194976575      3.226095e-10      1.093043e-03     -3.130669e-08
[itstep]       312    3.000         1.311e-01    -12.7194976616      3.204857e-10      1.085848e-03     -3.110060e-08
[itstep]       313    3.000         1.311e-01    -12.7194976657      3.183776e-10      1.078705e-03     -3.089602e-08
[itstep]       314    3.000         1.311e-01    -12.7194976697      3.162811e-10      1.071602e-03     -3.069257e-08
[itstep]       315    3.000         1.311e-01    -12.7194976737      3.141991e-10      1.064548e-03     -3.049053e-08
[itstep]       316    3.000         1.311e-01    -12.7194976776      3.121332e-10      1.057548e-03     -3.029005e-08
[itstep]       317    3.000         1.311e-01    -12.7194976816      3.100798e-10      1.050591e-03     -3.009078e-08
[itstep]       318    3.000         1.311e-01    -12.7194976855      3.080384e-10      1.043675e-03     -2.989269e-08
[itstep]       319    3.000         1.311e-01    -12.7194976894      3.060091e-10      1.036799e-03     -2.969576e-08
[itstep]       320    3.000         1.311e-01    -12.7194976933      3.039979e-10      1.029985e-03     -2.950059e-08
[itstep]       321    3.000         1.311e-01    -12.7194976971      3.019965e-10      1.023204e-03     -2.930636e-08
[itstep]       322    3.000         1.311e-01    -12.7194977009      3.000113e-10      1.016478e-03     -2.911372e-08
[itstep]       323    3.000         1.311e-01    -12.7194977047      2.980329e-10      1.009775e-03     -2.892173e-08
[itstep]       324    3.000         1.311e-01    -12.7194977085      2.960741e-10      1.003138e-03     -2.873164e-08
[update_dt]  (i=325) Reduced time step from   0.131072 to   0.104858
[update_E0]  (i=325) Extrapolated energy ground state E0: -12.729427
[itstep]       325    3.000         1.049e-01    -12.7194977122      2.941248e-10      9.965335e-04     -2.854248e-08
[itstep]       326    3.000         1.049e-01    -12.7241385444      3.648597e-04      3.018049e+03     -4.425842e-02
[itstep]       327    3.000         1.049e-01    -12.7252197905      8.497598e-05      7.029048e+02     -1.031157e-02
[itstep]       328    3.000         1.049e-01    -12.7255345642      2.473620e-05      2.046131e+02     -3.001915e-03
[itstep]       329    3.000         1.049e-01    -12.7256417428      8.422331e-06      6.966789e+01     -1.022135e-03
[itstep]       330    3.000         1.049e-01    -12.7256841214      3.330170e-06      2.754652e+01     -4.041534e-04
[itstep]       331    3.000         1.049e-01    -12.7257033798      1.513349e-06      1.251813e+01     -1.836625e-04
[itstep]       332    3.000         1.049e-01    -12.7257131508      7.678156e-07      6.351222e+00     -9.318346e-05
[itstep]       333    3.000         1.049e-01    -12.7257184918      4.197031e-07      3.471702e+00     -5.093594e-05
[itstep]       334    3.000         1.049e-01    -12.7257215468      2.400621e-07      1.985747e+00     -2.913439e-05
[itstep]       335    3.000         1.049e-01    -12.7257233406      1.409584e-07      1.165980e+00     -1.710698e-05
[itstep]       336    3.000         1.049e-01    -12.7257244098      8.402387e-08      6.950292e-01     -1.019730e-05
[itstep]       337    3.000         1.049e-01    -12.7257250530      5.053852e-08      4.180449e-01     -6.133454e-06
[itstep]       338    3.000         1.049e-01    -12.7257254421      3.057813e-08      2.529364e-01     -3.711022e-06
[itstep]       339    3.000         1.049e-01    -12.7257256786      1.858703e-08      1.537483e-01     -2.255759e-06
[itstep]       340    3.000         1.049e-01    -12.7257258231      1.135013e-08      9.388607e-02     -1.377474e-06
[itstep]       341    3.000         1.049e-01    -12.7257259118      6.970072e-09      5.765509e-02     -8.459018e-07
[itstep]       342    3.000         1.049e-01    -12.7257259667      4.314220e-09      3.568639e-02     -5.235823e-07
[itstep]       343    3.000         1.049e-01    -12.7257260011      2.701810e-09      2.234885e-02     -3.278970e-07
[itstep]       344    3.000         1.049e-01    -12.7257260230      1.721959e-09      1.424371e-02     -2.089804e-07
[itstep]       345    3.000         1.049e-01    -12.7257260373      1.126031e-09      9.314310e-03     -1.366573e-07
[itstep]       346    3.000         1.049e-01    -12.7257260470      7.632992e-10      6.313863e-03     -9.263550e-08
[itstep]       347    3.000         1.049e-01    -12.7257260539      5.422981e-10      4.485785e-03     -6.581438e-08
[itstep]       348    3.000         1.049e-01    -12.7257260591      4.074678e-10      3.370495e-03     -4.945110e-08
[itstep]       349    3.000         1.049e-01    -12.7257260632      3.250495e-10      2.688746e-03     -3.944865e-08
[itstep]       350    3.000         1.049e-01    -12.7257260667      2.745152e-10      2.270736e-03     -3.331570e-08
[itstep]       351    3.000         1.049e-01    -12.7257260698      2.433827e-10      2.013215e-03     -2.953741e-08
[itstep]       352    3.000         1.049e-01    -12.7257260727      2.240576e-10      1.853361e-03     -2.719208e-08
[itstep]       353    3.000         1.049e-01    -12.7257260754      2.119188e-10      1.752951e-03     -2.571888e-08
[itstep]       354    3.000         1.049e-01    -12.7257260780      2.041558e-10      1.688737e-03     -2.477675e-08
[itstep]       355    3.000         1.049e-01    -12.7257260805      1.990612e-10      1.646596e-03     -2.415846e-08
[itstep]       356    3.000         1.049e-01    -12.7257260830      1.955870e-10      1.617858e-03     -2.373683e-08
[itstep]       357    3.000         1.049e-01    -12.7257260854      1.931071e-10      1.597344e-03     -2.343586e-08
[itstep]       358    3.000         1.049e-01    -12.7257260879      1.912295e-10      1.581813e-03     -2.320799e-08
[itstep]       359    3.000         1.049e-01    -12.7257260903      1.897225e-10      1.569348e-03     -2.302510e-08
[itstep]       360    3.000         1.049e-01    -12.7257260927      1.884415e-10      1.558752e-03     -2.286964e-08
[itstep]       361    3.000         1.049e-01    -12.7257260951      1.873054e-10      1.549354e-03     -2.273176e-08
[itstep]       362    3.000         1.049e-01    -12.7257260974      1.862489e-10      1.540615e-03     -2.260353e-08
[itstep]       363    3.000         1.049e-01    -12.7257260998      1.852517e-10      1.532366e-03     -2.248251e-08
[itstep]       364    3.000         1.049e-01    -12.7257261022      1.842896e-10      1.524408e-03     -2.236575e-08
[itstep]       365    3.000         1.049e-01    -12.7257261045      1.833480e-10      1.516619e-03     -2.225147e-08
[itstep]       366    3.000         1.049e-01    -12.7257261068      1.824242e-10      1.508977e-03     -2.213936e-08
[itstep]       367    3.000         1.049e-01    -12.7257261091      1.815106e-10      1.501420e-03     -2.202848e-08
[itstep]       368    3.000         1.049e-01    -12.7257261114      1.806066e-10      1.493943e-03     -2.191877e-08
[itstep]       369    3.000         1.049e-01    -12.7257261137      1.797109e-10      1.486533e-03     -2.181007e-08
[itstep]       370    3.000         1.049e-01    -12.7257261160      1.788196e-10      1.479161e-03     -2.170190e-08
[itstep]       371    3.000         1.049e-01    -12.7257261182      1.779336e-10      1.471832e-03     -2.159438e-08
[itstep]       372    3.000         1.049e-01    -12.7257261205      1.770518e-10      1.464539e-03     -2.148736e-08
[itstep]       373    3.000         1.049e-01    -12.7257261227      1.761752e-10      1.457287e-03     -2.138098e-08
[itstep]       374    3.000         1.049e-01    -12.7257261250      1.753045e-10      1.450085e-03     -2.127530e-08
[itstep]       375    3.000         1.049e-01    -12.7257261272      1.744362e-10      1.442903e-03     -2.116993e-08
[itstep]       376    3.000         1.049e-01    -12.7257261294      1.735762e-10      1.435789e-03     -2.106556e-08
[itstep]       377    3.000         1.049e-01    -12.7257261316      1.727162e-10      1.428675e-03     -2.096119e-08
[itstep]       378    3.000         1.049e-01    -12.7257261338      1.718618e-10      1.421608e-03     -2.085749e-08
[itstep]       379    3.000         1.049e-01    -12.7257261360      1.710094e-10      1.414556e-03     -2.075404e-08
[itstep]       380    3.000         1.049e-01    -12.7257261381      1.701663e-10      1.407582e-03     -2.065171e-08
[itstep]       381    3.000         1.049e-01    -12.7257261403      1.693250e-10      1.400623e-03     -2.054961e-08
[itstep]       382    3.000         1.049e-01    -12.7257261424      1.684866e-10      1.393688e-03     -2.044787e-08
[itstep]       383    3.000         1.049e-01    -12.7257261446      1.676531e-10      1.386794e-03     -2.034671e-08
[itstep]       384    3.000         1.049e-01    -12.7257261467      1.668244e-10      1.379939e-03     -2.024614e-08
[itstep]       385    3.000         1.049e-01    -12.7257261488      1.659986e-10      1.373108e-03     -2.014592e-08
[itstep]       386    3.000         1.049e-01    -12.7257261509      1.651777e-10      1.366318e-03     -2.004629e-08
[itstep]       387    3.000         1.049e-01    -12.7257261530      1.643623e-10      1.359573e-03     -1.994734e-08
[itstep]       388    3.000         1.049e-01    -12.7257261551      1.635460e-10      1.352821e-03     -1.984827e-08
[itstep]       389    3.000         1.049e-01    -12.7257261571      1.627412e-10      1.346163e-03     -1.975059e-08
[itstep]       390    3.000         1.049e-01    -12.7257261592      1.619349e-10      1.339494e-03     -1.965274e-08
[itstep]       391    3.000         1.049e-01    -12.7257261612      1.611321e-10      1.332854e-03     -1.955531e-08
[itstep]       392    3.000         1.049e-01    -12.7257261633      1.603376e-10      1.326281e-03     -1.945889e-08
[itstep]       393    3.000         1.049e-01    -12.7257261653      1.595431e-10      1.319709e-03     -1.936246e-08
[itstep]       394    3.000         1.049e-01    -12.7257261673      1.587558e-10      1.313197e-03     -1.926692e-08
[itstep]       395    3.000         1.049e-01    -12.7257261693      1.579679e-10      1.306680e-03     -1.917130e-08
[itstep]       396    3.000         1.049e-01    -12.7257261713      1.571900e-10      1.300245e-03     -1.907689e-08
[itstep]       397    3.000         1.049e-01    -12.7257261733      1.564093e-10      1.293787e-03     -1.898214e-08
[itstep]       398    3.000         1.049e-01    -12.7257261753      1.556367e-10      1.287397e-03     -1.888838e-08
[itstep]       399    3.000         1.049e-01    -12.7257261773      1.548687e-10      1.281044e-03     -1.879517e-08
[itstep]       400    3.000         1.049e-01    -12.7257261793      1.541007e-10      1.274691e-03     -1.870196e-08
[itstep]       401    3.000         1.049e-01    -12.7257261812      1.533396e-10      1.268396e-03     -1.860960e-08
[itstep]       402    3.000         1.049e-01    -12.7257261831      1.525806e-10      1.262117e-03     -1.851748e-08
[itstep]       403    3.000         1.049e-01    -12.7257261851      1.518264e-10      1.255878e-03     -1.842595e-08
[itstep]       404    3.000         1.049e-01    -12.7257261870      1.510751e-10      1.249664e-03     -1.833477e-08
[itstep]       405    3.000         1.049e-01    -12.7257261889      1.503297e-10      1.243498e-03     -1.824431e-08
[itstep]       406    3.000         1.049e-01    -12.7257261908      1.495856e-10      1.237343e-03     -1.815400e-08
[itstep]       407    3.000         1.049e-01    -12.7257261927      1.488438e-10      1.231207e-03     -1.806398e-08
[itstep]       408    3.000         1.049e-01    -12.7257261946      1.481087e-10      1.225127e-03     -1.797477e-08
[itstep]       409    3.000         1.049e-01    -12.7257261965      1.473763e-10      1.219068e-03     -1.788588e-08
[itstep]       410    3.000         1.049e-01    -12.7257261983      1.466457e-10      1.213025e-03     -1.779721e-08
[itstep]       411    3.000         1.049e-01    -12.7257262002      1.459229e-10      1.207046e-03     -1.770949e-08
[itstep]       412    3.000         1.049e-01    -12.7257262020      1.452007e-10      1.201072e-03     -1.762184e-08
[itstep]       413    3.000         1.049e-01    -12.7257262039      1.444829e-10      1.195135e-03     -1.753473e-08
[itstep]       414    3.000         1.049e-01    -12.7257262057      1.437664e-10      1.189208e-03     -1.744778e-08
[itstep]       415    3.000         1.049e-01    -12.7257262075      1.430579e-10      1.183347e-03     -1.736179e-08
[itstep]       416    3.000         1.049e-01    -12.7257262093      1.423482e-10      1.177477e-03     -1.727566e-08
[itstep]       417    3.000         1.049e-01    -12.7257262111      1.416461e-10      1.171669e-03     -1.719045e-08
[itstep]       418    3.000         1.049e-01    -12.7257262129      1.409438e-10      1.165860e-03     -1.710522e-08
[itstep]       419    3.000         1.049e-01    -12.7257262147      1.402457e-10      1.160086e-03     -1.702050e-08
[itstep]       420    3.000         1.049e-01    -12.7257262165      1.395555e-10      1.154376e-03     -1.693673e-08
[itstep]       421    3.000         1.049e-01    -12.7257262183      1.388617e-10      1.148637e-03     -1.685253e-08
[itstep]       422    3.000         1.049e-01    -12.7257262200      1.381783e-10      1.142984e-03     -1.676959e-08
[itstep]       423    3.000         1.049e-01    -12.7257262218      1.374919e-10      1.137307e-03     -1.668629e-08
[itstep]       424    3.000         1.049e-01    -12.7257262235      1.368134e-10      1.131694e-03     -1.660395e-08
[itstep]       425    3.000         1.049e-01    -12.7257262252      1.361378e-10      1.126106e-03     -1.652195e-08
[itstep]       426    3.000         1.049e-01    -12.7257262270      1.354623e-10      1.120518e-03     -1.643998e-08
[itstep]       427    3.000         1.049e-01    -12.7257262287      1.347945e-10      1.114994e-03     -1.635893e-08
[itstep]       428    3.000         1.049e-01    -12.7257262304      1.341258e-10      1.109462e-03     -1.627777e-08
[itstep]       429    3.000         1.049e-01    -12.7257262321      1.334637e-10      1.103986e-03     -1.619742e-08
[itstep]       430    3.000         1.049e-01    -12.7257262338      1.328030e-10      1.098521e-03     -1.611724e-08
[itstep]       431    3.000         1.049e-01    -12.7257262355      1.321463e-10      1.093088e-03     -1.603754e-08
[itstep]       432    3.000         1.049e-01    -12.7257262371      1.314925e-10      1.087680e-03     -1.595819e-08
[itstep]       433    3.000         1.049e-01    -12.7257262388      1.308435e-10      1.082312e-03     -1.587943e-08
[itstep]       434    3.000         1.049e-01    -12.7257262405      1.301937e-10      1.076937e-03     -1.580057e-08
[itstep]       435    3.000         1.049e-01    -12.7257262421      1.295525e-10      1.071633e-03     -1.572274e-08
[itstep]       436    3.000         1.049e-01    -12.7257262437      1.289101e-10      1.066319e-03     -1.564478e-08
[itstep]       437    3.000         1.049e-01    -12.7257262454      1.282737e-10      1.061055e-03     -1.556755e-08
[itstep]       438    3.000         1.049e-01    -12.7257262470      1.276379e-10      1.055796e-03     -1.549039e-08
[itstep]       439    3.000         1.049e-01    -12.7257262486      1.270088e-10      1.050592e-03     -1.541403e-08
[itstep]       440    3.000         1.049e-01    -12.7257262502      1.263764e-10      1.045361e-03     -1.533729e-08
[itstep]       441    3.000         1.049e-01    -12.7257262518      1.257565e-10      1.040234e-03     -1.526206e-08
[itstep]       442    3.000         1.049e-01    -12.7257262534      1.251316e-10      1.035064e-03     -1.518622e-08
[itstep]       443    3.000         1.049e-01    -12.7257262550      1.245135e-10      1.029951e-03     -1.511120e-08
[itstep]       444    3.000         1.049e-01    -12.7257262566      1.238989e-10      1.024868e-03     -1.503661e-08
[itstep]       445    3.000         1.049e-01    -12.7257262582      1.232840e-10      1.019781e-03     -1.496199e-08
[itstep]       446    3.000         1.049e-01    -12.7257262597      1.226746e-10      1.014740e-03     -1.488803e-08
[itstep]       447    3.000         1.049e-01    -12.7257262613      1.220694e-10      1.009735e-03     -1.481459e-08
[itstep]       448    3.000         1.049e-01    -12.7257262628      1.214635e-10      1.004722e-03     -1.474105e-08
[update_dt]  (i=449) Reduced time step from   0.104858 to   0.083886
[update_E0]  (i=449) Extrapolated energy ground state E0: -12.730047
[itstep]       449    3.000         8.389e-02    -12.7257262643      1.208640e-10      9.997632e-04     -1.466829e-08

[info]       steps       dt                E0                 E
[output]       450    0.084    -12.7300474279    -12.7257262643
