[conf]                N               2
[conf]                J            1.793
[conf]             beta           1.000
[conf]              dt0       4.000e-01
[conf]        eps_trunc       1.000e-04
[conf]           eps_dt       9.000e-02
[conf]          eps_tol       1.000e-03
[conf]             Dmax              10
[conf]           dt_red           0.800
[conf]         phys_gap       1.000e-03
[info]           i      MBD                dt                 E           rel_err           exp_err             slope
[itstep]         0    2.000         4.000e-01     -2.3194030613      1.000000e+00      1.000000e-03     -8.330292e+00
[itstep]         1    2.000         4.000e-01     -2.6363526439      1.366514e-01      5.337944e+03     -7.923740e-01
[itstep]         2    2.000         4.000e-01     -2.6528086916      6.241975e-03      2.438272e+02     -4.114012e-02
[itstep]         3    2.000         4.000e-01     -2.6593431692      2.463230e-03      9.621992e+01     -1.633619e-02
[itstep]         4    2.000         4.000e-01     -2.6625030736      1.188227e-03      4.641513e+01     -7.899761e-03
[itstep]         5    2.000         4.000e-01     -2.6639505264      5.436436e-04      2.123608e+01     -3.618632e-03
[itstep]         6    2.000         4.000e-01     -2.6646013935      2.443240e-04      9.543906e+00     -1.627168e-03
[itstep]         7    2.000         4.000e-01     -2.6648925364      1.092632e-04      4.268094e+00     -7.278573e-04
[itstep]         8    2.000         4.000e-01     -2.6650225691      4.879472e-05      1.906044e+00     -3.250817e-04
[itstep]         9    2.000         4.000e-01     -2.6650806168      2.178133e-05      8.508332e-01     -1.451193e-04
[itstep]        10    2.000         4.000e-01     -2.6651065253      9.721486e-06      3.797455e-01     -6.477136e-05
[itstep]        11    2.000         4.000e-01     -2.6651180884      4.338678e-06      1.694796e-01     -2.890760e-05
[itstep]        12    2.000         4.000e-01     -2.6651232488      1.936301e-06      7.563678e-02     -1.290118e-05
[itstep]        13    2.000         4.000e-01     -2.6651255519      8.641410e-07      3.375551e-02     -5.757605e-06
[itstep]        14    2.000         4.000e-01     -2.6651265797      3.856511e-07      1.506450e-02     -2.569521e-06
[itstep]        15    2.000         4.000e-01     -2.6651270384      1.721091e-07      6.723011e-03     -1.146731e-06
[itstep]        16    2.000         4.000e-01     -2.6651272431      7.680910e-08      3.000355e-03     -5.117650e-07
[itstep]        17    2.000         4.000e-01     -2.6651273345      3.427847e-08      1.339003e-03     -2.283912e-07
[update_dt]  (i= 18) Reduced time step from   0.400000 to   0.320000
[update_E0]  (i= 18) Extrapolated energy ground state E0:  -5.216692
[itstep]        18    2.000         3.200e-01     -2.6651273752      1.529784e-08      5.975719e-04     -1.019267e-07
[itstep]        19    2.000         3.200e-01     -2.6751938442      3.777106e-03      3.602129e+02     -3.145772e-02
[itstep]        20    2.000         3.200e-01     -2.6765870994      5.208053e-04      4.966787e+01     -4.353923e-03
[itstep]        21    2.000         3.200e-01     -2.6768153856      8.529003e-05      8.133891e+00     -7.133943e-04
[itstep]        22    2.000         3.200e-01     -2.6768540679      1.445087e-05      1.378142e+00     -1.208822e-04
[itstep]        23    2.000         3.200e-01     -2.6768606619      2.463306e-06      2.349192e-01     -2.060597e-05
[itstep]        24    2.000         3.200e-01     -2.6768617873      4.204469e-07      4.009694e-02     -3.517118e-06
[itstep]        25    2.000         3.200e-01     -2.6768619796      7.184083e-08      6.851275e-03     -6.009624e-07
[itstep]        26    2.000         3.200e-01     -2.6768620126      1.231044e-08      1.174015e-03     -1.029792e-07
[update_dt]  (i= 27) Reduced time step from   0.320000 to   0.256000
[update_E0]  (i= 27) Extrapolated energy ground state E0:  -2.685003
[itstep]        27    2.000         2.560e-01     -2.6768620183      2.128177e-09      2.029588e-04     -1.780261e-08
[itstep]        28    2.000         2.560e-01     -2.6810476359      1.563628e-03      3.640606e+02     -1.635007e-02
[itstep]        29    2.000         2.560e-01     -2.6818870494      3.130916e-04      7.289732e+01     -3.278959e-03
[itstep]        30    2.000         2.560e-01     -2.6820821941      7.276395e-05      1.694168e+01     -7.622840e-04
[itstep]        31    2.000         2.560e-01     -2.6821295617      1.766076e-05      4.111966e+00     -1.850297e-04
[itstep]        32    2.000         2.560e-01     -2.6821411880      4.334724e-06      1.009257e+00     -4.541521e-05
[itstep]        33    2.000         2.560e-01     -2.6821440496      1.066902e-06      2.484075e-01     -1.117806e-05
[itstep]        34    2.000         2.560e-01     -2.6821447544      2.627771e-07      6.118255e-02     -2.753148e-06
[itstep]        35    2.000         2.560e-01     -2.6821449280      6.473297e-08      1.507182e-02     -6.782156e-07
[itstep]        36    2.000         2.560e-01     -2.6821449708      1.594724e-08      3.713006e-03     -1.670813e-07
[update_dt]  (i= 37) Reduced time step from   0.256000 to   0.204800
[update_E0]  (i= 37) Extrapolated energy ground state E0:  -2.685810
[itstep]        37    2.000         2.048e-01     -2.6821449813      3.928793e-09      9.147433e-04     -4.116247e-08
[itstep]        38    2.000         2.048e-01     -2.6837944976      6.149989e-04      3.495864e+02     -8.054279e-03
[itstep]        39    2.000         2.048e-01     -2.6842402379      1.660859e-04      9.440888e+01     -2.176466e-03
[itstep]        40    2.000         2.048e-01     -2.6843762611      5.067474e-05      2.880525e+01     -6.641757e-04
[itstep]        41    2.000         2.048e-01     -2.6844198122      1.622394e-05      9.222240e+00     -2.126521e-04
[itstep]        42    2.000         2.048e-01     -2.6844339932      5.282688e-06      3.002860e+00     -6.924293e-05
[itstep]        43    2.000         2.048e-01     -2.6844386370      1.729883e-06      9.833245e-01     -2.267459e-05
[itstep]        44    2.000         2.048e-01     -2.6844401605      5.675358e-07      3.226068e-01     -7.439038e-06
[itstep]        45    2.000         2.048e-01     -2.6844406606      1.863108e-07      1.059054e-01     -2.442091e-06
[itstep]        46    2.000         2.048e-01     -2.6844408248      6.117460e-08      3.477373e-02     -8.018534e-07
[itstep]        47    2.000         2.048e-01     -2.6844408787      2.008783e-08      1.141861e-02     -2.633037e-07
[itstep]        48    2.000         2.048e-01     -2.6844408965      6.596366e-09      3.749600e-03     -8.646267e-08
[itstep]        49    2.000         2.048e-01     -2.6844409023      2.166104e-09      1.231288e-03     -2.839247e-08
[update_dt]  (i= 50) Reduced time step from   0.204800 to   0.163840
[update_E0]  (i= 50) Extrapolated energy ground state E0:  -2.686034
[itstep]        50    2.000         1.638e-01     -2.6844409042      7.113040e-10      4.043295e-04     -9.323503e-09
[itstep]        51    2.000         1.638e-01     -2.6850658351      2.327974e-04      3.230713e+02     -3.814276e-03
[itstep]        52    2.000         1.638e-01     -2.6852810047      8.013567e-05      1.112106e+02     -1.313291e-03
[itstep]        53    2.000         1.638e-01     -2.6853624617      3.033465e-05      4.209779e+01     -4.971745e-04
[itstep]        54    2.000         1.638e-01     -2.6853947953      1.204067e-05      1.670979e+01     -1.973485e-04
[itstep]        55    2.000         1.638e-01     -2.6854079059      4.882198e-06      6.775410e+00     -8.002093e-05
[itstep]        56    2.000         1.638e-01     -2.6854132706      1.997724e-06      2.772398e+00     -3.274355e-05
[itstep]        57    2.000         1.638e-01     -2.6854154742      8.205596e-07      1.138755e+00     -1.344935e-05
[itstep]        58    2.000         1.638e-01     -2.6854163807      3.375754e-07      4.684800e-01     -5.533021e-06
[itstep]        59    2.000         1.638e-01     -2.6854167539      1.389680e-07      1.928568e-01     -2.277752e-06
[itstep]        60    2.000         1.638e-01     -2.6854169076      5.722364e-08      7.941375e-02     -9.379230e-07
[itstep]        61    2.000         1.638e-01     -2.6854169709      2.356591e-08      3.270428e-02     -3.862567e-07
[itstep]        62    2.000         1.638e-01     -2.6854169969      9.705390e-09      1.346893e-02     -1.590760e-07
[itstep]        63    2.000         1.638e-01     -2.6854170077      3.997143e-09      5.547151e-03     -6.551512e-08
[itstep]        64    2.000         1.638e-01     -2.6854170121      1.646228e-09      2.284601e-03     -2.698248e-08
[update_dt]  (i= 65) Reduced time step from   0.163840 to   0.131072
[update_E0]  (i= 65) Extrapolated energy ground state E0:  -2.686094
[itstep]        65    2.000         1.311e-01     -2.6854170139      6.780037e-10      9.409192e-04     -1.111281e-08
[itstep]        66    2.000         1.311e-01     -2.6856468102      8.557192e-05      2.899289e+02     -1.753207e-03
[itstep]        67    2.000         1.311e-01     -2.6857432642      3.591462e-05      1.216835e+02     -7.358856e-04
[itstep]        68    2.000         1.311e-01     -2.6857867184      1.617958e-05      5.481854e+01     -3.315292e-04
[itstep]        69    2.000         1.311e-01     -2.6858071417      7.604233e-06      2.576414e+01     -1.558178e-04
[itstep]        70    2.000         1.311e-01     -2.6858169655      3.657655e-06      1.239262e+01     -7.494931e-05
[itstep]        71    2.000         1.311e-01     -2.6858217480      1.780662e-06      6.033116e+00     -3.648782e-05
[itstep]        72    2.000         1.311e-01     -2.6858240906      8.721858e-07      2.955081e+00     -1.787213e-05
[itstep]        73    2.000         1.311e-01     -2.6858252415      4.285090e-07      1.451845e+00     -8.780668e-06
[itstep]        74    2.000         1.311e-01     -2.6858258078      2.108469e-07      7.143771e-01     -4.320510e-06
[itstep]        75    2.000         1.311e-01     -2.6858260866      1.038243e-07      3.517705e-01     -2.127488e-06
[itstep]        76    2.000         1.311e-01     -2.6858262240      5.114359e-08      1.732812e-01     -1.047995e-06
[itstep]        77    2.000         1.311e-01     -2.6858262916      2.519778e-08      8.537341e-02     -5.163335e-07
[itstep]        78    2.000         1.311e-01     -2.6858263250      1.241573e-08      4.206614e-02     -2.544136e-07
[itstep]        79    2.000         1.311e-01     -2.6858263414      6.117890e-09      2.072822e-02     -1.253631e-07
[itstep]        80    2.000         1.311e-01     -2.6858263495      3.014674e-09      1.021411e-02     -6.177437e-08
[itstep]        81    2.000         1.311e-01     -2.6858263535      1.485538e-09      5.033198e-03     -3.044050e-08
[itstep]        82    2.000         1.311e-01     -2.6858263555      7.320303e-10      2.480215e-03     -1.500020e-08
[itstep]        83    2.000         1.311e-01     -2.6858263564      3.607249e-10      1.222184e-03     -7.391697e-09
[update_dt]  (i= 84) Reduced time step from   0.131072 to   0.104858
[update_E0]  (i= 84) Extrapolated energy ground state E0:  -2.686110
[itstep]        84    2.000         1.049e-01     -2.6858263569      1.777558e-10      6.022601e-04     -3.642435e-09
[itstep]        85    2.000         1.049e-01     -2.6859089221      3.074107e-05      2.542841e+02     -7.874028e-04
[itstep]        86    2.000         1.049e-01     -2.6859496877      1.517759e-05      1.255461e+02     -3.887713e-04
[itstep]        87    2.000         1.049e-01     -2.6859708664      7.884978e-06      6.522301e+01     -2.019754e-04
[itstep]        88    2.000         1.049e-01     -2.6859822599      4.241850e-06      3.508776e+01     -1.086568e-04
[itstep]        89    2.000         1.049e-01     -2.6859885272      2.333364e-06      1.930113e+01     -5.977033e-05
[itstep]        90    2.000         1.049e-01     -2.6859920219      1.301072e-06      1.076221e+01     -3.332771e-05
[itstep]        91    2.000         1.049e-01     -2.6859939862      7.313198e-07      6.049335e+00     -1.873321e-05
[itstep]        92    2.000         1.049e-01     -2.6859950955      4.129927e-07      3.416195e+00     -1.057907e-05
[itstep]        93    2.000         1.049e-01     -2.6859957236      2.338547e-07      1.934401e+00     -5.990339e-06
[itstep]        94    2.000         1.049e-01     -2.6859960799      1.326231e-07      1.097033e+00     -3.397227e-06
[itstep]        95    2.000         1.049e-01     -2.6859962821      7.527909e-08      6.226940e-01     -1.928323e-06
[itstep]        96    2.000         1.049e-01     -2.6859963969      4.275109e-08      3.536287e-01     -1.095097e-06
[itstep]        97    2.000         1.049e-01     -2.6859964621      2.428532e-08      2.008834e-01     -6.220844e-07
[itstep]        98    2.000         1.049e-01     -2.6859964992      1.379783e-08      1.141330e-01     -3.534406e-07
[itstep]        99    2.000         1.049e-01     -2.6859965202      7.840036e-09      6.485126e-02     -2.008277e-07
[itstep]       100    2.000         1.049e-01     -2.6859965322      4.455003e-09      3.685092e-02     -1.141178e-07
[itstep]       101    2.000         1.049e-01     -2.6859965390      2.531575e-09      2.094070e-02     -6.484797e-08
[itstep]       102    2.000         1.049e-01     -2.6859965429      1.438604e-09      1.189985e-02     -3.685078e-08
[itstep]       103    2.000         1.049e-01     -2.6859965451      8.175144e-10      6.762321e-03     -2.094117e-08
[itstep]       104    2.000         1.049e-01     -2.6859965463      4.645713e-10      3.842844e-03     -1.190030e-08
[itstep]       105    2.000         1.049e-01     -2.6859965470      2.640041e-10      2.183791e-03     -6.762639e-09
[itstep]       106    2.000         1.049e-01     -2.6859965474      1.500258e-10      1.240984e-03     -3.843010e-09
[update_dt]  (i=107) Reduced time step from   0.104858 to   0.083886
[update_E0]  (i=107) Extrapolated energy ground state E0:  -2.686115
[itstep]       107    2.000         8.389e-02     -2.6859965477      8.525714e-11      7.052305e-04     -2.183918e-09

[info]       steps       dt                E0                 E
[output]       108    0.084     -2.6861146204     -2.6859965477
