[conf]                N               2
[conf]                J            3.310
[conf]             beta           1.000
[conf]              dt0       4.000e-01
[conf]        eps_trunc       1.000e-04
[conf]           eps_dt       9.000e-02
[conf]          eps_tol       1.000e-03
[conf]             Dmax              10
[conf]           dt_red           0.800
[conf]         phys_gap       1.000e-03
[info]           i      MBD                dt                 E           rel_err           exp_err             slope
[itstep]         0    2.000         4.000e-01     -3.5873772075      1.000000e+00      1.000000e-03     -1.297891e+01
[itstep]         1    2.000         4.000e-01     -3.6914559755      2.901250e-02      1.133301e+03     -2.601969e-01
[itstep]         2    2.000         4.000e-01     -3.7149143979      6.354789e-03      2.482339e+02     -5.864606e-02
[itstep]         3    2.000         4.000e-01     -3.7282537962      3.590769e-03      1.402644e+02     -3.334850e-02
[itstep]         4    2.000         4.000e-01     -3.7356060681      1.972042e-03      7.703288e+01     -1.838068e-02
[itstep]         5    2.000         4.000e-01     -3.7395664061      1.060159e-03      4.141248e+01     -9.900845e-03
[itstep]         6    2.000         4.000e-01     -3.7416730934      5.633507e-04      2.200589e+01     -5.266718e-03
[itstep]         7    2.000         4.000e-01     -3.7427862644      2.975062e-04      1.162134e+01     -2.782928e-03
[itstep]         8    2.000         4.000e-01     -3.7433723831      1.565996e-04      6.117170e+00     -1.465297e-03
[itstep]         9    2.000         4.000e-01     -3.7436804171      8.228784e-05      3.214369e+00     -7.700851e-04
[itstep]        10    2.000         4.000e-01     -3.7438421453      4.320031e-05      1.687512e+00     -4.043204e-04
[itstep]        11    2.000         4.000e-01     -3.7439270142      2.266894e-05      8.855056e-01     -2.121724e-04
[itstep]        12    2.000         4.000e-01     -3.7439715383      1.189233e-05      4.645443e-01     -1.113101e-04
[itstep]        13    2.000         4.000e-01     -3.7439948932      6.238009e-06      2.436722e-01     -5.838732e-05
[itstep]        14    2.000         4.000e-01     -3.7440071430      3.271862e-06      1.278071e-01     -3.062459e-05
[itstep]        15    2.000         4.000e-01     -3.7440135679      1.716044e-06      6.703296e-02     -1.606220e-05
[itstep]        16    2.000         4.000e-01     -3.7440169376      9.000228e-07      3.515714e-02     -8.424244e-06
[itstep]        17    2.000         4.000e-01     -3.7440187049      4.720352e-07      1.843887e-02     -4.418269e-06
[itstep]        18    2.000         4.000e-01     -3.7440196318      2.475671e-07      9.670590e-03     -2.317240e-06
[itstep]        19    2.000         4.000e-01     -3.7440201180      1.298405e-07      5.071896e-03     -1.215314e-06
[itstep]        20    2.000         4.000e-01     -3.7440203729      6.809686e-08      2.660033e-03     -6.373900e-07
[itstep]        21    2.000         4.000e-01     -3.7440205066      3.571441e-08      1.395094e-03     -3.342887e-07
[update_dt]  (i= 22) Reduced time step from   0.400000 to   0.320000
[update_E0]  (i= 22) Extrapolated energy ground state E0:  -7.454430
[itstep]        22    2.000         3.200e-01     -3.7440205768      1.873095e-08      7.316777e-04     -1.753226e-07
[itstep]        23    2.000         3.200e-01     -3.8054718619      1.641318e-02      1.565283e+03     -1.920353e-01
[itstep]        24    2.000         3.200e-01     -3.8092682437      9.976113e-04      9.513963e+01     -1.186369e-02
[itstep]        25    2.000         3.200e-01     -3.8095498023      7.391411e-05      7.048999e+00     -8.798708e-04
[itstep]        26    2.000         3.200e-01     -3.8095710202      5.569657e-06      5.311639e-01     -6.630589e-05
[itstep]        27    2.000         3.200e-01     -3.8095726251      4.212678e-07      4.017522e-02     -5.015154e-06
[itstep]        28    2.000         3.200e-01     -3.8095727490      3.252274e-08      3.101610e-03     -3.871805e-07
[update_dt]  (i= 29) Reduced time step from   0.320000 to   0.256000
[update_E0]  (i= 29) Extrapolated energy ground state E0:  -3.855051
[itstep]        29    2.000         2.560e-01     -3.8095727601      2.921736e-09      2.786384e-04     -3.478302e-08
[itstep]        30    2.000         2.560e-01     -3.8381820262      7.509836e-03      1.748520e+03     -1.117549e-01
[itstep]        31    2.000         2.560e-01     -3.8412026584      7.869956e-04      1.832367e+02     -1.179934e-02
[itstep]        32    2.000         2.560e-01     -3.8415839511      9.926388e-05      2.311167e+01     -1.489425e-03
[itstep]        33    2.000         2.560e-01     -3.8416333918      1.286988e-05      2.996503e+00     -1.931279e-04
[itstep]        34    2.000         2.560e-01     -3.8416398257      1.674778e-06      3.899397e-01     -2.513236e-05
[itstep]        35    2.000         2.560e-01     -3.8416406635      2.180785e-07      5.077535e-02     -3.272574e-06
[itstep]        36    2.000         2.560e-01     -3.8416407727      2.842185e-08      6.617477e-03     -4.265099e-07
[update_dt]  (i= 37) Reduced time step from   0.256000 to   0.204800
[update_E0]  (i= 37) Extrapolated energy ground state E0:  -3.863889
[itstep]        37    2.000         2.048e-01     -3.8416407869      3.720766e-09      8.663082e-04     -5.583533e-08
[itstep]        38    2.000         2.048e-01     -3.8539081343      3.193257e-03      1.815157e+03     -5.989916e-02
[itstep]        39    2.000         2.048e-01     -3.8558854532      5.130685e-04      2.916457e+02     -9.654877e-03
[itstep]        40    2.000         2.048e-01     -3.8562603935      9.723845e-05      5.527366e+01     -1.830763e-03
[itstep]        41    2.000         2.048e-01     -3.8563342412      1.915006e-05      1.088555e+01     -3.605840e-04
[itstep]        42    2.000         2.048e-01     -3.8563489003      3.801307e-06      2.160793e+00     -7.157768e-05
[itstep]        43    2.000         2.048e-01     -3.8563518147      7.557602e-07      4.295999e-01     -1.423083e-05
[itstep]        44    2.000         2.048e-01     -3.8563523944      1.503061e-07      8.543914e-02     -2.830241e-06
[itstep]        45    2.000         2.048e-01     -3.8563525097      2.989614e-08      1.699399e-02     -5.629396e-07
[itstep]        46    2.000         2.048e-01     -3.8563525326      5.947447e-09      3.380732e-03     -1.119895e-07
[update_dt]  (i= 47) Reduced time step from   0.204800 to   0.163840
[update_E0]  (i= 47) Extrapolated energy ground state E0:  -3.866559
[itstep]        47    2.000         1.638e-01     -3.8563525372      1.183929e-09      6.729855e-04     -2.229319e-08
[itstep]        48    2.000         1.638e-01     -3.8613068099      1.284704e-03      1.782885e+03     -3.023848e-02
[itstep]        49    2.000         1.638e-01     -3.8624273477      2.901965e-04      4.027285e+02     -6.839219e-03
[itstep]        50    2.000         1.638e-01     -3.8627184539      7.536874e-05      1.045951e+02     -1.776772e-03
[itstep]        51    2.000         1.638e-01     -3.8627976282      2.049703e-05      2.844535e+01     -4.832414e-04
[itstep]        52    2.000         1.638e-01     -3.8628194524      5.649834e-06      7.840719e+00     -1.332041e-04
[itstep]        53    2.000         1.638e-01     -3.8628254909      1.563237e-06      2.169427e+00     -3.685608e-05
[itstep]        54    2.000         1.638e-01     -3.8628271634      4.329836e-07      6.008854e-01     -1.020837e-05
[itstep]        55    2.000         1.638e-01     -3.8628276268      1.199625e-07      1.664814e-01     -2.828334e-06
[itstep]        56    2.000         1.638e-01     -3.8628277552      3.323958e-08      4.612919e-02     -7.836840e-07
[itstep]        57    2.000         1.638e-01     -3.8628277908      9.210399e-09      1.278200e-02     -2.171520e-07
[itstep]        58    2.000         1.638e-01     -3.8628278007      2.552188e-09      3.541872e-03     -6.017250e-08
[update_dt]  (i= 59) Reduced time step from   0.163840 to   0.131072
[update_E0]  (i= 59) Extrapolated energy ground state E0:  -3.867320
[itstep]        59    2.000         1.311e-01     -3.8628278034      7.072496e-10      9.815060e-04     -1.667470e-08
[itstep]        60    2.000         1.311e-01     -3.8647417890      4.954882e-04      1.678779e+03     -1.460255e-02
[itstep]        61    2.000         1.311e-01     -3.8653113741      1.473799e-04      4.993424e+02     -4.345589e-03
[itstep]        62    2.000         1.311e-01     -3.8655008918      4.903038e-05      1.661214e+02     -1.445905e-03
[itstep]        63    2.000         1.311e-01     -3.8655670843      1.712391e-05      5.801807e+01     -5.050087e-04
[itstep]        64    2.000         1.311e-01     -3.8655906421      6.094266e-06      2.064818e+01     -1.797317e-04
[itstep]        65    2.000         1.311e-01     -3.8655990848      2.184067e-06      7.399907e+00     -6.441276e-05
[itstep]        66    2.000         1.311e-01     -3.8656021182      7.847122e-07      2.658708e+00     -2.314287e-05
[itstep]        67    2.000         1.311e-01     -3.8656032090      2.821968e-07      9.561198e-01     -8.322604e-06
[itstep]        68    2.000         1.311e-01     -3.8656036015      1.015165e-07      3.439514e-01     -2.993947e-06
[itstep]        69    2.000         1.311e-01     -3.8656037426      3.652356e-08      1.237466e-01     -1.077161e-06
[itstep]        70    2.000         1.311e-01     -3.8656037934      1.314099e-08      4.452340e-02     -3.875569e-07
[itstep]        71    2.000         1.311e-01     -3.8656038117      4.728136e-09      1.601955e-02     -1.394432e-07
[itstep]        72    2.000         1.311e-01     -3.8656038183      1.701201e-09      5.763893e-03     -5.017219e-08
[itstep]        73    2.000         1.311e-01     -3.8656038207      6.121008e-10      2.073878e-03     -1.805221e-08
[update_dt]  (i= 74) Reduced time step from   0.131072 to   0.104858
[update_E0]  (i= 74) Extrapolated energy ground state E0:  -3.867530
[itstep]        74    2.000         1.049e-01     -3.8656038215      2.202398e-10      7.462015e-04     -6.495360e-09
[itstep]        75    2.000         1.049e-01     -3.8663187573      1.849480e-04      1.529854e+03     -6.818159e-03
[itstep]        76    2.000         1.049e-01     -3.8665849432      6.884738e-05      5.694922e+02     -2.538547e-03
[itstep]        77    2.000         1.049e-01     -3.8666929019      2.792093e-05      2.309566e+02     -1.029574e-03
[itstep]        78    2.000         1.049e-01     -3.8667387474      1.185651e-05      9.807473e+01     -4.372165e-04
[itstep]        79    2.000         1.049e-01     -3.8667586560      5.148694e-06      4.258900e+01     -1.898637e-04
[itstep]        80    2.000         1.049e-01     -3.8667673912      2.259051e-06      1.868643e+01     -8.330541e-05
[itstep]        81    2.000         1.049e-01     -3.8667712418      9.958193e-07      8.237224e+00     -3.672220e-05
[itstep]        82    2.000         1.049e-01     -3.8667729428      4.398849e-07      3.638643e+00     -1.622137e-05
[itstep]        83    2.000         1.049e-01     -3.8667736948      1.944909e-07      1.608791e+00     -7.172127e-06
[itstep]        84    2.000         1.049e-01     -3.8667740275      8.602751e-08      7.116029e-01     -3.172387e-06
[itstep]        85    2.000         1.049e-01     -3.8667741746      3.805873e-08      3.148145e-01     -1.403470e-06
[itstep]        86    2.000         1.049e-01     -3.8667742398      1.683861e-08      1.392857e-01     -6.209477e-07
[itstep]        87    2.000         1.049e-01     -3.8667742686      7.450294e-09      6.162739e-02     -2.747403e-07
[itstep]        88    2.000         1.049e-01     -3.8667742813      3.296459e-09      2.726767e-02     -1.215616e-07
[itstep]        89    2.000         1.049e-01     -3.8667742870      1.458562e-09      1.206494e-02     -5.378655e-08
[itstep]        90    2.000         1.049e-01     -3.8667742894      6.453628e-10      5.338316e-03     -2.379868e-08
[itstep]        91    2.000         1.049e-01     -3.8667742906      2.855511e-10      2.362023e-03     -1.053011e-08
[itstep]        92    2.000         1.049e-01     -3.8667742910      1.263461e-10      1.045110e-03     -4.659194e-09
[update_dt]  (i= 93) Reduced time step from   0.104858 to   0.083886
[update_E0]  (i= 93) Extrapolated energy ground state E0:  -3.867586
[itstep]        93    2.000         8.389e-02     -3.8667742913      5.590407e-11      4.624276e-04     -2.061543e-09

[info]       steps       dt                E0                 E
[output]        94    0.084     -3.8675863245     -3.8667742913
