[conf]                N               2
[conf]                J            3.172
[conf]             beta           1.000
[conf]              dt0       4.000e-01
[conf]        eps_trunc       1.000e-04
[conf]           eps_dt       9.000e-02
[conf]          eps_tol       1.000e-03
[conf]             Dmax              10
[conf]           dt_red           0.800
[conf]         phys_gap       1.000e-03
[info]           i      MBD                dt                 E           rel_err           exp_err             slope
[itstep]         0    2.000         4.000e-01     -3.5236581825      1.000000e+00      1.000000e-03     -1.180727e+01
[itstep]         1    2.000         4.000e-01     -3.6121786800      2.512176e-02      9.813188e+02     -2.213012e-01
[itstep]         2    2.000         4.000e-01     -3.6258196393      3.776380e-03      1.475148e+02     -3.410240e-02
[itstep]         3    2.000         4.000e-01     -3.6326562159      1.885526e-03      7.365335e+01     -1.709144e-02
[itstep]         4    2.000         4.000e-01     -3.6362752916      9.962615e-04      3.891647e+01     -9.047689e-03
[itstep]         5    2.000         4.000e-01     -3.6381806805      5.239947e-04      2.046854e+01     -4.763472e-03
[itstep]         6    2.000         4.000e-01     -3.6391785604      2.742799e-04      1.071406e+01     -2.494700e-03
[itstep]         7    2.000         4.000e-01     -3.6396996248      1.431819e-04      5.593042e+00     -1.302661e-03
[itstep]         8    2.000         4.000e-01     -3.6399712866      7.463852e-05      2.915567e+00     -6.791544e-04
[itstep]         9    2.000         4.000e-01     -3.6401128049      3.887897e-05      1.518710e+00     -3.537958e-04
[itstep]        10    2.000         4.000e-01     -3.6401864956      2.024408e-05      7.907842e-01     -1.842268e-04
[itstep]        11    2.000         4.000e-01     -3.6402248590      1.053886e-05      4.116741e-01     -9.590851e-05
[itstep]        12    2.000         4.000e-01     -3.6402448287      5.485843e-06      2.142908e-01     -4.992426e-05
[itstep]        13    2.000         4.000e-01     -3.6402552231      2.855417e-06      1.115397e-01     -2.598604e-05
[itstep]        14    2.000         4.000e-01     -3.6402606334      1.486220e-06      5.805549e-02     -1.352555e-05
[itstep]        15    2.000         4.000e-01     -3.6402634493      7.735538e-07      3.021694e-02     -7.039843e-06
[itstep]        16    2.000         4.000e-01     -3.6402649149      4.026192e-07      1.572731e-02     -3.664100e-06
[itstep]        17    2.000         4.000e-01     -3.6402656778      2.095543e-07      8.185716e-03     -1.907083e-06
[itstep]        18    2.000         4.000e-01     -3.6402660748      1.090681e-07      4.260474e-03     -9.925926e-07
[itstep]        19    2.000         4.000e-01     -3.6402662815      5.676737e-08      2.217475e-03     -5.166208e-07
[itstep]        20    2.000         4.000e-01     -3.6402663890      2.954604e-08      1.154142e-03     -2.688886e-07
[update_dt]  (i= 21) Reduced time step from   0.400000 to   0.320000
[update_E0]  (i= 21) Extrapolated energy ground state E0:  -6.997763
[itstep]        21    2.000         3.200e-01     -3.6402664450      1.537800e-08      6.007030e-04     -1.399500e-07
[itstep]        22    2.000         3.200e-01     -3.6949409467      1.501937e-02      1.432359e+03     -1.708578e-01
[itstep]        23    2.000         3.200e-01     -3.6985954403      9.890533e-04      9.432347e+01     -1.142029e-02
[itstep]        24    2.000         3.200e-01     -3.6988886604      7.927877e-05      7.560613e+00     -9.163128e-04
[itstep]        25    2.000         3.200e-01     -3.6989125951      6.470787e-06      6.171024e-01     -7.479601e-05
[itstep]        26    2.000         3.200e-01     -3.6989145545      5.297235e-07      5.051837e-02     -6.123127e-06
[itstep]        27    2.000         3.200e-01     -3.6989147167      4.386342e-08      4.183142e-03     -5.070220e-07
[update_dt]  (i= 28) Reduced time step from   0.320000 to   0.256000
[update_E0]  (i= 28) Extrapolated energy ground state E0:  -3.739603
[itstep]        28    2.000         2.560e-01     -3.6989147313      3.938494e-09      3.756041e-04     -4.552548e-08
[itstep]        29    2.000         2.560e-01     -3.7240976106      6.808181e-03      1.585153e+03     -9.837062e-02
[itstep]        30    2.000         2.560e-01     -3.7269281889      7.600709e-04      1.769678e+02     -1.105695e-02
[itstep]        31    2.000         2.560e-01     -3.7273079123      1.018864e-04      2.372228e+01     -1.483294e-03
[itstep]        32    2.000         2.560e-01     -3.7273603193      1.406029e-05      3.273667e+00     -2.047150e-04
[itstep]        33    2.000         2.560e-01     -3.7273675815      1.948343e-06      4.536341e-01     -2.836788e-05
[itstep]        34    2.000         2.560e-01     -3.7273685885      2.701607e-07      6.290170e-02     -3.933548e-06
[itstep]        35    2.000         2.560e-01     -3.7273687282      3.748022e-08      8.726544e-03     -5.457133e-07
[itstep]        36    2.000         2.560e-01     -3.7273687476      5.211262e-09      1.213341e-03     -7.587615e-08
[update_dt]  (i= 37) Reduced time step from   0.256000 to   0.204800
[update_E0]  (i= 37) Extrapolated energy ground state E0:  -3.747109
[itstep]        37    2.000         2.048e-01     -3.7273687504      7.326363e-10      1.705802e-04     -1.066721e-08
[itstep]        38    2.000         2.048e-01     -3.7380784344      2.873256e-03      1.633257e+03     -5.229338e-02
[itstep]        39    2.000         2.048e-01     -3.7398937260      4.856216e-04      2.760439e+02     -8.863728e-03
[itstep]        40    2.000         2.048e-01     -3.7402546255      9.649993e-05      5.485386e+01     -1.762205e-03
[itstep]        41    2.000         2.048e-01     -3.7403292489      1.995144e-05      1.134108e+01     -3.643724e-04
[itstep]        42    2.000         2.048e-01     -3.7403448109      4.160582e-06      2.365017e+00     -7.598606e-05
[itstep]        43    2.000         2.048e-01     -3.7403480620      8.692018e-07      4.940840e-01     -1.587458e-05
[itstep]        44    2.000         2.048e-01     -3.7403487414      1.816576e-07      1.032604e-01     -3.317689e-06
[itstep]        45    2.000         2.048e-01     -3.7403488835      3.796887e-08      2.158280e-02     -6.934414e-07
[itstep]        46    2.000         2.048e-01     -3.7403489132      7.936577e-09      4.511422e-03     -1.449491e-07
[update_dt]  (i= 47) Reduced time step from   0.204800 to   0.163840
[update_E0]  (i= 47) Extrapolated energy ground state E0:  -3.749354
[itstep]        47    2.000         1.638e-01     -3.7403489194      1.659320e-09      9.432140e-04     -3.030486e-08
[itstep]        48    2.000         1.638e-01     -3.7446469758      1.149106e-03      1.594705e+03     -2.623325e-02
[itstep]        49    2.000         1.638e-01     -3.7456596104      2.704219e-04      3.752858e+02     -6.180631e-03
[itstep]        50    2.000         1.638e-01     -3.7459326562      7.289659e-05      1.011643e+02     -1.666539e-03
[itstep]        51    2.000         1.638e-01     -3.7460097854      2.059011e-05      2.857452e+01     -4.707592e-04
[itstep]        52    2.000         1.638e-01     -3.7460318839      5.899203e-06      8.186789e+00     -1.348784e-04
[itstep]        53    2.000         1.638e-01     -3.7460382417      1.697227e-06      2.355375e+00     -3.880533e-05
[itstep]        54    2.000         1.638e-01     -3.7460400731      4.888898e-07      6.784709e-01     -1.117798e-05
[itstep]        55    2.000         1.638e-01     -3.7460406008      1.408749e-07      1.955032e-01     -3.220966e-06
[itstep]        56    2.000         1.638e-01     -3.7460407529      4.059760e-08      5.634049e-02     -9.282242e-07
[itstep]        57    2.000         1.638e-01     -3.7460407967      1.169986e-08      1.623682e-02     -2.675058e-07
[itstep]        58    2.000         1.638e-01     -3.7460408094      3.371842e-09      4.679371e-03     -7.709386e-08
[itstep]        59    2.000         1.638e-01     -3.7460408130      9.717683e-10      1.348599e-03     -2.221853e-08
[update_dt]  (i= 60) Reduced time step from   0.163840 to   0.131072
[update_E0]  (i= 60) Extrapolated energy ground state E0:  -3.749990
[itstep]        60    2.000         1.311e-01     -3.7460408141      2.800796e-10      3.886885e-04     -6.403745e-09
[itstep]        61    2.000         1.311e-01     -3.7476932065      4.411037e-04      1.494517e+03     -1.260675e-02
[itstep]        62    2.000         1.311e-01     -3.7482016441      1.356668e-04      4.596571e+02     -3.879071e-03
[itstep]        63    2.000         1.311e-01     -3.7483759143      4.649433e-05      1.575289e+02     -1.329576e-03
[itstep]        64    2.000         1.311e-01     -3.7484386111      1.672639e-05      5.667121e+01     -4.783386e-04
[itstep]        65    2.000         1.311e-01     -3.7484616098      6.135561e-06      2.078809e+01     -1.754667e-04
[itstep]        66    2.000         1.311e-01     -3.7484701093      2.267450e-06      7.682418e+00     -6.484564e-05
[itstep]        67    2.000         1.311e-01     -3.7484732591      8.402992e-07      2.847044e+00     -2.403134e-05
[itstep]        68    2.000         1.311e-01     -3.7484744276      3.117327e-07      1.056191e+00     -8.915113e-06
[itstep]        69    2.000         1.311e-01     -3.7484748613      1.156908e-07      3.919758e-01     -3.308594e-06
[itstep]        70    2.000         1.311e-01     -3.7484750223      4.294157e-08      1.454917e-01     -1.228068e-06
[itstep]        71    2.000         1.311e-01     -3.7484750820      1.593970e-08      5.400580e-02     -4.558530e-07
[itstep]        72    2.000         1.311e-01     -3.7484751042      5.916857e-09      2.004709e-02     -1.692138e-07
[itstep]        73    2.000         1.311e-01     -3.7484751124      2.196370e-09      7.441591e-03     -6.281310e-08
[itstep]        74    2.000         1.311e-01     -3.7484751155      8.153059e-10      2.762364e-03     -2.331660e-08
[itstep]        75    2.000         1.311e-01     -3.7484751166      3.026497e-10      1.025417e-03     -8.655355e-09
[update_dt]  (i= 76) Reduced time step from   0.131072 to   0.104858
[update_E0]  (i= 76) Extrapolated energy ground state E0:  -3.750164
[itstep]        76    2.000         1.049e-01     -3.7484751170      1.123459e-10      3.806427e-04     -3.212935e-09
[itstep]        77    2.000         1.049e-01     -3.7490899776      1.640295e-04      1.356820e+03     -5.863767e-03
[itstep]        78    2.000         1.049e-01     -3.7493252695      6.275975e-05      5.191364e+02     -2.243919e-03
[itstep]        79    2.000         1.049e-01     -3.7494230236      2.607245e-05      2.156662e+02     -9.322557e-04
[itstep]        80    2.000         1.049e-01     -3.7494655180      1.133359e-05      9.374926e+01     -4.052584e-04
[itstep]        81    2.000         1.049e-01     -3.7494844134      5.039479e-06      4.168559e+01     -1.802001e-04
[itstep]        82    2.000         1.049e-01     -3.7494929060      2.265022e-06      1.873582e+01     -8.099236e-05
[itstep]        83    2.000         1.049e-01     -3.7494967422      1.023110e-06      8.462966e+00     -3.658431e-05
[itstep]        84    2.000         1.049e-01     -3.7494984789      4.631938e-07      3.831449e+00     -1.656288e-05
[itstep]        85    2.000         1.049e-01     -3.7494992660      2.099204e-07      1.736421e+00     -7.506334e-06
[itstep]        86    2.000         1.049e-01     -3.7494996229      9.518131e-08      7.873213e-01     -3.403494e-06
[itstep]        87    2.000         1.049e-01     -3.7494997847      4.316601e-08      3.570608e-01     -1.543531e-06
[itstep]        88    2.000         1.049e-01     -3.7494998582      1.957827e-08      1.619477e-01     -7.000802e-07
[itstep]        89    2.000         1.049e-01     -3.7494998914      8.880265e-09      7.345583e-02     -3.175407e-07
[itstep]        90    2.000         1.049e-01     -3.7494999066      4.027971e-09      3.331860e-02     -1.440323e-07
[itstep]        91    2.000         1.049e-01     -3.7494999134      1.827050e-09      1.511301e-02     -6.533169e-08
[itstep]        92    2.000         1.049e-01     -3.7494999165      8.287373e-10      6.855154e-03     -2.963400e-08
[itstep]        93    2.000         1.049e-01     -3.7494999179      3.759098e-10      3.109453e-03     -1.344179e-08
[itstep]        94    2.000         1.049e-01     -3.7494999186      1.705110e-10      1.410434e-03     -6.097134e-09
[update_dt]  (i= 95) Reduced time step from   0.104858 to   0.083886
[update_E0]  (i= 95) Extrapolated energy ground state E0:  -3.750211
[itstep]        95    2.000         8.389e-02     -3.7494999188      7.734223e-11      6.397600e-04     -2.765605e-09

[info]       steps       dt                E0                 E
[output]        96    0.084     -3.7502108925     -3.7494999188
