[conf]                N               2
[conf]                J            0.414
[conf]             beta           1.000
[conf]              dt0       4.000e-01
[conf]        eps_trunc       1.000e-04
[conf]           eps_dt       9.000e-02
[conf]          eps_tol       1.000e-03
[conf]             Dmax              10
[conf]           dt_red           0.800
[conf]         phys_gap       1.000e-03
[info]           i      MBD                dt                 E           rel_err           exp_err             slope
[itstep]         0    2.000         4.000e-01     -1.4574673552      1.000000e+00      1.000000e-03     -2.183462e+00
[itstep]         1    2.000         4.000e-01     -1.8519522939      2.706647e-01      1.057284e+04     -9.862123e-01
[itstep]         2    2.000         4.000e-01     -1.9877305671      7.331629e-02      2.863918e+03     -3.394457e-01
[itstep]         3    2.000         4.000e-01     -2.0271164553      1.981450e-02      7.740039e+02     -9.846472e-02
[itstep]         4    2.000         4.000e-01     -2.0379027595      5.321009e-03      2.078519e+02     -2.696576e-02
[itstep]         5    2.000         4.000e-01     -2.0408157517      1.429407e-03      5.583621e+01     -7.282481e-03
[itstep]         6    2.000         4.000e-01     -2.0416007447      3.846466e-04      1.502526e+01     -1.962482e-03
[itstep]         7    2.000         4.000e-01     -2.0418123490      1.036463e-04      4.048682e+00     -5.290107e-04
[itstep]         8    2.000         4.000e-01     -2.0418694198      2.795108e-05      1.091839e+00     -1.426772e-04
[itstep]         9    2.000         4.000e-01     -2.0418848178      7.541106e-06      2.945745e-01     -3.849489e-05
[itstep]        10    2.000         4.000e-01     -2.0418889731      2.035021e-06      7.949301e-02     -1.038820e-05
[itstep]        11    2.000         4.000e-01     -2.0418900945      5.492245e-07      2.145408e-02     -2.803639e-06
[itstep]        12    2.000         4.000e-01     -2.0418903972      1.482356e-07      5.790452e-03     -7.567018e-07
[itstep]        13    2.000         4.000e-01     -2.0418904789      4.000957e-08      1.562874e-03     -2.042379e-07
[update_dt]  (i= 14) Reduced time step from   0.400000 to   0.320000
[update_E0]  (i= 14) Extrapolated energy ground state E0:  -3.053269
[itstep]        14    2.000         3.200e-01     -2.0418905009      1.079887e-08      4.218309e-04     -5.512528e-08
[itstep]        15    2.000         3.200e-01     -2.0420955172      1.004051e-04      9.575376e+00     -6.406757e-04
[itstep]        16    2.000         3.200e-01     -2.0421407308      2.214079e-05      2.111510e+00     -1.412925e-04
[itstep]        17    2.000         3.200e-01     -2.0421521903      5.611538e-06      5.351579e-01     -3.581109e-05
[itstep]        18    2.000         3.200e-01     -2.0421552271      1.487053e-06      1.418164e-01     -9.489963e-06
[itstep]        19    2.000         3.200e-01     -2.0421560421      3.990832e-07      3.805954e-02     -2.546843e-06
[itstep]        20    2.000         3.200e-01     -2.0421562616      1.074744e-07      1.024955e-02     -6.858732e-07
[itstep]        21    2.000         3.200e-01     -2.0421563207      2.897055e-08      2.762847e-03     -1.848824e-07
[update_dt]  (i= 22) Reduced time step from   0.320000 to   0.256000
[update_E0]  (i= 22) Extrapolated energy ground state E0:  -2.042341
[itstep]        22    2.000         2.560e-01     -2.0421563367      7.811299e-09      7.449435e-04     -4.984967e-08
[itstep]        23    2.000         2.560e-01     -2.0422372986      3.964532e-05      9.230646e+00     -3.162576e-04
[itstep]        24    2.000         2.560e-01     -2.0422607931      1.150429e-05      2.678551e+00     -9.177535e-05
[itstep]        25    2.000         2.560e-01     -2.0422684312      3.739990e-06      8.707843e-01     -2.983608e-05
[itstep]        26    2.000         2.560e-01     -2.0422710363      1.275607e-06      2.970004e-01     -1.017630e-05
[itstep]        27    2.000         2.560e-01     -2.0422719410      4.430090e-07      1.031461e-01     -3.534158e-06
[itstep]        28    2.000         2.560e-01     -2.0422722573      1.548582e-07      3.605572e-02     -1.235400e-06
[itstep]        29    2.000         2.560e-01     -2.0422723681      5.425704e-08      1.263270e-02     -4.328424e-07
[itstep]        30    2.000         2.560e-01     -2.0422724070      1.902524e-08      4.429659e-03     -1.517763e-07
[itstep]        31    2.000         2.560e-01     -2.0422724206      6.673105e-09      1.553703e-03     -5.323554e-08
[update_dt]  (i= 32) Reduced time step from   0.256000 to   0.204800
[update_E0]  (i= 32) Extrapolated energy ground state E0:  -2.042353
[itstep]        32    2.000         2.048e-01     -2.0422724254      2.340826e-09      5.450160e-04     -1.867424e-08
[itstep]        33    2.000         2.048e-01     -2.0423031463      1.504253e-05      8.550689e+00     -1.500046e-04
[itstep]        34    2.000         2.048e-01     -2.0423143217      5.471956e-06      3.110447e+00     -5.456735e-05
[itstep]        35    2.000         2.048e-01     -2.0423187612      2.173734e-06      1.235625e+00     -2.167699e-05
[itstep]        36    2.000         2.048e-01     -2.0423206081      9.043459e-07      5.140611e-01     -9.018372e-06
[itstep]        37    2.000         2.048e-01     -2.0423213935      3.845702e-07      2.186029e-01     -3.835038e-06
[itstep]        38    2.000         2.048e-01     -2.0423217308      1.651608e-07      9.388305e-02     -1.647029e-06
[itstep]        39    2.000         2.048e-01     -2.0423218763      7.124087e-08      4.049574e-02     -7.104334e-07
[itstep]        40    2.000         2.048e-01     -2.0423219392      3.078763e-08      1.750074e-02     -3.070227e-07
[itstep]        41    2.000         2.048e-01     -2.0423219664      1.331624e-08      7.569404e-03     -1.327932e-07
[itstep]        42    2.000         2.048e-01     -2.0423219782      5.761586e-09      3.275082e-03     -5.745612e-08
[itstep]        43    2.000         2.048e-01     -2.0423219833      2.493273e-09      1.417262e-03     -2.486361e-08
[update_dt]  (i= 44) Reduced time step from   0.204800 to   0.163840
[update_E0]  (i= 44) Extrapolated energy ground state E0:  -2.042356
[itstep]        44    2.000         1.638e-01     -2.0423219855      1.079013e-09      6.133476e-04     -1.076021e-08
[itstep]        45    2.000         1.638e-01     -2.0423332902      5.535217e-06      7.681657e+00     -6.899839e-05
[itstep]        46    2.000         1.638e-01     -2.0423382450      2.426057e-06      3.366830e+00     -3.024180e-05
[itstep]        47    2.000         1.638e-01     -2.0423405633      1.135109e-06      1.575280e+00     -1.414963e-05
[itstep]        48    2.000         1.638e-01     -2.0423416928      5.530587e-07      7.675232e-01     -6.894130e-06
[itstep]        49    2.000         1.638e-01     -2.0423422560      2.757609e-07      3.826951e-01     -3.437488e-06
[itstep]        50    2.000         1.638e-01     -2.0423425403      1.392296e-07      1.932199e-01     -1.735562e-06
[itstep]        51    2.000         1.638e-01     -2.0423426849      7.076190e-08      9.820186e-02     -8.820803e-07
[itstep]        52    2.000         1.638e-01     -2.0423427586      3.608768e-08      5.008172e-02     -4.498500e-07
[itstep]        53    2.000         1.638e-01     -2.0423427962      1.843692e-08      2.558636e-02     -2.298249e-07
[itstep]        54    2.000         1.638e-01     -2.0423428155      9.427864e-09      1.308379e-02     -1.175228e-07
[itstep]        55    2.000         1.638e-01     -2.0423428253      4.823266e-09      6.693626e-03     -6.012429e-08
[itstep]        56    2.000         1.638e-01     -2.0423428304      2.468159e-09      3.425258e-03     -3.076676e-08
[itstep]        57    2.000         1.638e-01     -2.0423428330      1.263160e-09      1.752987e-03     -1.574588e-08
[update_dt]  (i= 58) Reduced time step from   0.163840 to   0.131072
[update_E0]  (i= 58) Extrapolated energy ground state E0:  -2.042357
[itstep]        58    2.000         1.311e-01     -2.0423428343      6.465036e-10      8.972040e-04     -8.058972e-09
[itstep]        59    2.000         1.311e-01     -2.0423468961      1.988811e-06      6.738353e+00     -3.098933e-05
[itstep]        60    2.000         1.311e-01     -2.0423489720      1.016421e-06      3.443767e+00     -1.583774e-05
[itstep]        61    2.000         1.311e-01     -2.0423500837      5.443356e-07      1.844281e+00     -8.481775e-06
[itstep]        62    2.000         1.311e-01     -2.0423506990      3.012727e-07      1.020752e+00     -4.694400e-06
[itstep]        63    2.000         1.311e-01     -2.0423510470      1.703985e-07      5.773327e-01     -2.655133e-06
[itstep]        64    2.000         1.311e-01     -2.0423512466      9.770019e-08      3.310211e-01     -1.522355e-06
[itstep]        65    2.000         1.311e-01     -2.0423513619      5.648685e-08      1.913849e-01     -8.801726e-07
[itstep]        66    2.000         1.311e-01     -2.0423514290      3.282280e-08      1.112080e-01     -5.114418e-07
[itstep]        67    2.000         1.311e-01     -2.0423514680      1.912924e-08      6.481238e-02     -2.980700e-07
[itstep]        68    2.000         1.311e-01     -2.0423514909      1.116822e-08      3.783939e-02     -1.740221e-07
[itstep]        69    2.000         1.311e-01     -2.0423515042      6.527091e-09      2.211465e-02     -1.017045e-07
[itstep]        70    2.000         1.311e-01     -2.0423515120      3.816977e-09      1.293242e-02     -5.947577e-08
[itstep]        71    2.000         1.311e-01     -2.0423515165      2.232926e-09      7.565447e-03     -3.479324e-08
[itstep]        72    2.000         1.311e-01     -2.0423515192      1.306530e-09      4.426695e-03     -2.035822e-08
[itstep]        73    2.000         1.311e-01     -2.0423515208      7.645733e-10      2.590475e-03     -1.191351e-08
[itstep]        74    2.000         1.311e-01     -2.0423515217      4.474522e-10      1.516027e-03     -6.972159e-09
[update_dt]  (i= 75) Reduced time step from   0.131072 to   0.104858
[update_E0]  (i= 75) Extrapolated energy ground state E0:  -2.042358
[itstep]        75    2.000         1.049e-01     -2.0423515222      2.618758e-10      8.872696e-04     -4.080524e-09
[itstep]        76    2.000         1.049e-01     -2.0423529545      7.012756e-07      5.800816e+00     -1.365901e-05
[itstep]        77    2.000         1.049e-01     -2.0423537850      4.066629e-07      3.363837e+00     -7.920734e-06
[itstep]        78    2.000         1.049e-01     -2.0423542826      2.436267e-07      2.015233e+00     -4.745216e-06
[itstep]        79    2.000         1.049e-01     -2.0423545883      1.496770e-07      1.238099e+00     -2.915320e-06
[itstep]        80    2.000         1.049e-01     -2.0423547796      9.367584e-08      7.748684e-01     -1.824563e-06
[itstep]        81    2.000         1.049e-01     -2.0423549009      5.940105e-08      4.913539e-01     -1.156979e-06
[itstep]        82    2.000         1.049e-01     -2.0423549785      3.800886e-08      3.144019e-01     -7.403144e-07
[itstep]        83    2.000         1.049e-01     -2.0423550285      2.446979e-08      2.024094e-01     -4.766082e-07
[itstep]        84    2.000         1.049e-01     -2.0423550608      1.581790e-08      1.308426e-01     -3.080917e-07
[itstep]        85    2.000         1.049e-01     -2.0423550818      1.025278e-08      8.480900e-02     -1.996976e-07
[itstep]        86    2.000         1.049e-01     -2.0423550954      6.657449e-09      5.506912e-02     -1.296699e-07
[itstep]        87    2.000         1.049e-01     -2.0423551042      4.327942e-09      3.579990e-02     -8.429713e-08
[itstep]        88    2.000         1.049e-01     -2.0423551100      2.815706e-09      2.329097e-02     -5.484268e-08
[itstep]        89    2.000         1.049e-01     -2.0423551137      1.832780e-09      1.516040e-02     -3.569781e-08
[itstep]        90    2.000         1.049e-01     -2.0423551161      1.193368e-09      9.871310e-03     -2.324373e-08
[itstep]        91    2.000         1.049e-01     -2.0423551177      7.771986e-10      6.428836e-03     -1.513782e-08
[itstep]        92    2.000         1.049e-01     -2.0423551188      5.062313e-10      4.187447e-03     -9.860078e-09
[itstep]        93    2.000         1.049e-01     -2.0423551194      3.297652e-10      2.727754e-03     -6.422975e-09
[itstep]        94    2.000         1.049e-01     -2.0423551199      2.148268e-10      1.777006e-03     -4.184271e-09
[itstep]        95    2.000         1.049e-01     -2.0423551202      1.399540e-10      1.157672e-03     -2.725943e-09
[update_dt]  (i= 96) Reduced time step from   0.104858 to   0.083886
[update_E0]  (i= 96) Extrapolated energy ground state E0:  -2.042358
[itstep]        96    2.000         8.389e-02     -2.0423551203      9.117923e-11      7.542169e-04     -1.775936e-09

[info]       steps       dt                E0                 E
[output]        97    0.084     -2.0423576166     -2.0423551203
