[conf]                N               2
[conf]                J            1.241
[conf]             beta           1.000
[conf]              dt0       4.000e-01
[conf]        eps_trunc       1.000e-04
[conf]           eps_dt       9.000e-02
[conf]          eps_tol       1.000e-03
[conf]             Dmax              10
[conf]           dt_red           0.800
[conf]         phys_gap       1.000e-03
[info]           i      MBD                dt                 E           rel_err           exp_err             slope
[itstep]         0    2.000         4.000e-01     -2.0691875094      1.000000e+00      1.000000e-03     -3.434347e+00
[itstep]         1    2.000         4.000e-01     -2.2746218300      9.928260e-02      3.878227e+03     -5.135858e-01
[itstep]         2    2.000         4.000e-01     -2.3199345845      1.992101e-02      7.781643e+02     -1.132819e-01
[itstep]         3    2.000         4.000e-01     -2.3362372696      7.027218e-03      2.745007e+02     -4.075671e-02
[itstep]         4    2.000         4.000e-01     -2.3426329549      2.737601e-03      1.069375e+02     -1.598921e-02
[itstep]         5    2.000         4.000e-01     -2.3451461313      1.072800e-03      4.190625e+01     -6.282941e-03
[itstep]         6    2.000         4.000e-01     -2.3461296390      4.193802e-04      1.638204e+01     -2.458769e-03
[itstep]         7    2.000         4.000e-01     -2.3465136700      1.636870e-04      6.394024e+00     -9.600774e-04
[itstep]         8    2.000         4.000e-01     -2.3466634812      6.384416e-05      2.493912e+00     -3.745280e-04
[itstep]         9    2.000         4.000e-01     -2.3467219008      2.489477e-05      9.724519e-01     -1.460491e-04
[itstep]        10    2.000         4.000e-01     -2.3467446785      9.706177e-06      3.791476e-01     -5.694425e-05
[itstep]        11    2.000         4.000e-01     -2.3467535590      3.784167e-06      1.478190e-01     -2.220119e-05
[itstep]        12    2.000         4.000e-01     -2.3467570212      1.475317e-06      5.762958e-02     -8.655516e-06
[itstep]        13    2.000         4.000e-01     -2.3467583710      5.751722e-07      2.246767e-02     -3.374474e-06
[itstep]        14    2.000         4.000e-01     -2.3467588972      2.242381e-07      8.759300e-03     -1.315581e-06
[itstep]        15    2.000         4.000e-01     -2.3467591024      8.742193e-08      3.414919e-03     -5.128955e-07
[itstep]        16    2.000         4.000e-01     -2.3467591824      3.408249e-08      1.331347e-03     -1.999585e-07
[update_dt]  (i= 17) Reduced time step from   0.400000 to   0.320000
[update_E0]  (i= 17) Extrapolated energy ground state E0:  -3.492384
[itstep]        17    2.000         3.200e-01     -2.3467592136      1.328746e-08      5.190416e-04     -7.795620e-08
[itstep]        18    2.000         3.200e-01     -2.3500861003      1.417651e-03      1.351978e+02     -1.039652e-02
[itstep]        19    2.000         3.200e-01     -2.3506691943      2.481160e-04      2.366219e+01     -1.822169e-03
[itstep]        20    2.000         3.200e-01     -2.3507887094      5.084303e-05      4.848769e+00     -3.734848e-04
[itstep]        21    2.000         3.200e-01     -2.3508141993      1.084313e-05      1.034082e+00     -7.965598e-05
[itstep]        22    2.000         3.200e-01     -2.3508196846      2.333331e-06      2.225238e-01     -1.714134e-05
[itstep]        23    2.000         3.200e-01     -2.3508208673      5.031202e-07      4.798128e-02     -3.696078e-06
[itstep]        24    2.000         3.200e-01     -2.3508211225      1.085458e-07      1.035174e-02     -7.974118e-07
[itstep]        25    2.000         3.200e-01     -2.3508211776      2.342793e-08      2.234261e-03     -1.721090e-07
[update_dt]  (i= 26) Reduced time step from   0.320000 to   0.256000
[update_E0]  (i= 26) Extrapolated energy ground state E0:  -2.353639
[itstep]        26    2.000         2.560e-01     -2.3508211895      5.060260e-09      4.825840e-04     -3.717427e-08
[itstep]        27    2.000         2.560e-01     -2.3521622327      5.704574e-04      1.328200e+02     -5.238450e-03
[itstep]        28    2.000         2.560e-01     -2.3524867021      1.379452e-04      3.211786e+01     -1.267459e-03
[itstep]        29    2.000         2.560e-01     -2.3525762934      3.808367e-05      8.867045e+00     -3.499661e-04
[itstep]        30    2.000         2.560e-01     -2.3526022127      1.101738e-05      2.565185e+00     -1.012470e-04
[itstep]        31    2.000         2.560e-01     -2.3526098216      3.234246e-06      7.530315e-01     -2.972224e-05
[itstep]        32    2.000         2.560e-01     -2.3526120651      9.536258e-07      2.220333e-01     -8.763709e-06
[itstep]        33    2.000         2.560e-01     -2.3526127275      2.815466e-07      6.555268e-02     -2.587383e-06
[itstep]        34    2.000         2.560e-01     -2.3526129231      8.315543e-08      1.936113e-02     -7.641895e-07
[itstep]        35    2.000         2.560e-01     -2.3526129809      2.456296e-08      5.719009e-03     -2.257310e-07
[itstep]        36    2.000         2.560e-01     -2.3526129979      7.255806e-09      1.689374e-03     -6.668009e-08
[update_dt]  (i= 37) Reduced time step from   0.256000 to   0.204800
[update_E0]  (i= 37) Extrapolated energy ground state E0:  -2.353856
[itstep]        37    2.000         2.048e-01     -2.3526130030      2.143363e-09      4.990406e-04     -1.969728e-08
[itstep]        38    2.000         2.048e-01     -2.3531297120      2.196320e-04      1.248463e+02     -2.522993e-03
[itstep]        39    2.000         2.048e-01     -2.3532921420      6.902720e-05      3.923742e+01     -7.931150e-04
[itstep]        40    2.000         2.048e-01     -2.3533488728      2.410702e-05      1.370325e+01     -2.770061e-04
[itstep]        41    2.000         2.048e-01     -2.3533696652      8.835237e-06      5.022251e+00     -1.015254e-04
[itstep]        42    2.000         2.048e-01     -2.3533774377      3.302721e-06      1.877379e+00     -3.795177e-05
[itstep]        43    2.000         2.048e-01     -2.3533803657      1.244156e-06      7.072206e-01     -1.429672e-05
[itstep]        44    2.000         2.048e-01     -2.3533814720      4.700677e-07      2.672026e-01     -5.401602e-06
[itstep]        45    2.000         2.048e-01     -2.3533818904      1.778009e-07      1.010681e-01     -2.043131e-06
[itstep]        46    2.000         2.048e-01     -2.3533820487      6.728098e-08      3.824481e-02     -7.731339e-07
[itstep]        47    2.000         2.048e-01     -2.3533821086      2.546365e-08      1.447441e-02     -2.926060e-07
[itstep]        48    2.000         2.048e-01     -2.3533821313      9.637751e-09      5.478427e-03     -1.107486e-07
[itstep]        49    2.000         2.048e-01     -2.3533821399      3.647882e-09      2.073581e-03     -4.191826e-08
[update_dt]  (i= 50) Reduced time step from   0.204800 to   0.163840
[update_E0]  (i= 50) Extrapolated energy ground state E0:  -2.353916
[itstep]        50    2.000         1.638e-01     -2.3533821432      1.380732e-09      7.848553e-04     -1.586616e-08
[itstep]        51    2.000         1.638e-01     -2.3535745962      8.177723e-05      1.134887e+02     -1.174640e-03
[itstep]        52    2.000         1.638e-01     -2.3536495336      3.183980e-05      4.418661e+01     -4.573813e-04
[itstep]        53    2.000         1.638e-01     -2.3536811426      1.342978e-05      1.863757e+01     -1.929261e-04
[itstep]        54    2.000         1.638e-01     -2.3536950855      5.923872e-06      8.221024e+00     -8.510074e-05
[itstep]        55    2.000         1.638e-01     -2.3537013772      2.673101e-06      3.709673e+00     -3.840128e-05
[itstep]        56    2.000         1.638e-01     -2.3537042476      1.219530e-06      1.692438e+00     -1.751959e-05
[itstep]        57    2.000         1.638e-01     -2.3537055639      5.592614e-07      7.761311e-01     -8.034277e-06
[itstep]        58    2.000         1.638e-01     -2.3537061690      2.570882e-07      3.567816e-01     -3.693298e-06
[itstep]        59    2.000         1.638e-01     -2.3537064475      1.183132e-07      1.641926e-01     -1.699674e-06
[itstep]        60    2.000         1.638e-01     -2.3537065757      5.447631e-08      7.560106e-02     -7.826003e-07
[itstep]        61    2.000         1.638e-01     -2.3537066348      2.508909e-08      3.481811e-02     -3.604270e-07
[itstep]        62    2.000         1.638e-01     -2.3537066620      1.155606e-08      1.603725e-02     -1.660130e-07
[itstep]        63    2.000         1.638e-01     -2.3537066745      5.323000e-09      7.387146e-03     -7.646961e-08
[itstep]        64    2.000         1.638e-01     -2.3537066803      2.451958e-09      3.402776e-03     -3.522455e-08
[itstep]        65    2.000         1.638e-01     -2.3537066829      1.129469e-09      1.567453e-03     -1.622583e-08
[update_dt]  (i= 66) Reduced time step from   0.163840 to   0.131072
[update_E0]  (i= 66) Extrapolated energy ground state E0:  -2.353932
[itstep]        66    2.000         1.311e-01     -2.3537066842      5.202818e-10      7.220360e-04     -7.474308e-09
[itstep]        67    2.000         1.311e-01     -2.3537765190      2.967016e-05      1.005264e+02     -5.327976e-04
[itstep]        68    2.000         1.311e-01     -2.3538089306      1.377004e-05      4.665470e+01     -2.472808e-04
[itstep]        69    2.000         1.311e-01     -2.3538248777      6.775021e-06      2.295466e+01     -1.216668e-04
[itstep]        70    2.000         1.311e-01     -2.3538330282      3.462662e-06      1.173196e+01     -6.218339e-05
[itstep]        71    2.000         1.311e-01     -2.3538372904      1.810762e-06      6.135099e+00     -3.251824e-05
[itstep]        72    2.000         1.311e-01     -2.3538395488      9.594490e-07      3.250740e+00     -1.723012e-05
[itstep]        73    2.000         1.311e-01     -2.3538407543      5.121143e-07      1.735111e+00     -9.196739e-06
[itstep]        74    2.000         1.311e-01     -2.3538414003      2.744479e-07      9.298658e-01     -4.928640e-06
[itstep]        75    2.000         1.311e-01     -2.3538417472      1.474023e-07      4.994183e-01     -2.647106e-06
[itstep]        76    2.000         1.311e-01     -2.3538419338      7.926169e-08      2.685491e-01     -1.423412e-06
[itstep]        77    2.000         1.311e-01     -2.3538420342      4.264821e-08      1.444977e-01     -7.658931e-07
[itstep]        78    2.000         1.311e-01     -2.3538420882      2.295558e-08      7.777652e-02     -4.122452e-07
[itstep]        79    2.000         1.311e-01     -2.3538421173      1.235824e-08      4.187134e-02     -2.219341e-07
[itstep]        80    2.000         1.311e-01     -2.3538421330      6.653780e-09      2.254388e-02     -1.194912e-07
[itstep]        81    2.000         1.311e-01     -2.3538421414      3.582646e-09      1.213848e-02     -6.433855e-08
[itstep]        82    2.000         1.311e-01     -2.3538421459      1.929086e-09      6.535998e-03     -3.464328e-08
[itstep]        83    2.000         1.311e-01     -2.3538421484      1.038740e-09      3.519388e-03     -1.865410e-08
[itstep]        84    2.000         1.311e-01     -2.3538421497      5.593266e-10      1.895072e-03     -1.004460e-08
[itstep]        85    2.000         1.311e-01     -2.3538421504      3.011795e-10      1.020436e-03     -5.408698e-09
[update_dt]  (i= 86) Reduced time step from   0.131072 to   0.104858
[update_E0]  (i= 86) Extrapolated energy ground state E0:  -2.353936
[itstep]        86    2.000         1.049e-01     -2.3538421508      1.621764e-10      5.494752e-04     -2.912428e-09
[itstep]        87    2.000         1.049e-01     -2.3538669789      1.054792e-05      8.725039e+01     -2.367797e-04
[itstep]        88    2.000         1.049e-01     -2.3538802883      5.654253e-06      4.677088e+01     -1.269279e-04
[itstep]        89    2.000         1.049e-01     -2.3538877235      3.158695e-06      2.612811e+01     -7.090750e-05
[itstep]        90    2.000         1.049e-01     -2.3538920042      1.818593e-06      1.504305e+01     -4.082453e-05
[itstep]        91    2.000         1.049e-01     -2.3538945205      1.068963e-06      8.842257e+00     -2.399658e-05
[itstep]        92    2.000         1.049e-01     -2.3538960198      6.369672e-07      5.268869e+00     -1.429895e-05
[itstep]        93    2.000         1.049e-01     -2.3538969211      3.828824e-07      3.167129e+00     -8.595136e-06
[itstep]        94    2.000         1.049e-01     -2.3538974658      2.314187e-07      1.914251e+00     -5.195005e-06
[itstep]        95    2.000         1.049e-01     -2.3538977962      1.403502e-07      1.160950e+00     -3.150654e-06
[itstep]        96    2.000         1.049e-01     -2.3538979970      8.529855e-08      7.055730e-01     -1.914826e-06
[itstep]        97    2.000         1.049e-01     -2.3538981192      5.190766e-08      4.293701e-01     -1.165250e-06
[itstep]        98    2.000         1.049e-01     -2.3538981936      3.161294e-08      2.614961e-01     -7.096638e-07
[itstep]        99    2.000         1.049e-01     -2.3538982389      1.926232e-08      1.593342e-01     -4.324106e-07
[itstep]       100    2.000         1.049e-01     -2.3538982666      1.174034e-08      9.711380e-02     -2.635532e-07
[itstep]       101    2.000         1.049e-01     -2.3538982834      7.156997e-09      5.920129e-02     -1.606640e-07
[itstep]       102    2.000         1.049e-01     -2.3538982937      4.363440e-09      3.609353e-02     -9.795278e-08
[itstep]       103    2.000         1.049e-01     -2.3538982999      2.660457e-09      2.200679e-02     -5.972334e-08
[itstep]       104    2.000         1.049e-01     -2.3538983038      1.622188e-09      1.341842e-02     -3.641573e-08
[itstep]       105    2.000         1.049e-01     -2.3538983061      9.891392e-10      8.181968e-03     -2.220471e-08
[itstep]       106    2.000         1.049e-01     -2.3538983075      6.031422e-10      4.989075e-03     -1.353965e-08
[itstep]       107    2.000         1.049e-01     -2.3538983084      3.677782e-10      3.042190e-03     -8.256077e-09
[itstep]       108    2.000         1.049e-01     -2.3538983089      2.242619e-10      1.855051e-03     -5.034349e-09
[itstep]       109    2.000         1.049e-01     -2.3538983092      1.367499e-10      1.131169e-03     -3.069834e-09
[update_dt]  (i=110) Reduced time step from   0.104858 to   0.083886
[update_E0]  (i=110) Extrapolated energy ground state E0:  -2.353937
[itstep]       110    2.000         8.389e-02     -2.3538983094      8.338692e-11      6.897604e-04     -1.871913e-09

[info]       steps       dt                E0                 E
[output]       111    0.084     -2.3539372704     -2.3538983094
