[conf]                N               2
[conf]                J            1.793
[conf]             beta           1.000
[conf]              dt0       4.000e-01
[conf]        eps_trunc       1.000e-04
[conf]           eps_dt       9.000e-02
[conf]          eps_tol       1.000e-03
[conf]             Dmax              10
[conf]           dt_red           0.800
[conf]         phys_gap       1.000e-03
[info]           i      MBD                dt                 E           rel_err           exp_err             slope
[itstep]         0    2.000         4.000e-01     -2.5013998153      1.000000e+00      1.000000e-03     -6.549390e+00
[itstep]         1    2.000         4.000e-01     -2.6555994697      6.164534e-02      2.408021e+03     -3.854991e-01
[itstep]         2    2.000         4.000e-01     -2.6635643602      2.999282e-03      1.171594e+02     -1.991223e-02
[itstep]         3    2.000         4.000e-01     -2.6646203244      3.964478e-04      1.548624e+01     -2.639911e-03
[itstep]         4    2.000         4.000e-01     -2.6649190579      1.121111e-04      4.379339e+00     -7.468336e-04
[itstep]         5    2.000         4.000e-01     -2.6650362728      4.398442e-05      1.718141e+00     -2.930373e-04
[itstep]         6    2.000         4.000e-01     -2.6650869301      1.900810e-05      7.425039e-01     -1.266432e-04
[itstep]         7    2.000         4.000e-01     -2.6651093639      8.417660e-06      3.288149e-01     -5.608449e-05
[itstep]         8    2.000         4.000e-01     -2.6651193574      3.749764e-06      1.464752e-01     -2.498383e-05
[itstep]         9    2.000         4.000e-01     -2.6651238154      1.672728e-06      6.534095e-02     -1.114505e-05
[itstep]        10    2.000         4.000e-01     -2.6651258048      7.464327e-07      2.915753e-02     -4.973339e-06
[itstep]        11    2.000         4.000e-01     -2.6651266926      3.331114e-07      1.301216e-02     -2.219459e-06
[itstep]        12    2.000         4.000e-01     -2.6651270888      1.486606e-07      5.807056e-03     -9.904986e-07
[itstep]        13    2.000         4.000e-01     -2.6651272656      6.634440e-08      2.591578e-03     -4.420406e-07
[itstep]        14    2.000         4.000e-01     -2.6651273445      2.960826e-08      1.156572e-03     -1.972744e-07
[update_dt]  (i= 15) Reduced time step from   0.400000 to   0.320000
[update_E0]  (i= 15) Extrapolated energy ground state E0:  -4.596216
[itstep]        15    2.000         3.200e-01     -2.6651273797      1.321361e-08      5.161567e-04     -8.803989e-08
[itstep]        16    2.000         3.200e-01     -2.6751938466      3.777105e-03      3.602128e+02     -3.145771e-02
[itstep]        17    2.000         3.200e-01     -2.6765871008      5.208049e-04      4.966783e+01     -4.353919e-03
[itstep]        18    2.000         3.200e-01     -2.6768153863      8.528980e-05      8.133869e+00     -7.133924e-04
[itstep]        19    2.000         3.200e-01     -2.6768540683      1.445075e-05      1.378131e+00     -1.208812e-04
[itstep]        20    2.000         3.200e-01     -2.6768606621      2.463241e-06      2.349129e-01     -2.060542e-05
[itstep]        21    2.000         3.200e-01     -2.6768617874      4.204117e-07      4.009358e-02     -3.516823e-06
[itstep]        22    2.000         3.200e-01     -2.6768619797      7.182189e-08      6.849469e-03     -6.008040e-07
[itstep]        23    2.000         3.200e-01     -2.6768620126      1.230026e-08      1.173044e-03     -1.028941e-07
[update_dt]  (i= 24) Reduced time step from   0.320000 to   0.256000
[update_E0]  (i= 24) Extrapolated energy ground state E0:  -2.685003
[itstep]        24    2.000         2.560e-01     -2.6768620183      2.122704e-09      2.024369e-04     -1.775683e-08
[itstep]        25    2.000         2.560e-01     -2.6810476359      1.563628e-03      3.640606e+02     -1.635007e-02
[itstep]        26    2.000         2.560e-01     -2.6818870494      3.130916e-04      7.289732e+01     -3.278959e-03
[itstep]        27    2.000         2.560e-01     -2.6820821941      7.276395e-05      1.694168e+01     -7.622840e-04
[itstep]        28    2.000         2.560e-01     -2.6821295617      1.766076e-05      4.111966e+00     -1.850297e-04
[itstep]        29    2.000         2.560e-01     -2.6821411880      4.334724e-06      1.009257e+00     -4.541520e-05
[itstep]        30    2.000         2.560e-01     -2.6821440496      1.066902e-06      2.484075e-01     -1.117805e-05
[itstep]        31    2.000         2.560e-01     -2.6821447544      2.627769e-07      6.118252e-02     -2.753147e-06
[itstep]        32    2.000         2.560e-01     -2.6821449280      6.473288e-08      1.507180e-02     -6.782147e-07
[itstep]        33    2.000         2.560e-01     -2.6821449708      1.594719e-08      3.712994e-03     -1.670807e-07
[update_dt]  (i= 34) Reduced time step from   0.256000 to   0.204800
[update_E0]  (i= 34) Extrapolated energy ground state E0:  -2.685810
[itstep]        34    2.000         2.048e-01     -2.6821449813      3.928761e-09      9.147359e-04     -4.116213e-08
[itstep]        35    2.000         2.048e-01     -2.6837944976      6.149989e-04      3.495864e+02     -8.054279e-03
[itstep]        36    2.000         2.048e-01     -2.6842402379      1.660859e-04      9.440888e+01     -2.176466e-03
[itstep]        37    2.000         2.048e-01     -2.6843762611      5.067474e-05      2.880525e+01     -6.641757e-04
[itstep]        38    2.000         2.048e-01     -2.6844198122      1.622394e-05      9.222240e+00     -2.126521e-04
[itstep]        39    2.000         2.048e-01     -2.6844339932      5.282688e-06      3.002860e+00     -6.924293e-05
[itstep]        40    2.000         2.048e-01     -2.6844386370      1.729883e-06      9.833245e-01     -2.267459e-05
[itstep]        41    2.000         2.048e-01     -2.6844401605      5.675358e-07      3.226068e-01     -7.439038e-06
[itstep]        42    2.000         2.048e-01     -2.6844406606      1.863108e-07      1.059054e-01     -2.442091e-06
[itstep]        43    2.000         2.048e-01     -2.6844408248      6.117459e-08      3.477373e-02     -8.018534e-07
[itstep]        44    2.000         2.048e-01     -2.6844408787      2.008783e-08      1.141861e-02     -2.633037e-07
[itstep]        45    2.000         2.048e-01     -2.6844408965      6.596363e-09      3.749598e-03     -8.646263e-08
[itstep]        46    2.000         2.048e-01     -2.6844409023      2.166103e-09      1.231287e-03     -2.839246e-08
[update_dt]  (i= 47) Reduced time step from   0.204800 to   0.163840
[update_E0]  (i= 47) Extrapolated energy ground state E0:  -2.686034
[itstep]        47    2.000         1.638e-01     -2.6844409042      7.113048e-10      4.043300e-04     -9.323514e-09
[itstep]        48    2.000         1.638e-01     -2.6850658351      2.327974e-04      3.230713e+02     -3.814276e-03
[itstep]        49    2.000         1.638e-01     -2.6852810047      8.013567e-05      1.112106e+02     -1.313291e-03
[itstep]        50    2.000         1.638e-01     -2.6853624617      3.033465e-05      4.209779e+01     -4.971745e-04
[itstep]        51    2.000         1.638e-01     -2.6853947953      1.204067e-05      1.670979e+01     -1.973485e-04
[itstep]        52    2.000         1.638e-01     -2.6854079059      4.882198e-06      6.775410e+00     -8.002093e-05
[itstep]        53    2.000         1.638e-01     -2.6854132706      1.997724e-06      2.772398e+00     -3.274355e-05
[itstep]        54    2.000         1.638e-01     -2.6854154742      8.205596e-07      1.138755e+00     -1.344935e-05
[itstep]        55    2.000         1.638e-01     -2.6854163807      3.375754e-07      4.684800e-01     -5.533021e-06
[itstep]        56    2.000         1.638e-01     -2.6854167539      1.389680e-07      1.928568e-01     -2.277752e-06
[itstep]        57    2.000         1.638e-01     -2.6854169076      5.722364e-08      7.941375e-02     -9.379230e-07
[itstep]        58    2.000         1.638e-01     -2.6854169709      2.356592e-08      3.270428e-02     -3.862568e-07
[itstep]        59    2.000         1.638e-01     -2.6854169969      9.705389e-09      1.346893e-02     -1.590760e-07
[itstep]        60    2.000         1.638e-01     -2.6854170077      3.997144e-09      5.547152e-03     -6.551513e-08
[itstep]        61    2.000         1.638e-01     -2.6854170121      1.646228e-09      2.284600e-03     -2.698248e-08
[update_dt]  (i= 62) Reduced time step from   0.163840 to   0.131072
[update_E0]  (i= 62) Extrapolated energy ground state E0:  -2.686094
[itstep]        62    2.000         1.311e-01     -2.6854170139      6.780032e-10      9.409185e-04     -1.111280e-08
[itstep]        63    2.000         1.311e-01     -2.6856468102      8.557192e-05      2.899289e+02     -1.753207e-03
[itstep]        64    2.000         1.311e-01     -2.6857432642      3.591462e-05      1.216835e+02     -7.358856e-04
[itstep]        65    2.000         1.311e-01     -2.6857867184      1.617958e-05      5.481854e+01     -3.315292e-04
[itstep]        66    2.000         1.311e-01     -2.6858071417      7.604233e-06      2.576414e+01     -1.558178e-04
[itstep]        67    2.000         1.311e-01     -2.6858169655      3.657655e-06      1.239262e+01     -7.494931e-05
[itstep]        68    2.000         1.311e-01     -2.6858217480      1.780662e-06      6.033116e+00     -3.648782e-05
[itstep]        69    2.000         1.311e-01     -2.6858240906      8.721858e-07      2.955081e+00     -1.787213e-05
[itstep]        70    2.000         1.311e-01     -2.6858252415      4.285090e-07      1.451845e+00     -8.780668e-06
[itstep]        71    2.000         1.311e-01     -2.6858258078      2.108469e-07      7.143771e-01     -4.320510e-06
[itstep]        72    2.000         1.311e-01     -2.6858260866      1.038243e-07      3.517705e-01     -2.127488e-06
[itstep]        73    2.000         1.311e-01     -2.6858262240      5.114359e-08      1.732812e-01     -1.047995e-06
[itstep]        74    2.000         1.311e-01     -2.6858262916      2.519778e-08      8.537341e-02     -5.163335e-07
[itstep]        75    2.000         1.311e-01     -2.6858263250      1.241573e-08      4.206614e-02     -2.544136e-07
[itstep]        76    2.000         1.311e-01     -2.6858263414      6.117889e-09      2.072822e-02     -1.253631e-07
[itstep]        77    2.000         1.311e-01     -2.6858263495      3.014674e-09      1.021411e-02     -6.177437e-08
[itstep]        78    2.000         1.311e-01     -2.6858263535      1.485538e-09      5.033199e-03     -3.044050e-08
[itstep]        79    2.000         1.311e-01     -2.6858263555      7.320307e-10      2.480216e-03     -1.500021e-08
[itstep]        80    2.000         1.311e-01     -2.6858263564      3.607253e-10      1.222185e-03     -7.391704e-09
[update_dt]  (i= 81) Reduced time step from   0.131072 to   0.104858
[update_E0]  (i= 81) Extrapolated energy ground state E0:  -2.686110
[itstep]        81    2.000         1.049e-01     -2.6858263569      1.777556e-10      6.022595e-04     -3.642431e-09
[itstep]        82    2.000         1.049e-01     -2.6859089221      3.074107e-05      2.542841e+02     -7.874028e-04
[itstep]        83    2.000         1.049e-01     -2.6859496877      1.517759e-05      1.255461e+02     -3.887713e-04
[itstep]        84    2.000         1.049e-01     -2.6859708664      7.884978e-06      6.522301e+01     -2.019754e-04
[itstep]        85    2.000         1.049e-01     -2.6859822599      4.241850e-06      3.508776e+01     -1.086568e-04
[itstep]        86    2.000         1.049e-01     -2.6859885272      2.333364e-06      1.930113e+01     -5.977033e-05
[itstep]        87    2.000         1.049e-01     -2.6859920219      1.301072e-06      1.076221e+01     -3.332771e-05
[itstep]        88    2.000         1.049e-01     -2.6859939862      7.313198e-07      6.049335e+00     -1.873321e-05
[itstep]        89    2.000         1.049e-01     -2.6859950955      4.129927e-07      3.416195e+00     -1.057907e-05
[itstep]        90    2.000         1.049e-01     -2.6859957236      2.338547e-07      1.934401e+00     -5.990339e-06
[itstep]        91    2.000         1.049e-01     -2.6859960799      1.326231e-07      1.097033e+00     -3.397227e-06
[itstep]        92    2.000         1.049e-01     -2.6859962821      7.527909e-08      6.226940e-01     -1.928323e-06
[itstep]        93    2.000         1.049e-01     -2.6859963969      4.275109e-08      3.536287e-01     -1.095097e-06
[itstep]        94    2.000         1.049e-01     -2.6859964621      2.428532e-08      2.008834e-01     -6.220844e-07
[itstep]        95    2.000         1.049e-01     -2.6859964992      1.379783e-08      1.141330e-01     -3.534406e-07
[itstep]        96    2.000         1.049e-01     -2.6859965202      7.840036e-09      6.485126e-02     -2.008277e-07
[itstep]        97    2.000         1.049e-01     -2.6859965322      4.455003e-09      3.685092e-02     -1.141178e-07
[itstep]        98    2.000         1.049e-01     -2.6859965390      2.531575e-09      2.094070e-02     -6.484797e-08
[itstep]        99    2.000         1.049e-01     -2.6859965429      1.438604e-09      1.189986e-02     -3.685080e-08
[itstep]       100    2.000         1.049e-01     -2.6859965451      8.175136e-10      6.762314e-03     -2.094115e-08
[itstep]       101    2.000         1.049e-01     -2.6859965463      4.645710e-10      3.842841e-03     -1.190029e-08
[itstep]       102    2.000         1.049e-01     -2.6859965470      2.640046e-10      2.183795e-03     -6.762652e-09
[itstep]       103    2.000         1.049e-01     -2.6859965474      1.500265e-10      1.240990e-03     -3.843027e-09
[update_dt]  (i=104) Reduced time step from   0.104858 to   0.083886
[update_E0]  (i=104) Extrapolated energy ground state E0:  -2.686115
[itstep]       104    2.000         8.389e-02     -2.6859965477      8.525747e-11      7.052332e-04     -2.183926e-09

[info]       steps       dt                E0                 E
[output]       105    0.084     -2.6861146204     -2.6859965477
