[conf]                N               2
[conf]                J            3.586
[conf]             beta           1.000
[conf]              dt0       4.000e-01
[conf]        eps_trunc       1.000e-04
[conf]           eps_dt       9.000e-02
[conf]          eps_tol       1.000e-03
[conf]             Dmax              10
[conf]           dt_red           0.800
[conf]         phys_gap       1.000e-03
[info]           i      MBD                dt                 E           rel_err           exp_err             slope
[itstep]         0    2.000         4.000e-01     -3.8754571402      1.000000e+00      1.000000e-03     -1.309168e+01
[itstep]         1    2.000         4.000e-01     -3.8850105735      2.465111e-03      9.629341e+01     -2.388358e-02
[itstep]         2    2.000         4.000e-01     -3.9120675651      6.964458e-03      2.720491e+02     -6.764248e-02
[itstep]         3    2.000         4.000e-01     -3.9299516435      4.571516e-03      1.785748e+02     -4.471020e-02
[itstep]         4    2.000         4.000e-01     -3.9403175050      2.637656e-03      1.030334e+02     -2.591465e-02
[itstep]         5    2.000         4.000e-01     -3.9460841553      1.463499e-03      5.716793e+01     -1.441663e-02
[itstep]         6    2.000         4.000e-01     -3.9492248468      7.959008e-04      3.108988e+01     -7.851729e-03
[itstep]         7    2.000         4.000e-01     -3.9509157741      4.281669e-04      1.672527e+01     -4.227318e-03
[itstep]         8    2.000         4.000e-01     -3.9518205200      2.289965e-04      8.945176e+00     -2.261865e-03
[itstep]         9    2.000         4.000e-01     -3.9523030039      1.220916e-04      4.769201e+00     -1.206210e-03
[itstep]        10    2.000         4.000e-01     -3.9525598468      6.498563e-05      2.538501e+00     -6.421072e-04
[itstep]        11    2.000         4.000e-01     -3.9526964438      3.455915e-05      1.349967e+00     -3.414927e-04
[itstep]        12    2.000         4.000e-01     -3.9527690539      1.836975e-05      7.175685e-01     -1.815252e-04
[itstep]        13    2.000         4.000e-01     -3.9528076405      9.761904e-06      3.813244e-01     -9.646638e-05
[itstep]        14    2.000         4.000e-01     -3.9528281433      5.186898e-06      2.026132e-01     -5.125703e-05
[itstep]        15    2.000         4.000e-01     -3.9528390365      2.755815e-06      1.076490e-01     -2.723316e-05
[itstep]        16    2.000         4.000e-01     -3.9528448240      1.464118e-06      5.719211e-02     -1.446856e-05
[itstep]        17    2.000         4.000e-01     -3.9528478987      7.778455e-07      3.038459e-02     -7.686756e-06
[itstep]        18    2.000         4.000e-01     -3.9528495322      4.132435e-07      1.614232e-02     -4.083722e-06
[itstep]        19    2.000         4.000e-01     -3.9528504000      2.195413e-07      8.575832e-03     -2.169534e-06
[itstep]        20    2.000         4.000e-01     -3.9528508610      1.166340e-07      4.556015e-03     -1.152592e-06
[itstep]        21    2.000         4.000e-01     -3.9528511059      6.196313e-08      2.420435e-03     -6.123275e-07
[itstep]        22    2.000         4.000e-01     -3.9528512361      3.291858e-08      1.285882e-03     -3.253057e-07
[update_dt]  (i= 23) Reduced time step from   0.400000 to   0.320000
[update_E0]  (i= 23) Extrapolated energy ground state E0:  -7.639574
[itstep]        23    2.000         3.200e-01     -3.9528513052      1.748835e-08      6.831386e-04     -1.728221e-07
[itstep]        24    2.000         3.200e-01     -4.0289928558      1.926244e-02      1.837009e+03     -2.379423e-01
[itstep]        25    2.000         3.200e-01     -4.0330033136      9.953996e-04      9.492870e+01     -1.253268e-02
[itstep]        26    2.000         3.200e-01     -4.0332568023      6.285357e-05      5.994183e+00     -7.921520e-04
[itstep]        27    2.000         3.200e-01     -4.0332730453      4.027286e-06      3.840720e-01     -5.075963e-05
[itstep]        28    2.000         3.200e-01     -4.0332740917      2.594251e-07      2.474071e-02     -3.269789e-06
[itstep]        29    2.000         3.200e-01     -4.0332741620      1.743996e-08      1.663204e-03     -2.198129e-07
[update_dt]  (i= 30) Reduced time step from   0.320000 to   0.256000
[update_E0]  (i= 30) Extrapolated energy ground state E0:  -4.089069
[itstep]        30    2.000         2.560e-01     -4.0332741686      1.633145e-09      1.557488e-04     -2.058413e-08
[itstep]        31    2.000         2.560e-01     -4.0694861693      8.978314e-03      2.090427e+03     -1.414531e-01
[itstep]        32    2.000         2.560e-01     -4.0728545651      8.277202e-04      1.927186e+02     -1.315780e-02
[itstep]        33    2.000         2.560e-01     -4.0732302166      9.223298e-05      2.147466e+01     -1.467389e-03
[itstep]        34    2.000         2.560e-01     -4.0732731242      1.053404e-05      2.452646e+00     -1.676076e-04
[itstep]        35    2.000         2.560e-01     -4.0732780391      1.206619e-06      2.809378e-01     -1.919878e-05
[itstep]        36    2.000         2.560e-01     -4.0732786024      1.382986e-07      3.220016e-02     -2.200503e-06
[itstep]        37    2.000         2.560e-01     -4.0732786671      1.588157e-08      3.697717e-03     -2.526956e-07
[update_dt]  (i= 38) Reduced time step from   0.256000 to   0.204800
[update_E0]  (i= 38) Extrapolated energy ground state E0:  -4.101032
[itstep]        38    2.000         2.048e-01     -4.0732786746      1.845069e-09      4.295885e-04     -2.935734e-08
[itstep]        39    2.000         2.048e-01     -4.0890649334      3.875566e-03      2.203004e+03     -7.708134e-02
[itstep]        40    2.000         2.048e-01     -4.0913633096      5.620787e-04      3.195047e+02     -1.122254e-02
[itstep]        41    2.000         2.048e-01     -4.0917590983      9.673761e-05      5.498897e+01     -1.932562e-03
[itstep]        42    2.000         2.048e-01     -4.0918297042      1.725564e-05      9.808693e+00     -3.447554e-04
[itstep]        43    2.000         2.048e-01     -4.0918423826      3.098458e-06      1.761269e+00     -6.190606e-05
[itstep]        44    2.000         2.048e-01     -4.0918446619      5.570356e-07      3.166381e-01     -1.112940e-05
[itstep]        45    2.000         2.048e-01     -4.0918450718      1.001669e-07      5.693829e-02     -2.001305e-06
[itstep]        46    2.000         2.048e-01     -4.0918451455      1.801468e-08      1.024016e-02     -3.599281e-07
[itstep]        47    2.000         2.048e-01     -4.0918451587      3.241334e-09      1.842485e-03     -6.476093e-08
[update_dt]  (i= 48) Reduced time step from   0.204800 to   0.163840
[update_E0]  (i= 48) Extrapolated energy ground state E0:  -4.104726
[itstep]        48    2.000         1.638e-01     -4.0918451611      5.843248e-10      3.321502e-04     -1.167464e-08
[itstep]        49    2.000         1.638e-01     -4.0983021913      1.578024e-03      2.189948e+03     -3.941058e-02
[itstep]        50    2.000         1.638e-01     -4.0996469315      3.281213e-04      4.553598e+02     -8.207643e-03
[itstep]        51    2.000         1.638e-01     -4.0999708355      7.900777e-05      1.096453e+02     -1.976953e-03
[itstep]        52    2.000         1.638e-01     -4.1000523838      1.988997e-05      2.760288e+01     -4.977313e-04
[itstep]        53    2.000         1.638e-01     -4.1000731604      5.067413e-06      7.032448e+00     -1.268107e-04
[itstep]        54    2.000         1.638e-01     -4.1000784702      1.295038e-06      1.797227e+00     -3.240815e-05
[itstep]        55    2.000         1.638e-01     -4.1000798282      3.312258e-07      4.596681e-01     -8.288889e-06
[itstep]        56    2.000         1.638e-01     -4.1000801756      8.473342e-08      1.175912e-01     -2.120445e-06
[itstep]        57    2.000         1.638e-01     -4.1000802645      2.167756e-08      3.008366e-02     -5.424789e-07
[itstep]        58    2.000         1.638e-01     -4.1000802873      5.546002e-09      7.696624e-03     -1.387882e-07
[itstep]        59    2.000         1.638e-01     -4.1000802931      1.418982e-09      1.969233e-03     -3.550989e-08
[update_dt]  (i= 60) Reduced time step from   0.163840 to   0.131072
[update_E0]  (i= 60) Extrapolated energy ground state E0:  -4.105794
[itstep]        60    2.000         1.311e-01     -4.1000802946      3.631281e-10      5.039415e-04     -9.087246e-09
[itstep]        61    2.000         1.311e-01     -4.1025995824      6.144484e-04      2.081832e+03     -1.922064e-02
[itstep]        62    2.000         1.311e-01     -4.1033003917      1.708208e-04      5.787634e+02     -5.346751e-03
[itstep]        63    2.000         1.311e-01     -4.1035199460      5.350674e-05      1.812879e+02     -1.675066e-03
[itstep]        64    2.000         1.311e-01     -4.1035921379      1.759269e-05      5.960635e+01     -5.507809e-04
[itstep]        65    2.000         1.311e-01     -4.1036162945      5.886700e-06      1.994492e+01     -1.843004e-04
[itstep]        66    2.000         1.311e-01     -4.1036244268      1.981737e-06      6.714386e+00     -6.204444e-05
[itstep]        67    2.000         1.311e-01     -4.1036271702      6.685242e-07      2.265048e+00     -2.093027e-05
[itstep]        68    2.000         1.311e-01     -4.1036280963      2.256794e-07      7.646316e-01     -7.065615e-06
[itstep]        69    2.000         1.311e-01     -4.1036284090      7.620256e-08      2.581843e-01     -2.385765e-06
[itstep]        70    2.000         1.311e-01     -4.1036285146      2.573250e-08      8.718511e-02     -8.056383e-07
[itstep]        71    2.000         1.311e-01     -4.1036285502      8.689737e-09      2.944197e-02     -2.720600e-07
[itstep]        72    2.000         1.311e-01     -4.1036285623      2.934514e-09      9.942519e-03     -9.187434e-08
[itstep]        73    2.000         1.311e-01     -4.1036285664      9.909921e-10      3.357612e-03     -3.102618e-08
[itstep]        74    2.000         1.311e-01     -4.1036285677      3.346658e-10      1.133892e-03     -1.047778e-08
[update_dt]  (i= 75) Reduced time step from   0.131072 to   0.104858
[update_E0]  (i= 75) Extrapolated energy ground state E0:  -4.106090
[itstep]        75    2.000         1.049e-01     -4.1036285682      1.130231e-10      3.829373e-04     -3.538551e-09
[itstep]        76    2.000         1.049e-01     -4.1045769376      2.311051e-04      1.911656e+03     -9.044356e-03
[itstep]        77    2.000         1.049e-01     -4.1049110070      8.138947e-05      6.732380e+02     -3.185934e-03
[itstep]        78    2.000         1.049e-01     -4.1050400576      3.143811e-05      2.600499e+02     -1.230723e-03
[itstep]        79    2.000         1.049e-01     -4.1050923140      1.272982e-05      1.052986e+02     -4.983563e-04
[itstep]        80    2.000         1.049e-01     -4.1051139377      5.267510e-06      4.357182e+01     -2.062188e-04
[itstep]        81    2.000         1.049e-01     -4.1051229707      2.200430e-06      1.820153e+01     -8.614556e-05
[itstep]        82    2.000         1.049e-01     -4.1051267594      9.229371e-07      7.634357e+00     -3.613253e-05
[itstep]        83    2.000         1.049e-01     -4.1051283513      3.877780e-07      3.207625e+00     -1.518133e-05
[itstep]        84    2.000         1.049e-01     -4.1051290206      1.630457e-07      1.348682e+00     -6.383166e-06
[itstep]        85    2.000         1.049e-01     -4.1051293021      6.857537e-08      5.672422e-01     -2.684696e-06
[itstep]        86    2.000         1.049e-01     -4.1051294206      2.884582e-08      2.386070e-01     -1.129301e-06
[itstep]        87    2.000         1.049e-01     -4.1051294704      1.213448e-08      1.003741e-01     -4.750596e-07
[itstep]        88    2.000         1.049e-01     -4.1051294913      5.104688e-09      4.222499e-02     -1.998463e-07
[itstep]        89    2.000         1.049e-01     -4.1051295002      2.147443e-09      1.776324e-02     -8.407148e-08
[itstep]        90    2.000         1.049e-01     -4.1051295039      9.033924e-10      7.472687e-03     -3.536742e-08
[itstep]        91    2.000         1.049e-01     -4.1051295054      3.800416e-10      3.143631e-03     -1.487846e-08
[itstep]        92    2.000         1.049e-01     -4.1051295061      1.598779e-10      1.322479e-03     -6.259150e-09
[update_dt]  (i= 93) Reduced time step from   0.104858 to   0.083886
[update_E0]  (i= 93) Extrapolated energy ground state E0:  -4.106171
[itstep]        93    2.000         8.389e-02     -4.1051295064      6.725884e-11      5.563521e-04     -2.633154e-09

[info]       steps       dt                E0                 E
[output]        94    0.084     -4.1061708076     -4.1051295064
