[conf]                N               2
[conf]                J            1.931
[conf]             beta           1.000
[conf]              dt0       4.000e-01
[conf]        eps_trunc       1.000e-04
[conf]           eps_dt       9.000e-02
[conf]          eps_tol       1.000e-03
[conf]             Dmax              10
[conf]           dt_red           0.800
[conf]         phys_gap       1.000e-03
[info]           i      MBD                dt                 E           rel_err           exp_err             slope
[itstep]         0    2.000         4.000e-01     -1.9059995454      1.000000e+00      1.000000e-03     -8.661336e+00
[itstep]         1    2.000         4.000e-01     -2.5306523342      3.277298e-01      1.280194e+04     -1.561632e+00
[itstep]         2    2.000         4.000e-01     -2.6398049345      4.313220e-02      1.684852e+03     -2.728815e-01
[itstep]         3    2.000         4.000e-01     -2.6973752753      2.180856e-02      8.518968e+02     -1.439259e-01
[itstep]         4    2.000         4.000e-01     -2.7270371981      1.099659e-02      4.295542e+02     -7.415481e-02
[itstep]         5    2.000         4.000e-01     -2.7414067292      5.269283e-03      2.058314e+02     -3.592383e-02
[itstep]         6    2.000         4.000e-01     -2.7481571156      2.462380e-03      9.618674e+01     -1.687597e-02
[itstep]         7    2.000         4.000e-01     -2.7512831484      1.137501e-03      4.443365e+01     -7.815082e-03
[itstep]         8    2.000         4.000e-01     -2.7527212616      5.227064e-04      2.041822e+01     -3.595283e-03
[itstep]         9    2.000         4.000e-01     -2.7533808573      2.396159e-04      9.359995e+00     -1.648989e-03
[itstep]        10    2.000         4.000e-01     -2.7536829639      1.097221e-04      4.286019e+00     -7.552667e-04
[itstep]        11    2.000         4.000e-01     -2.7538212464      5.021727e-05      1.961612e+00     -3.457061e-04
[itstep]        12    2.000         4.000e-01     -2.7538845236      2.297798e-05      8.975774e-01     -1.581931e-04
[itstep]        13    2.000         4.000e-01     -2.7539134751      1.051295e-05      4.106623e-01     -7.237865e-05
[itstep]        14    2.000         4.000e-01     -2.7539267206      4.809685e-06      1.878783e-01     -3.311364e-05
[itstep]        15    2.000         4.000e-01     -2.7539327803      2.200386e-06      8.595259e-02     -1.514926e-05
[itstep]        16    2.000         4.000e-01     -2.7539355525      1.006646e-06      3.932211e-02     -6.930589e-06
[itstep]        17    2.000         4.000e-01     -2.7539368208      4.605244e-07      1.798924e-02     -3.170636e-06
[itstep]        18    2.000         4.000e-01     -2.7539374010      2.106821e-07      8.229769e-03     -1.450513e-06
[itstep]        19    2.000         4.000e-01     -2.7539376664      9.638338e-08      3.764976e-03     -6.635845e-07
[itstep]        20    2.000         4.000e-01     -2.7539377878      4.409369e-08      1.722410e-03     -3.035782e-07
[update_dt]  (i= 21) Reduced time step from   0.400000 to   0.320000
[update_E0]  (i= 21) Extrapolated energy ground state E0:  -5.745789
[itstep]        21    2.000         3.200e-01     -2.7539378434      2.017208e-08      7.879720e-04     -1.388816e-07
[itstep]        22    2.000         3.200e-01     -2.7665669765      4.585845e-03      4.373403e+02     -3.946604e-02
[itstep]        23    2.000         3.200e-01     -2.7682037389      5.916222e-04      5.642149e+01     -5.114882e-03
[itstep]        24    2.000         3.200e-01     -2.7684555113      9.095152e-05      8.673813e+00     -7.867886e-04
[itstep]        25    2.000         3.200e-01     -2.7684954933      1.444200e-05      1.377297e+00     -1.249439e-04
[itstep]        26    2.000         3.200e-01     -2.7685018767      2.305744e-06      2.198929e-01     -1.994826e-05
[itstep]        27    2.000         3.200e-01     -2.7685028973      3.686336e-07      3.515564e-02     -3.189259e-06
[itstep]        28    2.000         3.200e-01     -2.7685030608      5.905160e-08      5.631599e-03     -5.108891e-07
[update_dt]  (i= 29) Reduced time step from   0.320000 to   0.256000
[update_E0]  (i= 29) Extrapolated energy ground state E0:  -2.778608
[itstep]        29    2.000         2.560e-01     -2.7685030871      9.518968e-09      9.077995e-04     -8.235403e-08
[itstep]        30    2.000         2.560e-01     -2.7738026666      1.914240e-03      4.456937e+02     -2.070148e-02
[itstep]        31    2.000         2.560e-01     -2.7748113336      3.636405e-04      8.466666e+01     -3.940106e-03
[itstep]        32    2.000         2.560e-01     -2.7750347198      8.050500e-05      1.874403e+01     -8.726022e-04
[itstep]        33    2.000         2.560e-01     -2.7750863121      1.859160e-05      4.328693e+00     -2.015325e-04
[itstep]        34    2.000         2.560e-01     -2.7750983505      4.338007e-06      1.010021e+00     -4.702478e-05
[itstep]        35    2.000         2.560e-01     -2.7751011663      1.014668e-06      2.362458e-01     -1.099923e-05
[itstep]        36    2.000         2.560e-01     -2.7751018253      2.374700e-07      5.529028e-02     -2.574231e-06
[itstep]        37    2.000         2.560e-01     -2.7751019795      5.558505e-08      1.294190e-02     -6.025554e-07
[itstep]        38    2.000         2.560e-01     -2.7751020156      1.301183e-08      3.029552e-03     -1.410514e-07
[update_dt]  (i= 39) Reduced time step from   0.256000 to   0.204800
[update_E0]  (i= 39) Extrapolated energy ground state E0:  -2.779680
[itstep]        39    2.000         2.048e-01     -2.7751020241      3.046269e-09      7.092649e-04     -3.302230e-08
[itstep]        40    2.000         2.048e-01     -2.7772045703      7.576464e-04      4.306721e+02     -1.026634e-02
[itstep]        41    2.000         2.048e-01     -2.7777492693      1.961321e-04      1.114882e+02     -2.659663e-03
[itstep]        42    2.000         2.048e-01     -2.7779092995      5.761147e-05      3.274833e+01     -7.813975e-04
[itstep]        43    2.000         2.048e-01     -2.7779586102      1.775101e-05      1.009028e+01     -2.407749e-04
[itstep]        44    2.000         2.048e-01     -2.7779740497      5.557879e-06      3.159288e+00     -7.538846e-05
[itstep]        45    2.000         2.048e-01     -2.7779789090      1.749202e-06      9.943064e-01     -2.372675e-05
[itstep]        46    2.000         2.048e-01     -2.7779804408      5.514218e-07      3.134470e-01     -7.479678e-06
[itstep]        47    2.000         2.048e-01     -2.7779809240      1.739215e-07      9.886290e-02     -2.359133e-06
[itstep]        48    2.000         2.048e-01     -2.7779810764      5.486478e-08      3.118702e-02     -7.442056e-07
[itstep]        49    2.000         2.048e-01     -2.7779811245      1.730839e-08      9.838680e-03     -2.347772e-07
[itstep]        50    2.000         2.048e-01     -2.7779811396      5.460433e-09      3.103897e-03     -7.406729e-08
[update_dt]  (i= 51) Reduced time step from   0.204800 to   0.163840
[update_E0]  (i= 51) Extrapolated energy ground state E0:  -2.779979
[itstep]        51    2.000         1.638e-01     -2.7779811444      1.722663e-09      9.792205e-04     -2.336682e-08
[itstep]        52    2.000         1.638e-01     -2.7787817335      2.881910e-04      3.999453e+02     -4.886408e-03
[itstep]        53    2.000         1.638e-01     -2.7790480832      9.585125e-05      1.330203e+02     -1.625670e-03
[itstep]        54    2.000         1.638e-01     -2.7791459070      3.520047e-05      4.885046e+01     -5.970691e-04
[itstep]        55    2.000         1.638e-01     -2.7791835951      1.356105e-05      1.881974e+01     -2.300302e-04
[itstep]        56    2.000         1.638e-01     -2.7791984196      5.334094e-06      7.402543e+00     -9.048112e-05
[itstep]        57    2.000         1.638e-01     -2.7792043009      2.116195e-06      2.936811e+00     -3.589676e-05
[itstep]        58    2.000         1.638e-01     -2.7792066423      8.424795e-07      1.169175e+00     -1.429091e-05
[itstep]        59    2.000         1.638e-01     -2.7792075758      3.358678e-07      4.661103e-01     -5.697303e-06
[itstep]        60    2.000         1.638e-01     -2.7792079481      1.339737e-07      1.859259e-01     -2.272588e-06
[itstep]        61    2.000         1.638e-01     -2.7792080967      5.345245e-08      7.418017e-02     -9.067106e-07
[itstep]        62    2.000         1.638e-01     -2.7792081559      2.132820e-08      2.959882e-02     -3.617889e-07
[itstep]        63    2.000         1.638e-01     -2.7792081796      8.510519e-09      1.181072e-02     -1.443634e-07
[itstep]        64    2.000         1.638e-01     -2.7792081890      3.395973e-09      4.712859e-03     -5.760568e-08
[itstep]        65    2.000         1.638e-01     -2.7792081928      1.355111e-09      1.880594e-03     -2.298666e-08
[update_dt]  (i= 66) Reduced time step from   0.163840 to   0.131072
[update_E0]  (i= 66) Extrapolated energy ground state E0:  -2.780059
[itstep]        66    2.000         1.311e-01     -2.7792081943      5.407376e-10      7.504241e-04     -9.172499e-09
[itstep]        67    2.000         1.311e-01     -2.7795037317      1.063387e-04      3.602896e+02     -2.254772e-03
[itstep]        68    2.000         1.311e-01     -2.7796243453      4.339393e-05      1.470243e+02     -9.202086e-04
[itstep]        69    2.000         1.311e-01     -2.7796773631      1.907374e-05      6.462433e+01     -4.044939e-04
[itstep]        70    2.000         1.311e-01     -2.7797016999      8.755250e-06      2.966394e+01     -1.856748e-04
[itstep]        71    2.000         1.311e-01     -2.7797131318      4.112625e-06      1.393412e+01     -8.721825e-05
[itstep]        72    2.000         1.311e-01     -2.7797185647      1.954508e-06      6.622132e+00     -4.145029e-05
[itstep]        73    2.000         1.311e-01     -2.7797211616      9.342300e-07      3.165294e+00     -1.981275e-05
[itstep]        74    2.000         1.311e-01     -2.7797224064      4.478012e-07      1.517210e+00     -9.496784e-06
[itstep]        75    2.000         1.311e-01     -2.7797230038      2.149336e-07      7.282233e-01     -4.558225e-06
[itstep]        76    2.000         1.311e-01     -2.7797232908      1.032301e-07      3.497572e-01     -2.189263e-06
[itstep]        77    2.000         1.311e-01     -2.7797234287      4.959578e-08      1.680370e-01     -1.051808e-06
[itstep]        78    2.000         1.311e-01     -2.7797234949      2.383135e-08      8.074376e-02     -5.054059e-07
[itstep]        79    2.000         1.311e-01     -2.7797235267      1.145207e-08      3.880113e-02     -2.428710e-07
[itstep]        80    2.000         1.311e-01     -2.7797235420      5.503445e-09      1.864640e-02     -1.167149e-07
[itstep]        81    2.000         1.311e-01     -2.7797235494      2.644797e-09      8.960922e-03     -5.608982e-08
[itstep]        82    2.000         1.311e-01     -2.7797235529      1.271024e-09      4.306397e-03     -2.695538e-08
[itstep]        83    2.000         1.311e-01     -2.7797235546      6.108253e-10      2.069556e-03     -1.295414e-08
[update_dt]  (i= 84) Reduced time step from   0.131072 to   0.104858
[update_E0]  (i= 84) Extrapolated energy ground state E0:  -2.780081
[itstep]        84    2.000         1.049e-01     -2.7797235554      2.935488e-10      9.945821e-04     -6.225469e-09
[itstep]        85    2.000         1.049e-01     -2.7798300686      3.831789e-05      3.169581e+02     -1.015788e-03
[itstep]        86    2.000         1.049e-01     -2.7798814622      1.848805e-05      1.529296e+02     -4.901279e-04
[itstep]        87    2.000         1.049e-01     -2.7799076274      9.412345e-06      7.785709e+01     -2.495308e-04
[itstep]        88    2.000         1.049e-01     -2.7799214384      4.968133e-06      4.109543e+01     -1.317115e-04
[itstep]        89    2.000         1.049e-01     -2.7799288946      2.682188e-06      2.218654e+01     -7.110854e-05
[itstep]        90    2.000         1.049e-01     -2.7799329746      1.467656e-06      1.214017e+01     -3.890972e-05
[itstep]        91    2.000         1.049e-01     -2.7799352246      8.093573e-07      6.694847e+00     -2.145728e-05
[itstep]        92    2.000         1.049e-01     -2.7799364708      4.483130e-07      3.708358e+00     -1.188546e-05
[itstep]        93    2.000         1.049e-01     -2.7799371629      2.489476e-07      2.059246e+00     -6.599985e-06
[itstep]        94    2.000         1.049e-01     -2.7799375477      1.384343e-07      1.145101e+00     -3.670107e-06
[itstep]        95    2.000         1.049e-01     -2.7799377619      7.704063e-08      6.372651e-01     -2.042466e-06
[itstep]        96    2.000         1.049e-01     -2.7799378812      4.289297e-08      3.548023e-01     -1.137159e-06
[itstep]        97    2.000         1.049e-01     -2.7799379476      2.388683e-08      1.975872e-01     -6.332769e-07
[itstep]        98    2.000         1.049e-01     -2.7799379845      1.330423e-08      1.100500e-01     -3.527159e-07
[itstep]        99    2.000         1.049e-01     -2.7799380051      7.410615e-09      6.129917e-02     -1.964669e-07
[itstep]       100    2.000         1.049e-01     -2.7799380166      4.127973e-09      3.414580e-02     -1.094390e-07
[itstep]       101    2.000         1.049e-01     -2.7799380230      2.299482e-09      1.902087e-02     -6.096283e-08
[itstep]       102    2.000         1.049e-01     -2.7799380266      1.280940e-09      1.059569e-02     -3.395971e-08
[itstep]       103    2.000         1.049e-01     -2.7799380286      7.135599e-10      5.902429e-03     -1.891758e-08
[itstep]       104    2.000         1.049e-01     -2.7799380297      3.974968e-10      3.288017e-03     -1.053826e-08
[itstep]       105    2.000         1.049e-01     -2.7799380303      2.214313e-10      1.831637e-03     -5.870489e-09
[itstep]       106    2.000         1.049e-01     -2.7799380306      1.233514e-10      1.020339e-03     -3.270238e-09
[update_dt]  (i=107) Reduced time step from   0.104858 to   0.083886
[update_E0]  (i=107) Extrapolated energy ground state E0:  -2.780087
[itstep]       107    2.000         8.389e-02     -2.7799380308      6.871443e-11      5.683925e-04     -1.821726e-09

[info]       steps       dt                E0                 E
[output]       108    0.084     -2.7800868267     -2.7799380308
