[conf]                N               2
[conf]                J            4.000
[conf]             beta           1.000
[conf]              dt0       4.000e-01
[conf]        eps_trunc       1.000e-04
[conf]           eps_dt       9.000e-02
[conf]          eps_tol       1.000e-03
[conf]             Dmax              10
[conf]           dt_red           0.800
[conf]         phys_gap       1.000e-03
[info]           i      MBD                dt                 E           rel_err           exp_err             slope
[itstep]         0    2.000         4.000e-01     -4.1225169339      1.000000e+00      1.000000e-03     -6.114602e+00
[itstep]         1    2.000         4.000e-01     -4.1723564984      1.208960e-02      4.722498e+02     -1.245989e-01
[itstep]         2    2.000         4.000e-01     -4.2064794604      8.178343e-03      3.194665e+02     -8.530741e-02
[itstep]         3    2.000         4.000e-01     -4.2309620974      5.820220e-03      2.273524e+02     -6.120659e-02
[itstep]         4    2.000         4.000e-01     -4.2467284995      3.726434e-03      1.455638e+02     -3.941601e-02
[itstep]         5    2.000         4.000e-01     -4.2561543482      2.219555e-03      8.670138e+01     -2.356462e-02
[itstep]         6    2.000         4.000e-01     -4.2615403963      1.265473e-03      4.943254e+01     -1.346512e-02
[itstep]         7    2.000         4.000e-01     -4.2645387873      7.035933e-04      2.748411e+01     -7.495978e-03
[itstep]         8    2.000         4.000e-01     -4.2661837707      3.857353e-04      1.506779e+01     -4.112458e-03
[itstep]         9    2.000         4.000e-01     -4.2670790166      2.098470e-04      8.197149e+00     -2.238115e-03
[itstep]        10    2.000         4.000e-01     -4.2675641029      1.136811e-04      4.440669e+00     -1.212716e-03
[itstep]        11    2.000         4.000e-01     -4.2678263212      6.144449e-05      2.400175e+00     -6.555457e-04
[itstep]        12    2.000         4.000e-01     -4.2679678837      3.316970e-05      1.295691e+00     -3.539063e-04
[itstep]        13    2.000         4.000e-01     -4.2680442553      1.789414e-05      6.989899e-01     -1.909290e-04
[itstep]        14    2.000         4.000e-01     -4.2680854417      9.649926e-06      3.769502e-01     -1.029658e-04
[itstep]        15    2.000         4.000e-01     -4.2681076485      5.202989e-06      2.032418e-01     -5.551701e-05
[itstep]        16    2.000         4.000e-01     -4.2681196206      2.805023e-06      1.095712e-01     -2.993035e-05
[itstep]        17    2.000         4.000e-01     -4.2681260746      1.512152e-06      5.906845e-02     -1.613512e-05
[itstep]        18    2.000         4.000e-01     -4.2681295538      8.151572e-07      3.184208e-02     -8.697985e-06
[itstep]        19    2.000         4.000e-01     -4.2681314293      4.394203e-07      1.716486e-02     -4.688757e-06
[itstep]        20    2.000         4.000e-01     -4.2681324403      2.368727e-07      9.252841e-03     -2.527510e-06
[itstep]        21    2.000         4.000e-01     -4.2681329853      1.276874e-07      4.987787e-03     -1.362466e-06
[itstep]        22    2.000         4.000e-01     -4.2681332791      6.883030e-08      2.688683e-03     -7.344421e-07
[itstep]        23    2.000         4.000e-01     -4.2681334375      3.710315e-08      1.449342e-03     -3.959030e-07
[update_dt]  (i= 24) Reduced time step from   0.400000 to   0.320000
[update_E0]  (i= 24) Extrapolated energy ground state E0:  -6.066001
[itstep]        24    2.000         3.200e-01     -4.2681335228      2.000053e-08      7.812708e-04     -2.134124e-07
[itstep]        25    2.000         3.200e-01     -4.3688839541      2.360527e-02      2.251174e+03     -3.148451e-01
[itstep]        26    2.000         3.200e-01     -4.3730444458      9.523008e-04      9.081848e+01     -1.300154e-02
[itstep]        27    2.000         3.200e-01     -4.3732502764      4.706803e-05      4.488757e+00     -6.432206e-04
[itstep]        28    2.000         3.200e-01     -4.3732605751      2.354911e-06      2.245818e-01     -3.218317e-05
[itstep]        29    2.000         3.200e-01     -4.3732610979      1.195626e-07      1.140238e-02     -1.633995e-06
[update_dt]  (i= 30) Reduced time step from   0.320000 to   0.256000
[update_E0]  (i= 30) Extrapolated energy ground state E0:  -4.446195
[itstep]        30    2.000         2.560e-01     -4.3732611292      7.153230e-09      6.821851e-04     -9.775919e-08
[itstep]        31    2.000         2.560e-01     -4.4227034105      1.130559e-02      2.632287e+03     -1.931339e-01
[itstep]        32    2.000         2.560e-01     -4.4264945687      8.572038e-04      1.995833e+02     -1.480921e-02
[itstep]        33    2.000         2.560e-01     -4.4268440702      7.895672e-05      1.838355e+01     -1.365240e-03
[itstep]        34    2.000         2.560e-01     -4.4268769373      7.424490e-06      1.728649e+00     -1.283870e-04
[itstep]        35    2.000         2.560e-01     -4.4268800346      6.996716e-07      1.629050e-01     -1.209906e-05
[itstep]        36    2.000         2.560e-01     -4.4268803271      6.606033e-08      1.538087e-02     -1.142348e-06
[itstep]        37    2.000         2.560e-01     -4.4268803550      6.319215e-09      1.471307e-03     -1.092750e-07
[update_dt]  (i= 38) Reduced time step from   0.256000 to   0.204800
[update_E0]  (i= 38) Extrapolated energy ground state E0:  -4.464080
[itstep]        38    2.000         2.048e-01     -4.4268803580      6.642288e-10      1.546528e-04     -1.148618e-08
[itstep]        39    2.000         2.048e-01     -4.4489764634      4.991349e-03      2.837253e+03     -1.078911e-01
[itstep]        40    2.000         2.048e-01     -4.4517318001      6.193192e-04      3.520422e+02     -1.345379e-02
[itstep]        41    2.000         2.048e-01     -4.4521409285      9.190322e-05      5.224093e+01     -1.997698e-03
[itstep]        42    2.000         2.048e-01     -4.4522036085      1.407862e-05      8.002768e+00     -3.060547e-04
[itstep]        43    2.000         2.048e-01     -4.4522132590      2.167567e-06      1.232119e+00     -4.712134e-05
[itstep]        44    2.000         2.048e-01     -4.4522147460      3.339910e-07      1.898519e-01     -7.260739e-06
[itstep]        45    2.000         2.048e-01     -4.4522149752      5.147693e-08      2.926125e-02     -1.119074e-06
[itstep]        46    2.000         2.048e-01     -4.4522150105      7.940094e-09      4.513421e-03     -1.726123e-07
[update_dt]  (i= 47) Reduced time step from   0.204800 to   0.163840
[update_E0]  (i= 47) Extrapolated energy ground state E0:  -4.469791
[itstep]        47    2.000         1.638e-01     -4.4522150160      1.229472e-09      6.988739e-04     -2.672790e-08
[itstep]        48    2.000         1.638e-01     -4.4614290579      2.069541e-03      2.872065e+03     -5.623805e-02
[itstep]        49    2.000         1.638e-01     -4.4631216810      3.793904e-04      5.265099e+02     -1.033095e-02
[itstep]        50    2.000         1.638e-01     -4.4634846780      8.133254e-05      1.128716e+02     -2.215558e-03
[itstep]        51    2.000         1.638e-01     -4.4635658192      1.817889e-05      2.522828e+01     -4.952466e-04
[itstep]        52    2.000         1.638e-01     -4.4635841350      4.103408e-06      5.694622e+00     -1.117910e-04
[itstep]        53    2.000         1.638e-01     -4.4635882787      9.283232e-07      1.288307e+00     -2.529082e-05
[itstep]        54    2.000         1.638e-01     -4.4635892166      2.101247e-07      2.916066e-01     -5.724549e-06
[itstep]        55    2.000         1.638e-01     -4.4635894289      4.756765e-08      6.601338e-02     -1.295914e-06
[itstep]        56    2.000         1.638e-01     -4.4635894770      1.076917e-08      1.494522e-02     -2.933908e-07
[itstep]        57    2.000         1.638e-01     -4.4635894879      2.438629e-09      3.384278e-03     -6.643701e-08
[update_dt]  (i= 58) Reduced time step from   0.163840 to   0.131072
[update_E0]  (i= 58) Extrapolated energy ground state E0:  -4.471481
[itstep]        58    2.000         1.311e-01     -4.4635894903      5.526434e-10      7.669468e-04     -1.505599e-08
[itstep]        59    2.000         1.311e-01     -4.4672388899      8.175930e-04      2.770113e+03     -2.784271e-02
[itstep]        60    2.000         1.311e-01     -4.4681552083      2.051196e-04      6.949723e+02     -6.990954e-03
[itstep]        61    2.000         1.311e-01     -4.4684170159      5.859413e-05      1.985246e+02     -1.997434e-03
[itstep]        62    2.000         1.311e-01     -4.4684954577      1.755471e-05      5.947768e+01     -5.984632e-04
[itstep]        63    2.000         1.311e-01     -4.4685193266      5.341600e-06      1.809804e+01     -1.821054e-04
[itstep]        64    2.000         1.311e-01     -4.4685266249      1.633254e-06      5.533681e+00     -5.568106e-05
[itstep]        65    2.000         1.311e-01     -4.4685288597      5.001325e-07      1.694515e+00     -1.705059e-05
[itstep]        66    2.000         1.311e-01     -4.4685295444      1.532201e-07      5.191300e-01     -5.223606e-06
[itstep]        67    2.000         1.311e-01     -4.4685297542      4.694705e-08      1.590628e-01     -1.600527e-06
[itstep]        68    2.000         1.311e-01     -4.4685298184      1.438538e-08      4.873958e-02     -4.904291e-07
[itstep]        69    2.000         1.311e-01     -4.4685298381      4.408047e-09      1.493505e-02     -1.502799e-07
[itstep]        70    2.000         1.311e-01     -4.4685298442      1.350794e-09      4.576667e-03     -4.605150e-08
[itstep]        71    2.000         1.311e-01     -4.4685298460      4.139804e-10      1.402620e-03     -1.411349e-08
[update_dt]  (i= 72) Reduced time step from   0.131072 to   0.104858
[update_E0]  (i= 72) Extrapolated energy ground state E0:  -4.471957
[itstep]        72    2.000         1.049e-01     -4.4685298466      1.269126e-10      4.299965e-04     -4.326726e-09
[itstep]        73    2.000         1.049e-01     -4.4699199882      3.110960e-04      2.573325e+03     -1.325742e-02
[itstep]        74    2.000         1.049e-01     -4.4703701756      1.007149e-04      8.330939e+02     -4.293322e-03
[itstep]        75    2.000         1.049e-01     -4.4705316477      3.612053e-05      2.987820e+02     -1.539918e-03
[itstep]        76    2.000         1.049e-01     -4.4705924234      1.359473e-05      1.124530e+02     -5.796020e-04
[itstep]        77    2.000         1.049e-01     -4.4706157690      5.222039e-06      4.319569e+01     -2.226411e-04
[itstep]        78    2.000         1.049e-01     -4.4706248105      2.022424e-06      1.672910e+01     -8.622629e-05
[itstep]        79    2.000         1.049e-01     -4.4706283235      7.857961e-07      6.499953e+00     -3.350258e-05
[itstep]        80    2.000         1.049e-01     -4.4706296902      3.057015e-07      2.528703e+00     -1.303365e-05
[itstep]        81    2.000         1.049e-01     -4.4706302221      1.189871e-07      9.842379e-01     -5.073043e-06
[itstep]        82    2.000         1.049e-01     -4.4706304292      4.632182e-08      3.831651e-01     -1.974943e-06
[itstep]        83    2.000         1.049e-01     -4.4706305098      1.803451e-08      1.491780e-01     -7.689059e-07
[itstep]        84    2.000         1.049e-01     -4.4706305412      7.021599e-09      5.808131e-02     -2.993677e-07
[itstep]        85    2.000         1.049e-01     -4.4706305535      2.733843e-09      2.261382e-02     -1.165581e-07
[itstep]        86    2.000         1.049e-01     -4.4706305582      1.064427e-09      8.804731e-03     -4.538210e-08
[itstep]        87    2.000         1.049e-01     -4.4706305601      4.144415e-10      3.428180e-03     -1.766982e-08
[itstep]        88    2.000         1.049e-01     -4.4706305608      1.613686e-10      1.334810e-03     -6.879991e-09
[update_dt]  (i= 89) Reduced time step from   0.104858 to   0.083886
[update_E0]  (i= 89) Extrapolated energy ground state E0:  -4.472088
[itstep]        89    2.000         8.389e-02     -4.4706305611      6.283681e-11      5.197739e-04     -2.679064e-09

[info]       steps       dt                E0                 E
[output]        90    0.084     -4.4720879673     -4.4706305611
