[conf]                N               2
[conf]                J            3.310
[conf]             beta           1.000
[conf]              dt0       4.000e-01
[conf]        eps_trunc       1.000e-04
[conf]           eps_dt       9.000e-02
[conf]          eps_tol       1.000e-03
[conf]             Dmax              10
[conf]           dt_red           0.800
[conf]         phys_gap       1.000e-03
[info]           i      MBD                dt                 E           rel_err           exp_err             slope
[itstep]         0    2.000         4.000e-01     -3.7206616858      1.000000e+00      1.000000e-03     -1.240249e+01
[itstep]         1    2.000         4.000e-01     -3.7170902383     -9.598958e-04      3.749593e+01      8.928619e-03
[itstep]         2    2.000         4.000e-01     -3.7280133856      2.938628e-03      1.147902e+02     -2.730787e-02
[itstep]         3    2.000         4.000e-01     -3.7354193622      1.986575e-03      7.760057e+01     -1.851494e-02
[itstep]         4    2.000         4.000e-01     -3.7394645444      1.082926e-03      4.230179e+01     -1.011296e-02
[itstep]         5    2.000         4.000e-01     -3.7416190613      5.761565e-04      2.250611e+01     -5.386292e-03
[itstep]         6    2.000         4.000e-01     -3.7427577755      3.043373e-04      1.188817e+01     -2.846785e-03
[itstep]         7    2.000         4.000e-01     -3.7433574006      1.602094e-04      6.258181e+00     -1.499063e-03
[itstep]         8    2.000         4.000e-01     -3.7436725480      8.418845e-05      3.288611e+00     -7.878686e-04
[itstep]         9    2.000         4.000e-01     -3.7438380151      4.419914e-05      1.726529e+00     -4.136677e-04
[itstep]        10    2.000         4.000e-01     -3.7439248472      2.319335e-05      9.059902e-01     -2.170804e-04
[itstep]        11    2.000         4.000e-01     -3.7439704015      1.216752e-05      4.752938e-01     -1.138857e-04
[itstep]        12    2.000         4.000e-01     -3.7439942970      6.382377e-06      2.493116e-01     -5.973857e-05
[itstep]        13    2.000         4.000e-01     -3.7440068303      3.347590e-06      1.307652e-01     -3.133339e-05
[itstep]        14    2.000         4.000e-01     -3.7440134039      1.755763e-06      6.858450e-02     -1.643397e-05
[itstep]        15    2.000         4.000e-01     -3.7440168516      9.208551e-07      3.597090e-02     -8.619235e-06
[itstep]        16    2.000         4.000e-01     -3.7440186598      4.829612e-07      1.886567e-02     -4.520537e-06
[itstep]        17    2.000         4.000e-01     -3.7440196082      2.532975e-07      9.894433e-03     -2.370876e-06
[itstep]        18    2.000         4.000e-01     -3.7440201055      1.328459e-07      5.189295e-03     -1.243445e-06
[itstep]        19    2.000         4.000e-01     -3.7440203664      6.967309e-08      2.721605e-03     -6.521436e-07
[itstep]        20    2.000         4.000e-01     -3.7440205032      3.654109e-08      1.427386e-03     -3.420265e-07
[update_dt]  (i= 21) Reduced time step from   0.400000 to   0.320000
[update_E0]  (i= 21) Extrapolated energy ground state E0:  -7.202002
[itstep]        21    2.000         3.200e-01     -3.7440205750      1.916451e-08      7.486138e-04     -1.793808e-07
[itstep]        22    2.000         3.200e-01     -3.8054718606      1.641318e-02      1.565283e+03     -1.920353e-01
[itstep]        23    2.000         3.200e-01     -3.8092682429      9.976114e-04      9.513964e+01     -1.186369e-02
[itstep]        24    2.000         3.200e-01     -3.8095498018      7.391419e-05      7.049006e+00     -8.798718e-04
[itstep]        25    2.000         3.200e-01     -3.8095710199      5.569707e-06      5.311686e-01     -6.630649e-05
[itstep]        26    2.000         3.200e-01     -3.8095726249      4.212991e-07      4.017821e-02     -5.015527e-06
[itstep]        27    2.000         3.200e-01     -3.8095727488      3.254239e-08      3.103484e-03     -3.874143e-07
[update_dt]  (i= 28) Reduced time step from   0.320000 to   0.256000
[update_E0]  (i= 28) Extrapolated energy ground state E0:  -3.855051
[itstep]        28    2.000         2.560e-01     -3.8095727600      2.934062e-09      2.798139e-04     -3.492975e-08
[itstep]        29    2.000         2.560e-01     -3.8381820261      7.509836e-03      1.748520e+03     -1.117549e-01
[itstep]        30    2.000         2.560e-01     -3.8412026583      7.869956e-04      1.832367e+02     -1.179934e-02
[itstep]        31    2.000         2.560e-01     -3.8415839510      9.926389e-05      2.311167e+01     -1.489425e-03
[itstep]        32    2.000         2.560e-01     -3.8416333918      1.286988e-05      2.996503e+00     -1.931279e-04
[itstep]        33    2.000         2.560e-01     -3.8416398257      1.674780e-06      3.899400e-01     -2.513238e-05
[itstep]        34    2.000         2.560e-01     -3.8416406635      2.180796e-07      5.077562e-02     -3.272591e-06
[itstep]        35    2.000         2.560e-01     -3.8416407726      2.842266e-08      6.617666e-03     -4.265221e-07
[update_dt]  (i= 36) Reduced time step from   0.256000 to   0.204800
[update_E0]  (i= 36) Extrapolated energy ground state E0:  -3.863889
[itstep]        36    2.000         2.048e-01     -3.8416407869      3.721342e-09      8.664424e-04     -5.584398e-08
[itstep]        37    2.000         2.048e-01     -3.8539081343      3.193257e-03      1.815157e+03     -5.989916e-02
[itstep]        38    2.000         2.048e-01     -3.8558854532      5.130685e-04      2.916457e+02     -9.654877e-03
[itstep]        39    2.000         2.048e-01     -3.8562603935      9.723845e-05      5.527366e+01     -1.830763e-03
[itstep]        40    2.000         2.048e-01     -3.8563342411      1.915006e-05      1.088555e+01     -3.605840e-04
[itstep]        41    2.000         2.048e-01     -3.8563489003      3.801307e-06      2.160793e+00     -7.157768e-05
[itstep]        42    2.000         2.048e-01     -3.8563518147      7.557602e-07      4.296000e-01     -1.423084e-05
[itstep]        43    2.000         2.048e-01     -3.8563523944      1.503062e-07      8.543918e-02     -2.830242e-06
[itstep]        44    2.000         2.048e-01     -3.8563525097      2.989619e-08      1.699402e-02     -5.629406e-07
[itstep]        45    2.000         2.048e-01     -3.8563525326      5.947488e-09      3.380756e-03     -1.119903e-07
[update_dt]  (i= 46) Reduced time step from   0.204800 to   0.163840
[update_E0]  (i= 46) Extrapolated energy ground state E0:  -3.866559
[itstep]        46    2.000         1.638e-01     -3.8563525372      1.183959e-09      6.730026e-04     -2.229376e-08
[itstep]        47    2.000         1.638e-01     -3.8613068099      1.284704e-03      1.782885e+03     -3.023848e-02
[itstep]        48    2.000         1.638e-01     -3.8624273477      2.901965e-04      4.027285e+02     -6.839219e-03
[itstep]        49    2.000         1.638e-01     -3.8627184539      7.536874e-05      1.045951e+02     -1.776772e-03
[itstep]        50    2.000         1.638e-01     -3.8627976282      2.049703e-05      2.844535e+01     -4.832414e-04
[itstep]        51    2.000         1.638e-01     -3.8628194524      5.649834e-06      7.840719e+00     -1.332041e-04
[itstep]        52    2.000         1.638e-01     -3.8628254909      1.563237e-06      2.169427e+00     -3.685608e-05
[itstep]        53    2.000         1.638e-01     -3.8628271634      4.329836e-07      6.008854e-01     -1.020837e-05
[itstep]        54    2.000         1.638e-01     -3.8628276268      1.199625e-07      1.664814e-01     -2.828335e-06
[itstep]        55    2.000         1.638e-01     -3.8628277552      3.323959e-08      4.612920e-02     -7.836841e-07
[itstep]        56    2.000         1.638e-01     -3.8628277908      9.210402e-09      1.278200e-02     -2.171521e-07
[itstep]        57    2.000         1.638e-01     -3.8628278007      2.552191e-09      3.541876e-03     -6.017256e-08
[update_dt]  (i= 58) Reduced time step from   0.163840 to   0.131072
[update_E0]  (i= 58) Extrapolated energy ground state E0:  -3.867320
[itstep]        58    2.000         1.311e-01     -3.8628278034      7.072525e-10      9.815100e-04     -1.667477e-08
[itstep]        59    2.000         1.311e-01     -3.8647417890      4.954882e-04      1.678779e+03     -1.460255e-02
[itstep]        60    2.000         1.311e-01     -3.8653113741      1.473799e-04      4.993424e+02     -4.345589e-03
[itstep]        61    2.000         1.311e-01     -3.8655008918      4.903038e-05      1.661214e+02     -1.445905e-03
[itstep]        62    2.000         1.311e-01     -3.8655670843      1.712391e-05      5.801807e+01     -5.050087e-04
[itstep]        63    2.000         1.311e-01     -3.8655906421      6.094266e-06      2.064818e+01     -1.797317e-04
[itstep]        64    2.000         1.311e-01     -3.8655990848      2.184067e-06      7.399907e+00     -6.441276e-05
[itstep]        65    2.000         1.311e-01     -3.8656021182      7.847122e-07      2.658708e+00     -2.314287e-05
[itstep]        66    2.000         1.311e-01     -3.8656032090      2.821968e-07      9.561198e-01     -8.322604e-06
[itstep]        67    2.000         1.311e-01     -3.8656036015      1.015165e-07      3.439514e-01     -2.993947e-06
[itstep]        68    2.000         1.311e-01     -3.8656037426      3.652356e-08      1.237466e-01     -1.077161e-06
[itstep]        69    2.000         1.311e-01     -3.8656037934      1.314099e-08      4.452341e-02     -3.875569e-07
[itstep]        70    2.000         1.311e-01     -3.8656038117      4.728137e-09      1.601955e-02     -1.394433e-07
[itstep]        71    2.000         1.311e-01     -3.8656038183      1.701201e-09      5.763892e-03     -5.017218e-08
[itstep]        72    2.000         1.311e-01     -3.8656038207      6.121012e-10      2.073879e-03     -1.805222e-08
[update_dt]  (i= 73) Reduced time step from   0.131072 to   0.104858
[update_E0]  (i= 73) Extrapolated energy ground state E0:  -3.867530
[itstep]        73    2.000         1.049e-01     -3.8656038215      2.202398e-10      7.462015e-04     -6.495360e-09
[itstep]        74    2.000         1.049e-01     -3.8663187573      1.849480e-04      1.529854e+03     -6.818159e-03
[itstep]        75    2.000         1.049e-01     -3.8665849432      6.884738e-05      5.694922e+02     -2.538547e-03
[itstep]        76    2.000         1.049e-01     -3.8666929019      2.792093e-05      2.309566e+02     -1.029574e-03
[itstep]        77    2.000         1.049e-01     -3.8667387474      1.185651e-05      9.807473e+01     -4.372165e-04
[itstep]        78    2.000         1.049e-01     -3.8667586560      5.148694e-06      4.258900e+01     -1.898637e-04
[itstep]        79    2.000         1.049e-01     -3.8667673912      2.259051e-06      1.868643e+01     -8.330541e-05
[itstep]        80    2.000         1.049e-01     -3.8667712418      9.958193e-07      8.237224e+00     -3.672220e-05
[itstep]        81    2.000         1.049e-01     -3.8667729428      4.398849e-07      3.638643e+00     -1.622137e-05
[itstep]        82    2.000         1.049e-01     -3.8667736948      1.944909e-07      1.608791e+00     -7.172127e-06
[itstep]        83    2.000         1.049e-01     -3.8667740275      8.602751e-08      7.116029e-01     -3.172387e-06
[itstep]        84    2.000         1.049e-01     -3.8667741746      3.805873e-08      3.148144e-01     -1.403470e-06
[itstep]        85    2.000         1.049e-01     -3.8667742398      1.683861e-08      1.392857e-01     -6.209477e-07
[itstep]        86    2.000         1.049e-01     -3.8667742686      7.450295e-09      6.162739e-02     -2.747403e-07
[itstep]        87    2.000         1.049e-01     -3.8667742813      3.296460e-09      2.726767e-02     -1.215617e-07
[itstep]        88    2.000         1.049e-01     -3.8667742870      1.458562e-09      1.206494e-02     -5.378657e-08
[itstep]        89    2.000         1.049e-01     -3.8667742894      6.453619e-10      5.338308e-03     -2.379864e-08
[itstep]        90    2.000         1.049e-01     -3.8667742906      2.855508e-10      2.362020e-03     -1.053009e-08
[itstep]        91    2.000         1.049e-01     -3.8667742910      1.263463e-10      1.045112e-03     -4.659202e-09
[update_dt]  (i= 92) Reduced time step from   0.104858 to   0.083886
[update_E0]  (i= 92) Extrapolated energy ground state E0:  -3.867586
[itstep]        92    2.000         8.389e-02     -3.8667742913      5.590499e-11      4.624352e-04     -2.061577e-09

[info]       steps       dt                E0                 E
[output]        93    0.084     -3.8675863245     -3.8667742913
