[conf]                N               5
[conf]                J            2.897
[conf]             beta           1.000
[conf]              dt0       4.000e-01
[conf]        eps_trunc       1.000e-04
[conf]           eps_dt       9.000e-02
[conf]          eps_tol       1.000e-03
[conf]             Dmax              10
[conf]           dt_red           0.800
[conf]         phys_gap       1.000e-03
[info]           i      MBD                dt                 E           rel_err           exp_err             slope
[itstep]         0    3.000         4.000e-01    -11.5349470441      1.000000e+00      1.000000e-03     -4.034563e+01
[itstep]         1    3.000         4.000e-01    -11.7360631387      1.743537e-02      6.810692e+02     -5.027902e-01
[itstep]         2    3.000         4.000e-01    -11.7353008514     -6.495256e-05      2.537209e+00      1.905718e-03
[itstep]         3    3.000         4.000e-01    -11.7349335090     -3.130234e-05      1.222748e+00      9.183559e-04
[itstep]         4    3.000         4.000e-01    -11.7348094919     -1.056820e-05      4.128203e-01      3.100428e-04
[itstep]         5    3.000         4.000e-01    -11.7347267158     -7.053896e-06      2.755428e-01      2.069403e-04
[itstep]         6    3.000         4.000e-01    -11.7346537085     -6.221469e-06      2.430261e-01      1.825181e-04
[itstep]         7    3.000         4.000e-01    -11.7345855477     -5.808506e-06      2.268948e-01      1.704020e-04
[itstep]         8    3.000         4.000e-01    -11.7345213239     -5.473039e-06      2.137906e-01      1.605596e-04
[itstep]         9    3.000         4.000e-01    -11.7344607395     -5.162916e-06      2.016764e-01      1.514609e-04
[itstep]        10    3.000         4.000e-01    -11.7344035952     -4.869786e-06      1.902260e-01      1.428608e-04
[itstep]        11    3.000         4.000e-01    -11.7343497120     -4.591899e-06      1.793711e-01      1.347080e-04
[itstep]        12    3.000         4.000e-01    -11.7342989200     -4.328491e-06      1.690817e-01      1.269801e-04
[itstep]        13    3.000         4.000e-01    -11.7342510564     -4.078950e-06      1.593340e-01      1.196590e-04
[itstep]        14    3.000         4.000e-01    -11.7342059653     -3.842688e-06      1.501050e-01      1.127277e-04
[itstep]        15    3.000         4.000e-01    -11.7341634977     -3.619128e-06      1.413722e-01      1.061690e-04
[itstep]        16    3.000         4.000e-01    -11.7341235112     -3.407704e-06      1.331134e-01      9.996638e-05
[itstep]        17    3.000         4.000e-01    -11.7340858698     -3.207857e-06      1.253069e-01      9.410349e-05
[itstep]        18    3.000         4.000e-01    -11.7340504440     -3.019047e-06      1.179315e-01      8.856439e-05
[itstep]        19    3.000         4.000e-01    -11.7340171106     -2.840744e-06      1.109666e-01      8.333358e-05
[itstep]        20    3.000         4.000e-01    -11.7339857522     -2.672435e-06      1.043920e-01      7.839599e-05
[itstep]        21    3.000         4.000e-01    -11.7339562574     -2.513623e-06      9.818839e-02      7.373704e-05
[itstep]        22    3.000         4.000e-01    -11.7339285203     -2.363829e-06      9.233706e-02      6.934266e-05
[itstep]        23    3.000         4.000e-01    -11.7339024406     -2.222590e-06      8.681993e-02      6.519929e-05
[itstep]        24    3.000         4.000e-01    -11.7338779231     -2.089462e-06      8.161962e-02      6.129387e-05
[itstep]        25    3.000         4.000e-01    -11.7338548775     -1.964019e-06      7.671948e-02      5.761389e-05
[itstep]        26    3.000         4.000e-01    -11.7338332186     -1.845850e-06      7.210351e-02      5.414734e-05
[itstep]        27    3.000         4.000e-01    -11.7338128655     -1.734565e-06      6.775644e-02      5.088274e-05
[itstep]        28    3.000         4.000e-01    -11.7337937418     -1.629789e-06      6.366364e-02      4.780911e-05
[itstep]        29    3.000         4.000e-01    -11.7337757754     -1.531166e-06      5.981118e-02      4.491597e-05
[itstep]        30    3.000         4.000e-01    -11.7337588981     -1.438356e-06      5.618577e-02      4.219336e-05
[itstep]        31    3.000         4.000e-01    -11.7337430454     -1.351033e-06      5.277474e-02      3.963175e-05
[itstep]        32    3.000         4.000e-01    -11.7337281565     -1.268891e-06      4.956607e-02      3.722211e-05
[itstep]        33    3.000         4.000e-01    -11.7337141742     -1.191637e-06      4.654830e-02      3.495585e-05
[itstep]        34    3.000         4.000e-01    -11.7337010443     -1.118991e-06      4.371059e-02      3.282481e-05
[itstep]        35    3.000         4.000e-01    -11.7336887158     -1.050691e-06      4.104263e-02      3.082124e-05
[itstep]        36    3.000         4.000e-01    -11.7336771407     -9.864871e-07      3.853465e-02      2.893783e-05
[itstep]        37    3.000         4.000e-01    -11.7336662736     -9.261416e-07      3.617740e-02      2.716761e-05
[itstep]        38    3.000         4.000e-01    -11.7336560720     -8.694306e-07      3.396213e-02      2.550402e-05
[itstep]        39    3.000         4.000e-01    -11.7336464957     -8.161422e-07      3.188055e-02      2.394083e-05
[itstep]        40    3.000         4.000e-01    -11.7336375068     -7.660756e-07      2.992483e-02      2.247215e-05
[itstep]        41    3.000         4.000e-01    -11.7336290698     -7.190415e-07      2.808756e-02      2.109243e-05
[itstep]        42    3.000         4.000e-01    -11.7336211513     -6.748609e-07      2.636175e-02      1.979642e-05
[itstep]        43    3.000         4.000e-01    -11.7336137196     -6.333646e-07      2.474081e-02      1.857915e-05
[itstep]        44    3.000         4.000e-01    -11.7336067452     -5.943933e-07      2.321849e-02      1.743595e-05
[itstep]        45    3.000         4.000e-01    -11.7336002003     -5.577965e-07      2.178893e-02      1.636241e-05
[itstep]        46    3.000         4.000e-01    -11.7335940585     -5.234324e-07      2.044658e-02      1.535437e-05
[itstep]        47    3.000         4.000e-01    -11.7335882954     -4.911671e-07      1.918622e-02      1.440789e-05
[itstep]        48    3.000         4.000e-01    -11.7335828876     -4.608747e-07      1.800292e-02      1.351929e-05
[itstep]        49    3.000         4.000e-01    -11.7335778136     -4.324365e-07      1.689205e-02      1.268508e-05
[itstep]        50    3.000         4.000e-01    -11.7335730528     -4.057407e-07      1.584925e-02      1.190198e-05
[itstep]        51    3.000         4.000e-01    -11.7335685861     -3.806820e-07      1.487039e-02      1.116690e-05
[itstep]        52    3.000         4.000e-01    -11.7335643953     -3.571614e-07      1.395162e-02      1.047694e-05
[itstep]        53    3.000         4.000e-01    -11.7335604635     -3.350855e-07      1.308928e-02      9.829367e-06
[itstep]        54    3.000         4.000e-01    -11.7335567749     -3.143666e-07      1.227995e-02      9.221599e-06
[itstep]        55    3.000         4.000e-01    -11.7335533144     -2.949223e-07      1.152040e-02      8.651219e-06
[itstep]        56    3.000         4.000e-01    -11.7335500680     -2.766749e-07      1.080761e-02      8.115949e-06
[itstep]        57    3.000         4.000e-01    -11.7335470226     -2.595514e-07      1.013873e-02      7.613649e-06
[itstep]        58    3.000         4.000e-01    -11.7335441657     -2.434833e-07      9.511065e-03      7.142306e-06
[itstep]        59    3.000         4.000e-01    -11.7335414856     -2.284059e-07      8.922106e-03      6.700027e-06
[itstep]        60    3.000         4.000e-01    -11.7335389716     -2.142587e-07      8.369482e-03      6.285034e-06
[itstep]        61    3.000         4.000e-01    -11.7335366134     -2.009848e-07      7.850968e-03      5.895657e-06
[itstep]        62    3.000         4.000e-01    -11.7335344012     -1.885305e-07      7.364473e-03      5.530324e-06
[itstep]        63    3.000         4.000e-01    -11.7335323262     -1.768456e-07      6.908032e-03      5.187561e-06
[itstep]        64    3.000         4.000e-01    -11.7335303798     -1.658829e-07      6.479800e-03      4.865980e-06
[itstep]        65    3.000         4.000e-01    -11.7335285541     -1.555979e-07      6.078043e-03      4.564282e-06
[itstep]        66    3.000         4.000e-01    -11.7335268416     -1.459490e-07      5.701133e-03      4.281242e-06
[itstep]        67    3.000         4.000e-01    -11.7335252353     -1.368970e-07      5.347541e-03      4.015713e-06
[itstep]        68    3.000         4.000e-01    -11.7335237287     -1.284052e-07      5.015830e-03      3.766615e-06
[itstep]        69    3.000         4.000e-01    -11.7335223155     -1.204391e-07      4.704653e-03      3.532938e-06
[itstep]        70    3.000         4.000e-01    -11.7335209900     -1.129662e-07      4.412743e-03      3.313729e-06
[itstep]        71    3.000         4.000e-01    -11.7335197468     -1.059562e-07      4.138913e-03      3.108097e-06
[itstep]        72    3.000         4.000e-01    -11.7335185807     -9.938036e-08      3.882045e-03      2.915204e-06
[itstep]        73    3.000         4.000e-01    -11.7335174870     -9.321201e-08      3.641094e-03      2.734262e-06
[itstep]        74    3.000         4.000e-01    -11.7335164612     -8.742594e-08      3.415076e-03      2.564535e-06
[itstep]        75    3.000         4.000e-01    -11.7335154990     -8.199853e-08      3.203068e-03      2.405328e-06
[itstep]        76    3.000         4.000e-01    -11.7335145966     -7.690761e-08      3.004204e-03      2.255992e-06
[itstep]        77    3.000         4.000e-01    -11.7335137503     -7.213237e-08      2.817671e-03      2.115916e-06
[itstep]        78    3.000         4.000e-01    -11.7335129565     -6.765329e-08      2.642706e-03      1.984527e-06
[itstep]        79    3.000         4.000e-01    -11.7335122120     -6.345202e-08      2.478595e-03      1.861288e-06
[itstep]        80    3.000         4.000e-01    -11.7335115137     -5.951140e-08      2.324664e-03      1.745694e-06
[itstep]        81    3.000         4.000e-01    -11.7335108588     -5.581526e-08      2.180284e-03      1.637273e-06
[itstep]        82    3.000         4.000e-01    -11.7335102445     -5.234848e-08      2.044862e-03      1.535579e-06
[itstep]        83    3.000         4.000e-01    -11.7335096685     -4.909685e-08      1.917846e-03      1.440196e-06
[itstep]        84    3.000         4.000e-01    -11.7335091282     -4.604702e-08      1.798712e-03      1.350733e-06
[itstep]        85    3.000         4.000e-01    -11.7335086214     -4.318651e-08      1.686973e-03      1.266823e-06
[itstep]        86    3.000         4.000e-01    -11.7335081462     -4.050358e-08      1.582171e-03      1.188123e-06
[itstep]        87    3.000         4.000e-01    -11.7335077005     -3.798721e-08      1.483876e-03      1.114308e-06
[itstep]        88    3.000         4.000e-01    -11.7335072824     -3.562708e-08      1.391683e-03      1.045077e-06
[itstep]        89    3.000         4.000e-01    -11.7335068904     -3.341351e-08      1.305215e-03      9.801441e-07
[itstep]        90    3.000         4.000e-01    -11.7335065227     -3.133739e-08      1.224117e-03      9.192436e-07
[itstep]        91    3.000         4.000e-01    -11.7335061778     -2.939020e-08      1.148055e-03      8.621253e-07
[itstep]        92    3.000         4.000e-01    -11.7335058544     -2.756395e-08      1.076717e-03      8.085544e-07
[itstep]        93    3.000         4.000e-01    -11.7335055511     -2.585112e-08      1.009809e-03      7.583107e-07
[update_dt]  (i= 94) Reduced time step from   0.400000 to   0.320000
[update_E0]  (i= 94) Extrapolated energy ground state E0: -23.067444
[itstep]        94    3.000         3.200e-01    -11.7335052666     -2.424469e-08      9.470583e-04      7.111881e-07
[itstep]        95    3.000         3.200e-01    -11.9619198946      1.946687e-02      1.856505e+03     -7.137957e-01
[itstep]        96    3.000         3.200e-01    -11.9712260329      7.779803e-04      7.419399e+01     -2.908168e-02
[itstep]        97    3.000         3.200e-01    -11.9724970966      1.061766e-04      1.012579e+01     -3.972074e-03
[itstep]        98    3.000         3.200e-01    -11.9727573675      2.173907e-05      2.073199e+00     -8.133467e-04
[itstep]        99    3.000         3.200e-01    -11.9728149103      4.806141e-06      4.583493e-01     -1.798211e-04
[itstep]       100    3.000         3.200e-01    -11.9728278437      1.080237e-06      1.030194e-01     -4.041711e-05
[itstep]       101    3.000         3.200e-01    -11.9728307855      2.456988e-07      2.343167e-02     -9.192843e-06
[itstep]       102    3.000         3.200e-01    -11.9728314786      5.789114e-08      5.520930e-03     -2.166003e-06
[itstep]       103    3.000         3.200e-01    -11.9728316641      1.549638e-08      1.477850e-03     -5.797986e-07
[update_dt]  (i=104) Reduced time step from   0.320000 to   0.256000
[update_E0]  (i=104) Extrapolated energy ground state E0: -12.138869
[itstep]       104    3.000         2.560e-01    -11.9728317342      5.853879e-09      5.582694e-04     -2.190235e-07
[itstep]       105    3.000         2.560e-01    -12.0890795552      9.709300e-03      2.260623e+03     -4.540931e-01
[itstep]       106    3.000         2.560e-01    -12.0961494654      5.848179e-04      1.361635e+02     -2.761684e-02
[itstep]       107    3.000         2.560e-01    -12.0972144486      8.804316e-05      2.049915e+01     -4.160091e-03
[itstep]       108    3.000         2.560e-01    -12.0974789728      2.186654e-05      5.091201e+00     -1.033298e-03
[itstep]       109    3.000         2.560e-01    -12.0975561428      6.379009e-06      1.485229e+00     -3.014450e-04
[itstep]       110    3.000         2.560e-01    -12.0975796246      1.941041e-06      4.519339e-01     -9.172601e-05
[itstep]       111    3.000         2.560e-01    -12.0975868743      5.992630e-07      1.395268e-01     -2.831887e-05
[itstep]       112    3.000         2.560e-01    -12.0975891432      1.875569e-07      4.366900e-02     -8.863227e-06
[itstep]       113    3.000         2.560e-01    -12.0975898763      6.059250e-08      1.410779e-02     -2.863372e-06
[itstep]       114    3.000         2.560e-01    -12.0975901343      2.132649e-08      4.965460e-03     -1.007809e-06
[itstep]       115    3.000         2.560e-01    -12.0975902448      9.133300e-09      2.126512e-03     -4.316052e-07
[itstep]       116    3.000         2.560e-01    -12.0975903090      5.306879e-09      1.235604e-03     -2.507830e-07
[update_dt]  (i=117) Reduced time step from   0.256000 to   0.204800
[update_E0]  (i=117) Extrapolated energy ground state E0: -12.184144
[itstep]       117    3.000         2.048e-01    -12.0975903582      4.068312e-09      9.472277e-04     -1.922530e-07
[itstep]       118    3.000         2.048e-01    -12.1523374342      4.525453e-03      2.572422e+03     -2.673197e-01
[itstep]       119    3.000         2.048e-01    -12.1573200091      4.100096e-04      2.330635e+02     -2.432898e-02
[itstep]       120    3.000         2.048e-01    -12.1581657079      6.956293e-05      3.954195e+01     -4.129389e-03
[itstep]       121    3.000         2.048e-01    -12.1583933657      1.872469e-05      1.064375e+01     -1.111611e-03
[itstep]       122    3.000         2.048e-01    -12.1584715063      6.426882e-06      3.653259e+00     -3.815457e-04
[itstep]       123    3.000         2.048e-01    -12.1585008775      2.415702e-06      1.373167e+00     -1.434143e-04
[itstep]       124    3.000         2.048e-01    -12.1585122719      9.371546e-07      5.327107e-01     -5.563670e-05
[itstep]       125    3.000         2.048e-01    -12.1585167518      3.684560e-07      2.094430e-01     -2.187440e-05
[itstep]       126    3.000         2.048e-01    -12.1585185317      1.463921e-07      8.321429e-02     -8.690972e-06
[itstep]       127    3.000         2.048e-01    -12.1585192510      5.916225e-08      3.362985e-02     -3.512331e-06
[itstep]       128    3.000         2.048e-01    -12.1585195525      2.479703e-08      1.409548e-02     -1.472144e-06
[itstep]       129    3.000         2.048e-01    -12.1585196890      1.122870e-08      6.382776e-03     -6.666228e-07
[itstep]       130    3.000         2.048e-01    -12.1585197602      5.855179e-09      3.328284e-03     -3.476089e-07
[itstep]       131    3.000         2.048e-01    -12.1585198054      3.713659e-09      2.110971e-03     -2.204717e-07
[itstep]       132    3.000         2.048e-01    -12.1585198400      2.847611e-09      1.618679e-03     -1.690563e-07
[itstep]       133    3.000         2.048e-01    -12.1585198702      2.485238e-09      1.412694e-03     -1.475431e-07
[itstep]       134    3.000         2.048e-01    -12.1585198985      2.321975e-09      1.319890e-03     -1.378505e-07
[itstep]       135    3.000         2.048e-01    -12.1585199257      2.237616e-09      1.271938e-03     -1.328423e-07
[itstep]       136    3.000         2.048e-01    -12.1585199522      2.184697e-09      1.241856e-03     -1.297006e-07
[itstep]       137    3.000         2.048e-01    -12.1585199783      2.144485e-09      1.218999e-03     -1.273133e-07
[itstep]       138    3.000         2.048e-01    -12.1585200039      2.109573e-09      1.199154e-03     -1.252407e-07
[itstep]       139    3.000         2.048e-01    -12.1585200292      2.077038e-09      1.180660e-03     -1.233091e-07
[itstep]       140    3.000         2.048e-01    -12.1585200541      2.045723e-09      1.162859e-03     -1.214500e-07
[itstep]       141    3.000         2.048e-01    -12.1585200786      2.015158e-09      1.145485e-03     -1.196355e-07
[itstep]       142    3.000         2.048e-01    -12.1585201027      1.985165e-09      1.128435e-03     -1.178548e-07
[itstep]       143    3.000         2.048e-01    -12.1585201265      1.955661e-09      1.111665e-03     -1.161032e-07
[itstep]       144    3.000         2.048e-01    -12.1585201499      1.926610e-09      1.095151e-03     -1.143785e-07
[itstep]       145    3.000         2.048e-01    -12.1585201730      1.898003e-09      1.078890e-03     -1.126802e-07
[itstep]       146    3.000         2.048e-01    -12.1585201957      1.869818e-09      1.062868e-03     -1.110069e-07
[itstep]       147    3.000         2.048e-01    -12.1585202181      1.842055e-09      1.047087e-03     -1.093587e-07
[itstep]       148    3.000         2.048e-01    -12.1585202402      1.814704e-09      1.031540e-03     -1.077350e-07
[itstep]       149    3.000         2.048e-01    -12.1585202619      1.787758e-09      1.016223e-03     -1.061352e-07
[itstep]       150    3.000         2.048e-01    -12.1585202833      1.761218e-09      1.001136e-03     -1.045596e-07
[update_dt]  (i=151) Reduced time step from   0.204800 to   0.163840
[update_E0]  (i=151) Extrapolated energy ground state E0: -12.200791
[itstep]       151    3.000         1.638e-01    -12.1585203044      1.735063e-09      9.862692e-04     -1.030068e-07
[itstep]       152    3.000         1.638e-01    -12.1826244921      1.982494e-03      2.751262e+03     -1.471203e-01
[itstep]       153    3.000         1.638e-01    -12.1858159244      2.619659e-04      3.635507e+02     -1.947896e-02
[itstep]       154    3.000         1.638e-01    -12.1864608446      5.292384e-05      7.344658e+01     -3.936280e-03
[itstep]       155    3.000         1.638e-01    -12.1866440048      1.502981e-05      2.085806e+01     -1.117921e-03
[itstep]       156    3.000         1.638e-01    -12.1867114925      5.537840e-06      7.685297e+00     -4.119121e-04
[itstep]       157    3.000         1.638e-01    -12.1867402201      2.357290e-06      3.271397e+00     -1.753394e-04
[itstep]       158    3.000         1.638e-01    -12.1867532737      1.071133e-06      1.486495e+00     -7.967294e-05
[itstep]       159    3.000         1.638e-01    -12.1867593741      5.005787e-07      6.946925e-01     -3.723406e-05
[itstep]       160    3.000         1.638e-01    -12.1867622628      2.370335e-07      3.289501e-01     -1.763105e-05
[itstep]       161    3.000         1.638e-01    -12.1867636418      1.131592e-07      1.570400e-01     -8.417019e-06
[itstep]       162    3.000         1.638e-01    -12.1867643057      5.447482e-08      7.559900e-02     -4.051952e-06
[itstep]       163    3.000         1.638e-01    -12.1867646295      2.656601e-08      3.686774e-02     -1.976036e-06
[itstep]       164    3.000         1.638e-01    -12.1867647911      1.326431e-08      1.840793e-02     -9.866274e-07
[itstep]       165    3.000         1.638e-01    -12.1867648754      6.914522e-09      9.595827e-03     -5.143168e-07
[itstep]       166    3.000         1.638e-01    -12.1867649227      3.878262e-09      5.382170e-03     -2.884733e-07
[itstep]       167    3.000         1.638e-01    -12.1867649522      2.422731e-09      3.362215e-03     -1.802079e-07
[itstep]       168    3.000         1.638e-01    -12.1867649732      1.721717e-09      2.389362e-03     -1.280649e-07
[itstep]       169    3.000         1.638e-01    -12.1867649900      1.381011e-09      1.916538e-03     -1.027225e-07
[itstep]       170    3.000         1.638e-01    -12.1867650048      1.212423e-09      1.682574e-03     -9.018255e-08
[itstep]       171    3.000         1.638e-01    -12.1867650185      1.126105e-09      1.562784e-03     -8.376206e-08
[itstep]       172    3.000         1.638e-01    -12.1867650316      1.079146e-09      1.497616e-03     -8.026917e-08
[itstep]       173    3.000         1.638e-01    -12.1867650444      1.051043e-09      1.458615e-03     -7.817879e-08
[itstep]       174    3.000         1.638e-01    -12.1867650570      1.032013e-09      1.432206e-03     -7.676330e-08
[itstep]       175    3.000         1.638e-01    -12.1867650694      1.017373e-09      1.411889e-03     -7.567438e-08
[itstep]       176    3.000         1.638e-01    -12.1867650817      1.004891e-09      1.394566e-03     -7.474592e-08
[itstep]       177    3.000         1.638e-01    -12.1867650938      9.934914e-10      1.378746e-03     -7.389798e-08
[itstep]       178    3.000         1.638e-01    -12.1867651058      9.826735e-10      1.363733e-03     -7.309333e-08
[itstep]       179    3.000         1.638e-01    -12.1867651176      9.721840e-10      1.349176e-03     -7.231310e-08
[itstep]       180    3.000         1.638e-01    -12.1867651293      9.619115e-10      1.334920e-03     -7.154901e-08
[itstep]       181    3.000         1.638e-01    -12.1867651409      9.517911e-10      1.320876e-03     -7.079623e-08
[itstep]       182    3.000         1.638e-01    -12.1867651524      9.418066e-10      1.307019e-03     -7.005357e-08
[itstep]       183    3.000         1.638e-01    -12.1867651638      9.319334e-10      1.293317e-03     -6.931917e-08
[itstep]       184    3.000         1.638e-01    -12.1867651750      9.221741e-10      1.279774e-03     -6.859325e-08
[itstep]       185    3.000         1.638e-01    -12.1867651861      9.125130e-10      1.266366e-03     -6.787464e-08
[itstep]       186    3.000         1.638e-01    -12.1867651971      9.029594e-10      1.253108e-03     -6.716403e-08
[itstep]       187    3.000         1.638e-01    -12.1867652080      8.935020e-10      1.239983e-03     -6.646056e-08
[itstep]       188    3.000         1.638e-01    -12.1867652188      8.841492e-10      1.227004e-03     -6.576488e-08
[itstep]       189    3.000         1.638e-01    -12.1867652294      8.748915e-10      1.214156e-03     -6.507628e-08
[itstep]       190    3.000         1.638e-01    -12.1867652400      8.657298e-10      1.201441e-03     -6.439481e-08
[itstep]       191    3.000         1.638e-01    -12.1867652504      8.566662e-10      1.188863e-03     -6.372064e-08
[itstep]       192    3.000         1.638e-01    -12.1867652608      8.476975e-10      1.176417e-03     -6.305353e-08
[itstep]       193    3.000         1.638e-01    -12.1867652710      8.388216e-10      1.164099e-03     -6.239332e-08
[itstep]       194    3.000         1.638e-01    -12.1867652811      8.300380e-10      1.151909e-03     -6.173998e-08
[itstep]       195    3.000         1.638e-01    -12.1867652911      8.213463e-10      1.139847e-03     -6.109347e-08
[itstep]       196    3.000         1.638e-01    -12.1867653010      8.127491e-10      1.127916e-03     -6.045400e-08
[itstep]       197    3.000         1.638e-01    -12.1867653108      8.042390e-10      1.116106e-03     -5.982100e-08
[itstep]       198    3.000         1.638e-01    -12.1867653205      7.958156e-10      1.104416e-03     -5.919445e-08
[itstep]       199    3.000         1.638e-01    -12.1867653301      7.874858e-10      1.092856e-03     -5.857486e-08
[itstep]       200    3.000         1.638e-01    -12.1867653396      7.792370e-10      1.081409e-03     -5.796130e-08
[itstep]       201    3.000         1.638e-01    -12.1867653490      7.710821e-10      1.070091e-03     -5.735472e-08
[itstep]       202    3.000         1.638e-01    -12.1867653583      7.630081e-10      1.058886e-03     -5.675416e-08
[itstep]       203    3.000         1.638e-01    -12.1867653675      7.550172e-10      1.047797e-03     -5.615978e-08
[itstep]       204    3.000         1.638e-01    -12.1867653766      7.471132e-10      1.036828e-03     -5.557186e-08
[itstep]       205    3.000         1.638e-01    -12.1867653856      7.392897e-10      1.025971e-03     -5.498993e-08
[itstep]       206    3.000         1.638e-01    -12.1867653945      7.315488e-10      1.015228e-03     -5.441414e-08
[itstep]       207    3.000         1.638e-01    -12.1867654034      7.238911e-10      1.004601e-03     -5.384455e-08
[update_dt]  (i=208) Reduced time step from   0.163840 to   0.131072
[update_E0]  (i=208) Extrapolated energy ground state E0: -12.206361
[itstep]       208    3.000         1.311e-01    -12.1867654121      7.163103e-10      9.940803e-04     -5.328068e-08
[itstep]       209    3.000         1.311e-01    -12.1967984788      8.232756e-04      2.789366e+03     -7.654622e-02
[itstep]       210    3.000         1.311e-01    -12.1986493010      1.517466e-04      5.141373e+02     -1.412065e-02
[itstep]       211    3.000         1.311e-01    -12.1991080892      3.760975e-05      1.274268e+02     -3.500276e-03
[itstep]       212    3.000         1.311e-01    -12.1992504953      1.167348e-05      3.955130e+01     -1.086472e-03
[itstep]       213    3.000         1.311e-01    -12.1993049443      4.463305e-06      1.512226e+01     -4.154127e-04
[itstep]       214    3.000         1.311e-01    -12.1993294076      2.005304e-06      6.794234e+00     -1.866403e-04
[itstep]       215    3.000         1.311e-01    -12.1993415576      9.959538e-07      3.374423e+00     -9.269691e-05
[itstep]       216    3.000         1.311e-01    -12.1993479276      5.221591e-07      1.769144e+00     -4.859922e-05
[itstep]       217    3.000         1.311e-01    -12.1993513610      2.814399e-07      9.535556e-01     -2.619464e-05
[itstep]       218    3.000         1.311e-01    -12.1993532383      1.538917e-07      5.214053e-01     -1.432326e-05
[itstep]       219    3.000         1.311e-01    -12.1993542734      8.484270e-08      2.874582e-01     -7.896622e-06
[itstep]       220    3.000         1.311e-01    -12.1993548473      4.704834e-08      1.594060e-01     -4.378963e-06
[itstep]       221    3.000         1.311e-01    -12.1993551674      2.624010e-08      8.890491e-02     -2.442263e-06
[itstep]       222    3.000         1.311e-01    -12.1993553473      1.474637e-08      4.996264e-02     -1.372499e-06
[itstep]       223    3.000         1.311e-01    -12.1993554496      8.385183e-09      2.841011e-02     -7.804400e-07
[itstep]       224    3.000         1.311e-01    -12.1993555089      4.859937e-09      1.646611e-02     -4.523323e-07
[itstep]       225    3.000         1.311e-01    -12.1993555443      2.904222e-09      9.839886e-03     -2.703067e-07
[itstep]       226    3.000         1.311e-01    -12.1993555665      1.818028e-09      6.159718e-03     -1.692106e-07
[itstep]       227    3.000         1.311e-01    -12.1993555813      1.213877e-09      4.112774e-03     -1.129800e-07
[itstep]       228    3.000         1.311e-01    -12.1993555920      8.770716e-10      2.971634e-03     -8.163229e-08
[itstep]       229    3.000         1.311e-01    -12.1993556004      6.885955e-10      2.333052e-03     -6.409013e-08
[itstep]       230    3.000         1.311e-01    -12.1993556075      5.824369e-10      1.973373e-03     -5.420955e-08
[itstep]       231    3.000         1.311e-01    -12.1993556139      5.219717e-10      1.768509e-03     -4.858184e-08
[itstep]       232    3.000         1.311e-01    -12.1993556198      4.868803e-10      1.649615e-03     -4.531575e-08
[itstep]       233    3.000         1.311e-01    -12.1993556255      4.658825e-10      1.578471e-03     -4.336141e-08
[itstep]       234    3.000         1.311e-01    -12.1993556310      4.527223e-10      1.533883e-03     -4.213654e-08
[itstep]       235    3.000         1.311e-01    -12.1993556365      4.439224e-10      1.504067e-03     -4.131749e-08
[itstep]       236    3.000         1.311e-01    -12.1993556418      4.375565e-10      1.482499e-03     -4.072501e-08
[itstep]       237    3.000         1.311e-01    -12.1993556471      4.325523e-10      1.465544e-03     -4.025925e-08
[itstep]       238    3.000         1.311e-01    -12.1993556523      4.283149e-10      1.451187e-03     -3.986485e-08
[itstep]       239    3.000         1.311e-01    -12.1993556575      4.245167e-10      1.438318e-03     -3.951134e-08
[itstep]       240    3.000         1.311e-01    -12.1993556626      4.209684e-10      1.426297e-03     -3.918109e-08
[itstep]       241    3.000         1.311e-01    -12.1993556677      4.175756e-10      1.414801e-03     -3.886530e-08
[itstep]       242    3.000         1.311e-01    -12.1993556728      4.142757e-10      1.403621e-03     -3.855817e-08
[itstep]       243    3.000         1.311e-01    -12.1993556778      4.110405e-10      1.392660e-03     -3.825706e-08
[itstep]       244    3.000         1.311e-01    -12.1993556828      4.078533e-10      1.381861e-03     -3.796041e-08
[itstep]       245    3.000         1.311e-01    -12.1993556877      4.047012e-10      1.371181e-03     -3.766704e-08
[itstep]       246    3.000         1.311e-01    -12.1993556926      4.015769e-10      1.360595e-03     -3.737624e-08
[itstep]       247    3.000         1.311e-01    -12.1993556975      3.984860e-10      1.350123e-03     -3.708856e-08
[itstep]       248    3.000         1.311e-01    -12.1993557023      3.954159e-10      1.339721e-03     -3.680282e-08
[itstep]       249    3.000         1.311e-01    -12.1993557071      3.923743e-10      1.329416e-03     -3.651972e-08
[itstep]       250    3.000         1.311e-01    -12.1993557118      3.893542e-10      1.319183e-03     -3.623863e-08
[itstep]       251    3.000         1.311e-01    -12.1993557165      3.863585e-10      1.309034e-03     -3.595981e-08
[itstep]       252    3.000         1.311e-01    -12.1993557212      3.833872e-10      1.298966e-03     -3.568326e-08
[itstep]       253    3.000         1.311e-01    -12.1993557258      3.804375e-10      1.288973e-03     -3.540873e-08
[itstep]       254    3.000         1.311e-01    -12.1993557304      3.775105e-10      1.279055e-03     -3.513630e-08
[itstep]       255    3.000         1.311e-01    -12.1993557350      3.746051e-10      1.269211e-03     -3.486588e-08
[itstep]       256    3.000         1.311e-01    -12.1993557396      3.717232e-10      1.259447e-03     -3.459765e-08
[itstep]       257    3.000         1.311e-01    -12.1993557441      3.688654e-10      1.249765e-03     -3.433167e-08
[itstep]       258    3.000         1.311e-01    -12.1993557485      3.660263e-10      1.240145e-03     -3.406742e-08
[itstep]       259    3.000         1.311e-01    -12.1993557529      3.632135e-10      1.230615e-03     -3.380563e-08
[itstep]       260    3.000         1.311e-01    -12.1993557573      3.604162e-10      1.221138e-03     -3.354527e-08
[itstep]       261    3.000         1.311e-01    -12.1993557617      3.576426e-10      1.211740e-03     -3.328712e-08
[itstep]       262    3.000         1.311e-01    -12.1993557660      3.548930e-10      1.202424e-03     -3.303121e-08
[itstep]       263    3.000         1.311e-01    -12.1993557703      3.521637e-10      1.193177e-03     -3.277718e-08
[itstep]       264    3.000         1.311e-01    -12.1993557746      3.494526e-10      1.183991e-03     -3.252485e-08
[itstep]       265    3.000         1.311e-01    -12.1993557788      3.467658e-10      1.174888e-03     -3.227477e-08
[itstep]       266    3.000         1.311e-01    -12.1993557830      3.440979e-10      1.165849e-03     -3.202646e-08
[itstep]       267    3.000         1.311e-01    -12.1993557872      3.414525e-10      1.156886e-03     -3.178024e-08
[itstep]       268    3.000         1.311e-01    -12.1993557913      3.388226e-10      1.147976e-03     -3.153547e-08
[itstep]       269    3.000         1.311e-01    -12.1993557954      3.362185e-10      1.139153e-03     -3.129310e-08
[itstep]       270    3.000         1.311e-01    -12.1993557995      3.336302e-10      1.130383e-03     -3.105220e-08
[itstep]       271    3.000         1.311e-01    -12.1993558035      3.310636e-10      1.121687e-03     -3.081331e-08
[itstep]       272    3.000         1.311e-01    -12.1993558075      3.285187e-10      1.113065e-03     -3.057645e-08
[itstep]       273    3.000         1.311e-01    -12.1993558115      3.259903e-10      1.104498e-03     -3.034113e-08
[itstep]       274    3.000         1.311e-01    -12.1993558155      3.234826e-10      1.096002e-03     -3.010773e-08
[itstep]       275    3.000         1.311e-01    -12.1993558194      3.209933e-10      1.087568e-03     -2.987603e-08
[itstep]       276    3.000         1.311e-01    -12.1993558233      3.185249e-10      1.079204e-03     -2.964629e-08
[itstep]       277    3.000         1.311e-01    -12.1993558271      3.160734e-10      1.070898e-03     -2.941812e-08
[itstep]       278    3.000         1.311e-01    -12.1993558309      3.136434e-10      1.062665e-03     -2.919195e-08
[itstep]       279    3.000         1.311e-01    -12.1993558347      3.112304e-10      1.054489e-03     -2.896736e-08
[itstep]       280    3.000         1.311e-01    -12.1993558385      3.088351e-10      1.046374e-03     -2.874442e-08
[itstep]       281    3.000         1.311e-01    -12.1993558423      3.064597e-10      1.038326e-03     -2.852334e-08
[itstep]       282    3.000         1.311e-01    -12.1993558460      3.041026e-10      1.030340e-03     -2.830395e-08
[itstep]       283    3.000         1.311e-01    -12.1993558496      3.017626e-10      1.022411e-03     -2.808616e-08
[itstep]       284    3.000         1.311e-01    -12.1993558533      2.994411e-10      1.014546e-03     -2.787009e-08
[itstep]       285    3.000         1.311e-01    -12.1993558569      2.971373e-10      1.006740e-03     -2.765567e-08
[update_dt]  (i=286) Reduced time step from   0.131072 to   0.104858
[update_E0]  (i=286) Extrapolated energy ground state E0: -12.208091
[itstep]       286    3.000         1.049e-01    -12.1993558605      2.948528e-10      9.990001e-04     -2.744304e-08
[itstep]       287    3.000         1.049e-01    -12.2033451931      3.270117e-04      2.704978e+03     -3.804524e-02
[itstep]       288    3.000         1.049e-01    -12.2043245258      8.025117e-05      6.638221e+02     -9.339644e-03
[itstep]       289    3.000         1.049e-01    -12.2046219505      2.437044e-05      2.015875e+02     -2.836463e-03
[itstep]       290    3.000         1.049e-01    -12.2047267453      8.586486e-06      7.102575e+01     -9.994013e-04
[itstep]       291    3.000         1.049e-01    -12.2047692185      3.480058e-06      2.878636e+01     -4.050556e-04
[itstep]       292    3.000         1.049e-01    -12.2047888637      1.609639e-06      1.331462e+01     -1.873520e-04
[itstep]       293    3.000         1.049e-01    -12.2047989873      8.294708e-07      6.861222e+00     -9.654537e-05
[itstep]       294    3.000         1.049e-01    -12.2048046164      4.612227e-07      3.815145e+00     -5.368357e-05
[itstep]       295    3.000         1.049e-01    -12.2048079005      2.690849e-07      2.225818e+00     -3.131989e-05
[itstep]       296    3.000         1.049e-01    -12.2048098722      1.615450e-07      1.336269e+00     -1.880289e-05
[itstep]       297    3.000         1.049e-01    -12.2048110758      9.862074e-08      8.157716e-01     -1.147888e-05
[itstep]       298    3.000         1.049e-01    -12.2048118180      6.081061e-08      5.030136e-01     -7.077999e-06
[itstep]       299    3.000         1.049e-01    -12.2048122785      3.773501e-08      3.121367e-01     -4.392134e-06
[itstep]       300    3.000         1.049e-01    -12.2048125656      2.352300e-08      1.945777e-01     -2.737939e-06
[itstep]       301    3.000         1.049e-01    -12.2048127453      1.472235e-08      1.217804e-01     -1.713596e-06
[itstep]       302    3.000         1.049e-01    -12.2048128583      9.254529e-09      7.655167e-02     -1.077173e-06
[itstep]       303    3.000         1.049e-01    -12.2048129297      5.850233e-09      4.839200e-02     -6.809330e-07
[itstep]       304    3.000         1.049e-01    -12.2048129752      3.727724e-09      3.083501e-02     -4.338853e-07
[itstep]       305    3.000         1.049e-01    -12.2048130045      2.403054e-09      1.987760e-02     -2.797014e-07
[itstep]       306    3.000         1.049e-01    -12.2048130237      1.575660e-09      1.303355e-02     -1.833976e-07
[itstep]       307    3.000         1.049e-01    -12.2048130366      1.058488e-09      8.755605e-03     -1.232018e-07
[itstep]       308    3.000         1.049e-01    -12.2048130456      7.349689e-10      6.079520e-03     -8.554609e-08
[itstep]       309    3.000         1.049e-01    -12.2048130521      5.323786e-10      4.403732e-03     -6.196576e-08
[itstep]       310    3.000         1.049e-01    -12.2048130570      4.053455e-10      3.352940e-03     -4.717985e-08
[itstep]       311    3.000         1.049e-01    -12.2048130610      3.255207e-10      2.692644e-03     -3.788872e-08
[itstep]       312    3.000         1.049e-01    -12.2048130644      2.752013e-10      2.276411e-03     -3.203182e-08
[itstep]       313    3.000         1.049e-01    -12.2048130673      2.433284e-10      2.012765e-03     -2.832200e-08
[itstep]       314    3.000         1.049e-01    -12.2048130701      2.229847e-10      1.844487e-03     -2.595412e-08
[itstep]       315    3.000         1.049e-01    -12.2048130726      2.098549e-10      1.735879e-03     -2.442589e-08
[itstep]       316    3.000         1.049e-01    -12.2048130751      2.012348e-10      1.664576e-03     -2.342256e-08
[itstep]       317    3.000         1.049e-01    -12.2048130775      1.954401e-10      1.616643e-03     -2.274809e-08
[itstep]       318    3.000         1.049e-01    -12.2048130798      1.914092e-10      1.583300e-03     -2.227891e-08
[itstep]       319    3.000         1.049e-01    -12.2048130821      1.884880e-10      1.559136e-03     -2.193890e-08
[itstep]       320    3.000         1.049e-01    -12.2048130844      1.862605e-10      1.540711e-03     -2.167964e-08
[itstep]       321    3.000         1.049e-01    -12.2048130866      1.844699e-10      1.525899e-03     -2.147122e-08
[itstep]       322    3.000         1.049e-01    -12.2048130889      1.829534e-10      1.513355e-03     -2.129471e-08
[itstep]       323    3.000         1.049e-01    -12.2048130911      1.816144e-10      1.502279e-03     -2.113886e-08
[itstep]       324    3.000         1.049e-01    -12.2048130933      1.803840e-10      1.492101e-03     -2.099564e-08
[itstep]       325    3.000         1.049e-01    -12.2048130955      1.792279e-10      1.482539e-03     -2.086108e-08
[itstep]       326    3.000         1.049e-01    -12.2048130976      1.781167e-10      1.473347e-03     -2.073174e-08
[itstep]       327    3.000         1.049e-01    -12.2048130998      1.770376e-10      1.464421e-03     -2.060614e-08
[itstep]       328    3.000         1.049e-01    -12.2048131020      1.759818e-10      1.455687e-03     -2.048326e-08
[itstep]       329    3.000         1.049e-01    -12.2048131041      1.749419e-10      1.447085e-03     -2.036221e-08
[itstep]       330    3.000         1.049e-01    -12.2048131062      1.739145e-10      1.438587e-03     -2.024263e-08
[itstep]       331    3.000         1.049e-01    -12.2048131083      1.728964e-10      1.430165e-03     -2.012413e-08
[itstep]       332    3.000         1.049e-01    -12.2048131104      1.718860e-10      1.421808e-03     -2.000653e-08
[itstep]       333    3.000         1.049e-01    -12.2048131125      1.708829e-10      1.413510e-03     -1.988977e-08
[itstep]       334    3.000         1.049e-01    -12.2048131146      1.698862e-10      1.405266e-03     -1.977376e-08
[itstep]       335    3.000         1.049e-01    -12.2048131166      1.689004e-10      1.397112e-03     -1.965902e-08
[itstep]       336    3.000         1.049e-01    -12.2048131187      1.679155e-10      1.388965e-03     -1.954439e-08
[itstep]       337    3.000         1.049e-01    -12.2048131207      1.669375e-10      1.380874e-03     -1.943055e-08
[itstep]       338    3.000         1.049e-01    -12.2048131228      1.659672e-10      1.372849e-03     -1.931762e-08
[itstep]       339    3.000         1.049e-01    -12.2048131248      1.650005e-10      1.364852e-03     -1.920510e-08
[itstep]       340    3.000         1.049e-01    -12.2048131268      1.640426e-10      1.356928e-03     -1.909360e-08
[itstep]       341    3.000         1.049e-01    -12.2048131288      1.630869e-10      1.349023e-03     -1.898236e-08
[itstep]       342    3.000         1.049e-01    -12.2048131307      1.621375e-10      1.341170e-03     -1.887186e-08
[itstep]       343    3.000         1.049e-01    -12.2048131327      1.611952e-10      1.333376e-03     -1.876219e-08
[itstep]       344    3.000         1.049e-01    -12.2048131347      1.602575e-10      1.325619e-03     -1.865304e-08
[itstep]       345    3.000         1.049e-01    -12.2048131366      1.593240e-10      1.317897e-03     -1.854438e-08
[itstep]       346    3.000         1.049e-01    -12.2048131385      1.583992e-10      1.310247e-03     -1.843674e-08
[itstep]       347    3.000         1.049e-01    -12.2048131405      1.574767e-10      1.302617e-03     -1.832937e-08
[itstep]       348    3.000         1.049e-01    -12.2048131424      1.565608e-10      1.295040e-03     -1.822276e-08
[itstep]       349    3.000         1.049e-01    -12.2048131443      1.556505e-10      1.287511e-03     -1.811682e-08
[itstep]       350    3.000         1.049e-01    -12.2048131462      1.547442e-10      1.280014e-03     -1.801133e-08
[itstep]       351    3.000         1.049e-01    -12.2048131480      1.538432e-10      1.272561e-03     -1.790645e-08
[itstep]       352    3.000         1.049e-01    -12.2048131499      1.529513e-10      1.265183e-03     -1.780263e-08
[itstep]       353    3.000         1.049e-01    -12.2048131518      1.520601e-10      1.257811e-03     -1.769891e-08
[itstep]       354    3.000         1.049e-01    -12.2048131536      1.511734e-10      1.250477e-03     -1.759570e-08
[itstep]       355    3.000         1.049e-01    -12.2048131554      1.502966e-10      1.243225e-03     -1.749365e-08
[itstep]       356    3.000         1.049e-01    -12.2048131573      1.494228e-10      1.235996e-03     -1.739194e-08
[itstep]       357    3.000         1.049e-01    -12.2048131591      1.485500e-10      1.228776e-03     -1.729035e-08
[itstep]       358    3.000         1.049e-01    -12.2048131609      1.476879e-10      1.221646e-03     -1.719001e-08
[itstep]       359    3.000         1.049e-01    -12.2048131627      1.468293e-10      1.214544e-03     -1.709008e-08
[itstep]       360    3.000         1.049e-01    -12.2048131645      1.459747e-10      1.207474e-03     -1.699060e-08
[itstep]       361    3.000         1.049e-01    -12.2048131662      1.451257e-10      1.200452e-03     -1.689179e-08
[itstep]       362    3.000         1.049e-01    -12.2048131680      1.442820e-10      1.193472e-03     -1.679358e-08
[itstep]       363    3.000         1.049e-01    -12.2048131697      1.434410e-10      1.186516e-03     -1.669570e-08
[itstep]       364    3.000         1.049e-01    -12.2048131715      1.426086e-10      1.179631e-03     -1.659881e-08
[itstep]       365    3.000         1.049e-01    -12.2048131732      1.417770e-10      1.172752e-03     -1.650201e-08
[itstep]       366    3.000         1.049e-01    -12.2048131749      1.409533e-10      1.165939e-03     -1.640615e-08
[itstep]       367    3.000         1.049e-01    -12.2048131766      1.401329e-10      1.159152e-03     -1.631065e-08
[itstep]       368    3.000         1.049e-01    -12.2048131783      1.393189e-10      1.152419e-03     -1.621590e-08
[itstep]       369    3.000         1.049e-01    -12.2048131800      1.385083e-10      1.145714e-03     -1.612156e-08
[itstep]       370    3.000         1.049e-01    -12.2048131817      1.376995e-10      1.139024e-03     -1.602742e-08
[itstep]       371    3.000         1.049e-01    -12.2048131834      1.369025e-10      1.132431e-03     -1.593465e-08
[itstep]       372    3.000         1.049e-01    -12.2048131850      1.361038e-10      1.125824e-03     -1.584168e-08
[itstep]       373    3.000         1.049e-01    -12.2048131867      1.353140e-10      1.119291e-03     -1.574976e-08
[itstep]       374    3.000         1.049e-01    -12.2048131883      1.345250e-10      1.112765e-03     -1.565793e-08
[itstep]       375    3.000         1.049e-01    -12.2048131900      1.337421e-10      1.106289e-03     -1.556681e-08
[itstep]       376    3.000         1.049e-01    -12.2048131916      1.329652e-10      1.099863e-03     -1.547638e-08
[itstep]       377    3.000         1.049e-01    -12.2048131932      1.321914e-10      1.093461e-03     -1.538630e-08
[itstep]       378    3.000         1.049e-01    -12.2048131948      1.314240e-10      1.087114e-03     -1.529699e-08
[itstep]       379    3.000         1.049e-01    -12.2048131964      1.306583e-10      1.080780e-03     -1.520787e-08
[itstep]       380    3.000         1.049e-01    -12.2048131980      1.298984e-10      1.074495e-03     -1.511942e-08
[itstep]       381    3.000         1.049e-01    -12.2048131996      1.291413e-10      1.068232e-03     -1.503129e-08
[itstep]       382    3.000         1.049e-01    -12.2048132011      1.283920e-10      1.062034e-03     -1.494408e-08
[itstep]       383    3.000         1.049e-01    -12.2048132027      1.276428e-10      1.055836e-03     -1.485687e-08
[itstep]       384    3.000         1.049e-01    -12.2048132042      1.268998e-10      1.049690e-03     -1.477039e-08
[itstep]       385    3.000         1.049e-01    -12.2048132058      1.261666e-10      1.043626e-03     -1.468506e-08
[itstep]       386    3.000         1.049e-01    -12.2048132073      1.254278e-10      1.037515e-03     -1.459907e-08
[itstep]       387    3.000         1.049e-01    -12.2048132088      1.246985e-10      1.031482e-03     -1.451418e-08
[itstep]       388    3.000         1.049e-01    -12.2048132103      1.239765e-10      1.025509e-03     -1.443014e-08
[itstep]       389    3.000         1.049e-01    -12.2048132118      1.232546e-10      1.019538e-03     -1.434611e-08
[itstep]       390    3.000         1.049e-01    -12.2048132133      1.225341e-10      1.013578e-03     -1.426226e-08
[itstep]       391    3.000         1.049e-01    -12.2048132148      1.218231e-10      1.007697e-03     -1.417950e-08
[itstep]       392    3.000         1.049e-01    -12.2048132163      1.211152e-10      1.001841e-03     -1.409710e-08
[update_dt]  (i=393) Reduced time step from   0.104858 to   0.083886
[update_E0]  (i=393) Extrapolated energy ground state E0: -12.208599
[itstep]       393    3.000         8.389e-02    -12.2048132178      1.204105e-10      9.960119e-04     -1.401507e-08

[info]       steps       dt                E0                 E
[output]       394    0.084    -12.2085993518    -12.2048132178
