[conf]                N               5
[conf]                J            0.414
[conf]             beta           1.000
[conf]              dt0       4.000e-01
[conf]        eps_trunc       1.000e-04
[conf]           eps_dt       9.000e-02
[conf]          eps_tol       1.000e-03
[conf]             Dmax              10
[conf]           dt_red           0.800
[conf]         phys_gap       1.000e-03
[info]           i      MBD                dt                 E           rel_err           exp_err             slope
[itstep]         0    3.000         4.000e-01     -4.0134060549      1.000000e+00      1.000000e-03     -1.059974e+01
[itstep]         1    3.000         4.000e-01     -4.9836532270      2.417516e-01      9.443420e+03     -2.425618e+00
[itstep]         2    3.000         4.000e-01     -5.1392817159      3.122779e-02      1.219836e+03     -3.890712e-01
[itstep]         3    3.000         4.000e-01     -5.1643812456      4.883859e-03      1.907758e+02     -6.274882e-02
[itstep]         4    3.000         4.000e-01     -5.1688240334      8.602750e-04      3.360449e+01     -1.110697e-02
[itstep]         5    3.000         4.000e-01     -5.1697121869      1.718289e-04      6.712067e+00     -2.220384e-03
[itstep]         6    3.000         4.000e-01     -5.1699161368      3.945092e-05      1.541052e+00     -5.098748e-04
[itstep]         7    3.000         4.000e-01     -5.1699696987      1.036031e-05      4.046997e-01     -1.339049e-04
[itstep]         8    3.000         4.000e-01     -5.1699853561      3.028518e-06      1.183015e-01     -3.914336e-05
[itstep]         9    3.000         4.000e-01     -5.1699902758      9.515846e-07      3.717127e-02     -1.229920e-05
[itstep]        10    3.000         4.000e-01     -5.1699918899      3.122074e-07      1.219560e-02     -4.035272e-06
[itstep]        11    3.000         4.000e-01     -5.1699924324      1.049391e-07      4.099185e-03     -1.356336e-06
[itstep]        12    3.000         4.000e-01     -5.1699926172      3.573641e-08      1.395953e-03     -4.618924e-07
[update_dt]  (i= 13) Reduced time step from   0.400000 to   0.320000
[update_E0]  (i= 13) Extrapolated energy ground state E0:  -8.913895
[itstep]        13    3.000         3.200e-01     -5.1699926805      1.225532e-08      4.787233e-04     -1.583997e-07
[itstep]        14    3.000         3.200e-01     -5.1709568407      1.864916e-04      1.778522e+01     -3.013000e-03
[itstep]        15    3.000         3.200e-01     -5.1711463294      3.664482e-05      3.494722e+00     -5.921524e-04
[itstep]        16    3.000         3.200e-01     -5.1711910994      8.657645e-06      8.256574e-01     -1.399061e-04
[itstep]        17    3.000         3.200e-01     -5.1712025859      2.221261e-06      2.118360e-01     -3.589551e-05
[itstep]        18    3.000         3.200e-01     -5.1712057001      6.022042e-07      5.743067e-02     -9.731625e-06
[itstep]        19    3.000         3.200e-01     -5.1712065853      1.711873e-07      1.632569e-02     -2.766390e-06
[itstep]        20    3.000         3.200e-01     -5.1712068482      5.082757e-08      4.847294e-03     -8.213745e-07
[itstep]        21    3.000         3.200e-01     -5.1712069294      1.570447e-08      1.497694e-03     -2.537845e-07
[update_dt]  (i= 22) Reduced time step from   0.320000 to   0.256000
[update_E0]  (i= 22) Extrapolated energy ground state E0:  -5.172049
[itstep]        22    3.000         2.560e-01     -5.1712069554      5.028597e-09      4.795644e-04     -8.126224e-08
[itstep]        23    3.000         2.560e-01     -5.1715942190      7.488843e-05      1.743632e+01     -1.512748e-03
[itstep]        24    3.000         2.560e-01     -5.1716957350      1.962954e-05      4.570359e+00     -3.965470e-04
[itstep]        25    3.000         2.560e-01     -5.1717265581      5.959959e-06      1.387661e+00     -1.204027e-04
[itstep]        26    3.000         2.560e-01     -5.1717366054      1.942733e-06      4.523278e-01     -3.924720e-05
[itstep]        27    3.000         2.560e-01     -5.1717400251      6.612422e-07      1.539575e-01     -1.335848e-05
[itstep]        28    3.000         2.560e-01     -5.1717412293      2.328377e-07      5.421176e-02     -4.703813e-06
[itstep]        29    3.000         2.560e-01     -5.1717416664      8.452232e-08      1.967939e-02     -1.707530e-06
[itstep]        30    3.000         2.560e-01     -5.1717418297      3.156848e-08      7.350110e-03     -6.377501e-07
[itstep]        31    3.000         2.560e-01     -5.1717418923      1.210938e-08      2.819435e-03     -2.446351e-07
[itstep]        32    3.000         2.560e-01     -5.1717419169      4.761320e-09      1.108581e-03     -9.618874e-08
[update_dt]  (i= 33) Reduced time step from   0.256000 to   0.204800
[update_E0]  (i= 33) Extrapolated energy ground state E0:  -5.172113
[itstep]        33    3.000         2.048e-01     -5.1717419268      1.914860e-09      4.458380e-04     -3.868422e-08
[itstep]        34    3.000         2.048e-01     -5.1718909312      2.881125e-05      1.637730e+01     -7.275604e-04
[itstep]        35    3.000         2.048e-01     -5.1719405476      9.593469e-06      5.453256e+00     -2.422675e-04
[itstep]        36    3.000         2.048e-01     -5.1719590572      3.578845e-06      2.034338e+00     -9.037877e-05
[itstep]        37    3.000         2.048e-01     -5.1719663999      1.419718e-06      8.070162e-01     -3.585314e-05
[itstep]        38    3.000         2.048e-01     -5.1719694214      5.842169e-07      3.320888e-01     -1.475366e-05
[itstep]        39    3.000         2.048e-01     -5.1719706978      2.467835e-07      1.402802e-01     -6.232212e-06
[itstep]        40    3.000         2.048e-01     -5.1719712489      1.065485e-07      6.056581e-02     -2.690751e-06
[itstep]        41    3.000         2.048e-01     -5.1719714916      4.692659e-08      2.667468e-02     -1.185073e-06
[itstep]        42    3.000         2.048e-01     -5.1719716005      2.105929e-08      1.197082e-02     -5.318264e-07
[itstep]        43    3.000         2.048e-01     -5.1719716502      9.621202e-09      5.469020e-03     -2.429716e-07
[itstep]        44    3.000         2.048e-01     -5.1719716734      4.470740e-09      2.541321e-03     -1.129030e-07
[itstep]        45    3.000         2.048e-01     -5.1719716843      2.110871e-09      1.199892e-03     -5.330746e-08
[update_dt]  (i= 46) Reduced time step from   0.204800 to   0.163840
[update_E0]  (i= 46) Extrapolated energy ground state E0:  -5.172131
[itstep]        46    3.000         1.638e-01     -5.1719716895      1.011597e-09      5.750264e-04     -2.554664e-08
[itstep]        47    3.000         1.638e-01     -5.1720271467      1.072264e-05      1.488065e+01     -3.384838e-04
[itstep]        48    3.000         1.638e-01     -5.1720496737      4.355556e-06      6.044549e+00     -1.374942e-04
[itstep]        49    3.000         1.638e-01     -5.1720596361      1.926187e-06      2.673121e+00     -6.080526e-05
[itstep]        50    3.000         1.638e-01     -5.1720642760      8.971093e-07      1.244989e+00     -2.831972e-05
[itstep]        51    3.000         1.638e-01     -5.1720665077      4.314964e-07      5.988215e-01     -1.362138e-05
[itstep]        52    3.000         1.638e-01     -5.1720676050      2.121586e-07      2.944291e-01     -6.697376e-06
[itstep]        53    3.000         1.638e-01     -5.1720681538      1.060970e-07      1.472392e-01     -3.349248e-06
[itstep]        54    3.000         1.638e-01     -5.1720684322      5.383036e-08      7.470463e-02     -1.699306e-06
[itstep]        55    3.000         1.638e-01     -5.1720685753      2.767456e-08      3.840617e-02     -8.736251e-07
[itstep]        56    3.000         1.638e-01     -5.1720686498      1.440606e-08      1.999242e-02     -4.547676e-07
[itstep]        57    3.000         1.638e-01     -5.1720686891      7.589202e-09      1.053213e-02     -2.395744e-07
[itstep]        58    3.000         1.638e-01     -5.1720687100      4.044235e-09      5.612504e-03     -1.276676e-07
[itstep]        59    3.000         1.638e-01     -5.1720687212      2.179056e-09      3.024048e-03     -6.878802e-08
[itstep]        60    3.000         1.638e-01     -5.1720687274      1.186534e-09      1.646646e-03     -3.745626e-08
[update_dt]  (i= 61) Reduced time step from   0.163840 to   0.131072
[update_E0]  (i= 61) Extrapolated energy ground state E0:  -5.172136
[itstep]        61    3.000         1.311e-01     -5.1720687308      6.525924e-10      9.056539e-04     -2.060091e-08
[itstep]        62    3.000         1.311e-01     -5.1720888424      3.888514e-06      1.317480e+01     -1.534398e-04
[itstep]        63    3.000         1.311e-01     -5.1720984766      1.862731e-06      6.311178e+00     -7.350318e-05
[itstep]        64    3.000         1.311e-01     -5.1721033851      9.490322e-07      3.215446e+00     -3.744879e-05
[itstep]        65    3.000         1.311e-01     -5.1721059928      5.041773e-07      1.708219e+00     -1.989485e-05
[itstep]        66    3.000         1.311e-01     -5.1721074174      2.754533e-07      9.332722e-01     -1.086940e-05
[itstep]        67    3.000         1.311e-01     -5.1721082110      1.534372e-07      5.198653e-01     -6.054638e-06
[itstep]        68    3.000         1.311e-01     -5.1721086595      8.670382e-08      2.937640e-01     -3.421337e-06
[itstep]        69    3.000         1.311e-01     -5.1721089158      4.955927e-08      1.679133e-01     -1.955612e-06
[itstep]        70    3.000         1.311e-01     -5.1721090638      2.860800e-08      9.692767e-02     -1.128873e-06
[itstep]        71    3.000         1.311e-01     -5.1721091500      1.666187e-08      5.645260e-02     -6.574782e-07
[itstep]        72    3.000         1.311e-01     -5.1721092006      9.785709e-09      3.315527e-02     -3.861447e-07
[itstep]        73    3.000         1.311e-01     -5.1721092305      5.793428e-09      1.962890e-02     -2.286090e-07
[itstep]        74    3.000         1.311e-01     -5.1721092484      3.456493e-09      1.171105e-02     -1.363934e-07
[itstep]        75    3.000         1.311e-01     -5.1721092592      2.077737e-09      7.039646e-03     -8.198763e-08
[itstep]        76    3.000         1.311e-01     -5.1721092657      1.258055e-09      4.262457e-03     -4.964294e-08
[itstep]        77    3.000         1.311e-01     -5.1721092696      7.671237e-10      2.599116e-03     -3.027075e-08
[itstep]        78    3.000         1.311e-01     -5.1721092721      4.709484e-10      1.595635e-03     -1.858365e-08
[update_dt]  (i= 79) Reduced time step from   0.131072 to   0.104858
[update_E0]  (i= 79) Extrapolated energy ground state E0:  -5.172137
[itstep]        79    3.000         1.049e-01     -5.1721092736      2.910136e-10      9.859925e-04     -1.148342e-08
[itstep]        80    3.000         1.049e-01     -5.1721164193      1.381583e-06      1.142819e+01     -6.814671e-05
[itstep]        81    3.000         1.049e-01     -5.1721203428      7.585883e-07      6.274896e+00     -3.741748e-05
[itstep]        82    3.000         1.049e-01     -5.1721225928      4.350369e-07      3.598541e+00     -2.145828e-05
[itstep]        83    3.000         1.049e-01     -5.1721239256      2.576818e-07      2.131494e+00     -1.271021e-05
[itstep]        84    3.000         1.049e-01     -5.1721247337      1.562481e-07      1.292454e+00     -7.706971e-06
[itstep]        85    3.000         1.049e-01     -5.1721252322      9.636885e-08      7.971444e-01     -4.753415e-06
[itstep]        86    3.000         1.049e-01     -5.1721255435      6.019601e-08      4.979297e-01     -2.969182e-06
[itstep]        87    3.000         1.049e-01     -5.1721257399      3.797359e-08      3.141102e-01     -1.873056e-06
[itstep]        88    3.000         1.049e-01     -5.1721258648      2.414885e-08      1.997546e-01     -1.191148e-06
[itstep]        89    3.000         1.049e-01     -5.1721259448      1.546383e-08      1.279138e-01     -7.627572e-07
[itstep]        90    3.000         1.049e-01     -5.1721259963      9.963928e-09      8.241968e-02     -4.914731e-07
[itstep]        91    3.000         1.049e-01     -5.1721260297      6.457083e-09      5.341173e-02     -3.184971e-07
[itstep]        92    3.000         1.049e-01     -5.1721260515      4.207279e-09      3.480179e-02     -2.075250e-07
[itstep]        93    3.000         1.049e-01     -5.1721260657      2.755709e-09      2.279469e-02     -1.359260e-07
[itstep]        94    3.000         1.049e-01     -5.1721260751      1.814108e-09      1.500595e-02     -8.948133e-08
[itstep]        95    3.000         1.049e-01     -5.1721260813      1.200144e-09      9.927360e-03     -5.919740e-08
[itstep]        96    3.000         1.049e-01     -5.1721260855      7.977983e-10      6.599233e-03     -3.935159e-08
[itstep]        97    3.000         1.049e-01     -5.1721260882      5.328333e-10      4.407494e-03     -2.628213e-08
[itstep]        98    3.000         1.049e-01     -5.1721260901      3.574965e-10      2.957142e-03     -1.763360e-08
[itstep]        99    3.000         1.049e-01     -5.1721260913      2.409328e-10      1.992949e-03     -1.188407e-08
[itstep]       100    3.000         1.049e-01     -5.1721260921      1.630750e-10      1.348925e-03     -8.043713e-09
[update_dt]  (i=101) Reduced time step from   0.104858 to   0.083886
[update_E0]  (i=101) Extrapolated energy ground state E0:  -5.172138
[itstep]       101    3.000         8.389e-02     -5.1721260927      1.108453e-10      9.168908e-04     -5.467471e-09

[info]       steps       dt                E0                 E
[output]       102    0.084     -5.1721377613     -5.1721260927
