[conf]                N               5
[conf]                J            0.138
[conf]             beta           1.000
[conf]              dt0       4.000e-01
[conf]        eps_trunc       1.000e-04
[conf]           eps_dt       9.000e-02
[conf]          eps_tol       1.000e-03
[conf]             Dmax              10
[conf]           dt_red           0.800
[conf]         phys_gap       1.000e-03
[info]           i      MBD                dt                 E           rel_err           exp_err             slope
[itstep]         0    3.000         4.000e-01     -2.7846342683      1.000000e+00      1.000000e-03     -5.103045e+00
[itstep]         1    3.000         4.000e-01     -3.9778944038      4.285159e-01      1.673890e+04     -2.983150e+00
[itstep]         2    3.000         4.000e-01     -4.7034584887      1.823990e-01      7.124962e+03     -1.813910e+00
[itstep]         3    3.000         4.000e-01     -4.9460272880      5.157243e-02      2.014548e+03     -6.064220e-01
[itstep]         4    3.000         4.000e-01     -5.0031880654      1.155691e-02      4.514417e+02     -1.429019e-01
[itstep]         5    3.000         4.000e-01     -5.0154973184      2.460282e-03      9.610476e+01     -3.077313e-02
[itstep]         6    3.000         4.000e-01     -5.0181223706      5.233882e-04      2.044485e+01     -6.562631e-03
[itstep]         7    3.000         4.000e-01     -5.0186863941      1.123973e-04      4.390520e+00     -1.410059e-03
[itstep]         8    3.000         4.000e-01     -5.0188088036      2.439074e-05      9.527633e-01     -3.060237e-04
[itstep]         9    3.000         4.000e-01     -5.0188356242      5.344014e-06      2.087505e-01     -6.705146e-05
[itstep]        10    3.000         4.000e-01     -5.0188415507      1.180856e-06      4.612719e-02     -1.481631e-05
[itstep]        11    3.000         4.000e-01     -5.0188428700      2.628779e-07      1.026867e-02     -3.298356e-06
[itstep]        12    3.000         4.000e-01     -5.0188431657      5.890318e-08      2.300905e-03     -7.390645e-07
[update_dt]  (i= 13) Reduced time step from   0.400000 to   0.320000
[update_E0]  (i= 13) Extrapolated energy ground state E0:  -7.984993
[itstep]        13    3.000         3.200e-01     -5.0188432323      1.327435e-08      5.185294e-04     -1.665547e-07
[itstep]        14    3.000         3.200e-01     -5.0189275064      1.679154e-05      1.601366e+00     -2.633566e-04
[itstep]        15    3.000         3.200e-01     -5.0189463290      3.750315e-06      3.576579e-01     -5.882050e-05
[itstep]        16    3.000         3.200e-01     -5.0189511783      9.662102e-07      9.214498e-02     -1.515424e-05
[itstep]        17    3.000         3.200e-01     -5.0189524916      2.616672e-07      2.495453e-02     -4.104046e-06
[itstep]        18    3.000         3.200e-01     -5.0189528539      7.219341e-08      6.884900e-03     -1.132298e-06
[itstep]        19    3.000         3.200e-01     -5.0189529549      2.010597e-08      1.917455e-03     -3.153467e-07
[update_dt]  (i= 20) Reduced time step from   0.320000 to   0.256000
[update_E0]  (i= 20) Extrapolated energy ground state E0:  -5.019029
[itstep]        20    3.000         2.560e-01     -5.0189529831      5.637452e-09      5.376293e-04     -8.841908e-08
[itstep]        21    3.000         2.560e-01     -5.0189863143      6.641058e-06      1.546242e+00     -1.301998e-04
[itstep]        22    3.000         2.560e-01     -5.0189960680      1.943365e-06      4.524750e-01     -3.810048e-05
[itstep]        23    3.000         2.560e-01     -5.0189992729      6.385446e-07      1.486727e-01     -1.251896e-05
[itstep]        24    3.000         2.560e-01     -5.0190003810      2.207946e-07      5.140776e-02     -4.328782e-06
[itstep]        25    3.000         2.560e-01     -5.0190007726      7.802265e-08      1.816606e-02     -1.529671e-06
[itstep]        26    3.000         2.560e-01     -5.0190009125      2.785715e-08      6.485998e-03     -5.461525e-07
[itstep]        27    3.000         2.560e-01     -5.0190009627      1.000700e-08      2.329936e-03     -1.961919e-07
[update_dt]  (i= 28) Reduced time step from   0.256000 to   0.204800
[update_E0]  (i= 28) Extrapolated energy ground state E0:  -5.019034
[itstep]        28    3.000         2.048e-01     -5.0190009808      3.611162e-09      8.407891e-04     -7.079853e-08
[itstep]        29    3.000         2.048e-01     -5.0190136460      2.523455e-06      1.434418e+00     -6.184190e-05
[itstep]        30    3.000         2.048e-01     -5.0190182794      9.231559e-07      5.247534e-01     -2.262369e-05
[itstep]        31    3.000         2.048e-01     -5.0190201332      3.693583e-07      2.099559e-01     -9.051837e-06
[itstep]        32    3.000         2.048e-01     -5.0190209113      1.550357e-07      8.812758e-02     -3.799449e-06
[itstep]        33    3.000         2.048e-01     -5.0190212459      6.665882e-08      3.789115e-02     -1.633604e-06
[itstep]        34    3.000         2.048e-01     -5.0190213915      2.901373e-08      1.649240e-02     -7.110377e-07
[itstep]        35    3.000         2.048e-01     -5.0190214553      1.271456e-08      7.227393e-03     -3.115950e-07
[itstep]        36    3.000         2.048e-01     -5.0190214834      5.596079e-09      3.181003e-03     -1.371428e-07
[itstep]        37    3.000         2.048e-01     -5.0190214958      2.470998e-09      1.404600e-03     -6.055659e-08
[update_dt]  (i= 38) Reduced time step from   0.204800 to   0.163840
[update_E0]  (i= 38) Extrapolated energy ground state E0:  -5.019036
[itstep]        38    3.000         1.638e-01     -5.0190215013      1.094081e-09      6.219130e-04     -2.681258e-08
[itstep]        39    3.000         1.638e-01     -5.0190261654      9.292886e-07      1.289647e+00     -2.846753e-05
[itstep]        40    3.000         1.638e-01     -5.0190282176      4.088922e-07      5.674519e-01     -1.252588e-05
[itstep]        41    3.000         1.638e-01     -5.0190291826      1.922631e-07      2.668186e-01     -5.889733e-06
[itstep]        42    3.000         1.638e-01     -5.0190296556      9.423498e-08      1.307773e-01     -2.886768e-06
[itstep]        43    3.000         1.638e-01     -5.0190298931      4.732380e-08      6.567497e-02     -1.449704e-06
[itstep]        44    3.000         1.638e-01     -5.0190300141      2.409867e-08      3.344363e-02     -7.382322e-07
[itstep]        45    3.000         1.638e-01     -5.0190300762      1.237179e-08      1.716931e-02     -3.789941e-07
[itstep]        46    3.000         1.638e-01     -5.0190301082      6.383230e-09      8.858511e-03     -1.955421e-07
[itstep]        47    3.000         1.638e-01     -5.0190301248      3.304441e-09      4.585834e-03     -1.012274e-07
[itstep]        48    3.000         1.638e-01     -5.0190301334      1.714856e-09      2.379840e-03     -5.253243e-08
[itstep]        49    3.000         1.638e-01     -5.0190301379      8.917215e-10      1.237512e-03     -2.731676e-08
[update_dt]  (i= 50) Reduced time step from   0.163840 to   0.131072
[update_E0]  (i= 50) Extrapolated energy ground state E0:  -5.019036
[itstep]        50    3.000         1.311e-01     -5.0190301402      4.645112e-10      6.446387e-04     -1.422971e-08
[itstep]        51    3.000         1.311e-01     -5.0190318171      3.341163e-07      1.132030e+00     -1.279403e-05
[itstep]        52    3.000         1.311e-01     -5.0190326765      1.712210e-07      5.801194e-01     -6.556425e-06
[itstep]        53    3.000         1.311e-01     -5.0190331383      9.201617e-08      3.117629e-01     -3.523500e-06
[itstep]        54    3.000         1.311e-01     -5.0190333950      5.113774e-08      1.732614e-01     -1.958176e-06
[itstep]        55    3.000         1.311e-01     -5.0190335408      2.906211e-08      9.846626e-02     -1.112852e-06
[itstep]        56    3.000         1.311e-01     -5.0190336249      1.675642e-08      5.677294e-02     -6.416398e-07
[itstep]        57    3.000         1.311e-01     -5.0190336739      9.750905e-09      3.303735e-02     -3.733835e-07
[itstep]        58    3.000         1.311e-01     -5.0190337025      5.708208e-09      1.934016e-02     -2.185798e-07
[itstep]        59    3.000         1.311e-01     -5.0190337194      3.354885e-09      1.136679e-02     -1.284659e-07
[itstep]        60    3.000         1.311e-01     -5.0190337293      1.977216e-09      6.699069e-03     -7.571194e-08
[itstep]        61    3.000         1.311e-01     -5.0190337352      1.167658e-09      3.956180e-03     -4.471219e-08
[itstep]        62    3.000         1.311e-01     -5.0190337386      6.906752e-10      2.340099e-03     -2.644747e-08
[itstep]        63    3.000         1.311e-01     -5.0190337407      4.090877e-10      1.386043e-03     -1.566486e-08
[update_dt]  (i= 64) Reduced time step from   0.131072 to   0.104858
[update_E0]  (i= 64) Extrapolated energy ground state E0:  -5.019036
[itstep]        64    3.000         1.049e-01     -5.0190337419      2.425909e-10      8.219299e-04     -9.289336e-09
[itstep]        65    3.000         1.049e-01     -5.0190343337      1.179082e-07      9.753140e-01     -5.643705e-06
[itstep]        66    3.000         1.049e-01     -5.0190346775      6.850377e-08      5.666499e-01     -3.278949e-06
[itstep]        67    3.000         1.049e-01     -5.0190348840      4.114111e-08      3.403113e-01     -1.969229e-06
[itstep]        68    3.000         1.049e-01     -5.0190350112      2.534912e-08      2.096830e-01     -1.213342e-06
[itstep]        69    3.000         1.049e-01     -5.0190350911      1.591730e-08      1.316648e-01     -7.618857e-07
[itstep]        70    3.000         1.049e-01     -5.0190351420      1.013129e-08      8.380411e-02     -4.849370e-07
[itstep]        71    3.000         1.049e-01     -5.0190351746      6.510352e-09      5.385237e-02     -3.116196e-07
[itstep]        72    3.000         1.049e-01     -5.0190351958      4.211543e-09      3.483707e-02     -2.015866e-07
[itstep]        73    3.000         1.049e-01     -5.0190352095      2.737222e-09      2.264177e-02     -1.310178e-07
[itstep]        74    3.000         1.049e-01     -5.0190352185      1.784939e-09      1.476467e-02     -8.543655e-08
[itstep]        75    3.000         1.049e-01     -5.0190352243      1.166771e-09      9.651304e-03     -5.584779e-08
[itstep]        76    3.000         1.049e-01     -5.0190352282      7.640718e-10      6.320253e-03     -3.657249e-08
[itstep]        77    3.000         1.049e-01     -5.0190352307      5.010606e-10      4.144676e-03     -2.398339e-08
[itstep]        78    3.000         1.049e-01     -5.0190352323      3.289635e-10      2.721122e-03     -1.574592e-08
[itstep]        79    3.000         1.049e-01     -5.0190352334      2.161812e-10      1.788209e-03     -1.034757e-08
[itstep]        80    3.000         1.049e-01     -5.0190352341      1.421870e-10      1.176143e-03     -6.805817e-09
[update_dt]  (i= 81) Reduced time step from   0.104858 to   0.083886
[update_E0]  (i= 81) Extrapolated energy ground state E0:  -5.019036
[itstep]        81    3.000         8.389e-02     -5.0190352346      9.358741e-11      7.741369e-04     -4.479585e-09

[info]       steps       dt                E0                 E
[output]        82    0.084     -5.0190362702     -5.0190352346
