[conf]                N               2
[conf]                J            2.897
[conf]             beta           1.000
[conf]              dt0       4.000e-01
[conf]        eps_trunc       1.000e-04
[conf]           eps_dt       9.000e-02
[conf]          eps_tol       1.000e-03
[conf]             Dmax              10
[conf]           dt_red           0.800
[conf]         phys_gap       1.000e-03
[info]           i      MBD                dt                 E           rel_err           exp_err             slope
[itstep]         0    2.000         4.000e-01     -3.2323027548      1.000000e+00      1.000000e-03     -7.963981e+00
[itstep]         1    2.000         4.000e-01     -3.3509783864      3.671551e-02      1.434199e+03     -2.966891e-01
[itstep]         2    2.000         4.000e-01     -3.3896608406      1.154363e-02      4.509230e+02     -9.670614e-02
[itstep]         3    2.000         4.000e-01     -3.4107404432      6.218794e-03      2.429216e+02     -5.269901e-02
[itstep]         4    2.000         4.000e-01     -3.4221640567      3.349306e-03      1.308323e+02     -2.855903e-02
[itstep]         5    2.000         4.000e-01     -3.4281978314      1.763146e-03      6.887289e+01     -1.508444e-02
[itstep]         6    2.000         4.000e-01     -3.4313353113      9.151980e-04      3.574992e+01     -7.843700e-03
[itstep]         7    2.000         4.000e-01     -3.4329531910      4.715015e-04      1.841803e+01     -4.044699e-03
[itstep]         8    2.000         4.000e-01     -3.4337838637      2.419703e-04      9.451965e+00     -2.076682e-03
[itstep]         9    2.000         4.000e-01     -3.4342094090      1.239290e-04      4.840975e+00     -1.063863e-03
[itstep]        10    2.000         4.000e-01     -3.4344271627      6.340722e-05      2.476845e+00     -5.443842e-04
[itstep]        11    2.000         4.000e-01     -3.4345385232      3.242477e-05      1.266593e+00     -2.784013e-04
[itstep]        12    2.000         4.000e-01     -3.4345954566      1.657672e-05      6.475282e-01     -1.423335e-04
[itstep]        13    2.000         4.000e-01     -3.4346245595      8.473462e-06      3.309946e-01     -7.275729e-05
[itstep]        14    2.000         4.000e-01     -3.4346394350      4.331045e-06      1.691814e-01     -3.718878e-05
[itstep]        15    2.000         4.000e-01     -3.4346470381      2.213650e-06      8.647070e-02     -1.900772e-05
[itstep]        16    2.000         4.000e-01     -3.4346509241      1.131403e-06      4.419542e-02     -9.714922e-06
[itstep]        17    2.000         4.000e-01     -3.4346529102      5.782577e-07      2.258819e-02     -4.965283e-06
[itstep]        18    2.000         4.000e-01     -3.4346539253      2.955450e-07      1.154473e-02     -2.537736e-06
[itstep]        19    2.000         4.000e-01     -3.4346544441      1.510514e-07      5.900444e-03     -1.297023e-06
[itstep]        20    2.000         4.000e-01     -3.4346547092      7.720140e-08      3.015680e-03     -6.629004e-07
[itstep]        21    2.000         4.000e-01     -3.4346548448      3.945713e-08      1.541294e-03     -3.388040e-07
[update_dt]  (i= 22) Reduced time step from   0.400000 to   0.320000
[update_E0]  (i= 22) Extrapolated energy ground state E0:  -5.785099
[itstep]        22    2.000         3.200e-01     -3.4346549140      2.016627e-08      7.877449e-04     -1.731604e-07
[itstep]        23    2.000         3.200e-01     -3.4769877500      1.232521e-02      1.175423e+03     -1.322901e-01
[itstep]        24    2.000         3.200e-01     -3.4802922888      9.504028e-04      9.063747e+01     -1.032668e-02
[itstep]        25    2.000         3.200e-01     -3.4806017000      8.890380e-05      8.478527e+00     -9.669100e-04
[itstep]        26    2.000         3.200e-01     -3.4806312581      8.492239e-06      8.098830e-01     -9.236906e-05
[itstep]        27    2.000         3.200e-01     -3.4806340903      8.136982e-07      7.760031e-02     -8.850573e-06
[itstep]        28    2.000         3.200e-01     -3.4806343635      7.851358e-08      7.487639e-03     -8.539908e-07
[update_dt]  (i= 29) Reduced time step from   0.320000 to   0.256000
[update_E0]  (i= 29) Extrapolated energy ground state E0:  -3.512533
[itstep]        29    2.000         2.560e-01     -3.4806343910      7.900979e-09      7.534961e-04     -8.593881e-08
[itstep]        30    2.000         2.560e-01     -3.4997189598      5.483072e-03      1.276627e+03     -7.454910e-02
[itstep]        31    2.000         2.560e-01     -3.5021456866      6.934062e-04      1.614462e+02     -9.479402e-03
[itstep]        32    2.000         2.560e-01     -3.5025124623      1.047288e-04      2.438408e+01     -1.432717e-03
[itstep]        33    2.000         2.560e-01     -3.5025696724      1.633402e-05      3.803059e+00     -2.234769e-04
[itstep]        34    2.000         2.560e-01     -3.5025786416      2.560754e-06      5.962221e-01     -3.503602e-05
[itstep]        35    2.000         2.560e-01     -3.5025800490      4.018090e-07      9.355345e-02     -5.497530e-06
[itstep]        36    2.000         2.560e-01     -3.5025802699      6.307102e-08      1.468487e-02     -8.629347e-07
[itstep]        37    2.000         2.560e-01     -3.5025803046      9.910644e-09      2.307502e-03     -1.355970e-07
[update_dt]  (i= 38) Reduced time step from   0.256000 to   0.204800
[update_E0]  (i= 38) Extrapolated energy ground state E0:  -3.517806
[itstep]        38    2.000         2.048e-01     -3.5025803101      1.564456e-09      3.642534e-04     -2.140482e-08
[itstep]        39    2.000         2.048e-01     -3.5105653503      2.279759e-03      1.295893e+03     -3.898945e-02
[itstep]        40    2.000         2.048e-01     -3.5120599832      4.257528e-04      2.420124e+02     -7.298012e-03
[itstep]        41    2.000         2.048e-01     -3.5123860083      9.283017e-05      5.276784e+01     -1.591920e-03
[itstep]        42    2.000         2.048e-01     -3.5124601532      2.110955e-05      1.199939e+01     -3.620356e-04
[itstep]        43    2.000         2.048e-01     -3.5124771852      4.849021e-06      2.756350e+00     -8.316404e-05
[itstep]        44    2.000         2.048e-01     -3.5124811068      1.116477e-06      6.346440e-01     -1.914845e-05
[itstep]        45    2.000         2.048e-01     -3.5124820102      2.572068e-07      1.462051e-01     -4.411299e-06
[itstep]        46    2.000         2.048e-01     -3.5124822184      5.926149e-08      3.368626e-02     -1.016381e-06
[itstep]        47    2.000         2.048e-01     -3.5124822664      1.365482e-08      7.761867e-03     -2.341910e-07
[itstep]        48    2.000         2.048e-01     -3.5124822774      3.146571e-09      1.788618e-03     -5.396618e-08
[update_dt]  (i= 49) Reduced time step from   0.204800 to   0.163840
[update_E0]  (i= 49) Extrapolated energy ground state E0:  -3.519352
[itstep]        49    2.000         1.638e-01     -3.5124822800      7.252793e-10      4.122735e-04     -1.243911e-08
[itstep]        50    2.000         1.638e-01     -3.5156473315      9.010868e-04      1.250509e+03     -1.931794e-02
[itstep]        51    2.000         1.638e-01     -3.5164556260      2.299134e-04      3.190690e+02     -4.933438e-03
[itstep]        52    2.000         1.638e-01     -3.5166900848      6.667477e-05      9.252982e+01     -1.431023e-03
[itstep]        53    2.000         1.638e-01     -3.5167614081      2.028135e-05      2.814603e+01     -4.353225e-04
[itstep]        54    2.000         1.638e-01     -3.5167834497      6.267582e-06      8.698017e+00     -1.345312e-04
[itstep]        55    2.000         1.638e-01     -3.5167902956      1.946632e-06      2.701495e+00     -4.178396e-05
[itstep]        56    2.000         1.638e-01     -3.5167924252      6.055512e-07      8.403711e-01     -1.299803e-05
[itstep]        57    2.000         1.638e-01     -3.5167930879      1.884651e-07      2.615479e-01     -4.045366e-06
[itstep]        58    2.000         1.638e-01     -3.5167932943      5.866480e-08      8.141376e-02     -1.259228e-06
[itstep]        59    2.000         1.638e-01     -3.5167933585      1.826187e-08      2.534343e-02     -3.919874e-07
[itstep]        60    2.000         1.638e-01     -3.5167933785      5.684861e-09      7.889330e-03     -1.220244e-07
[itstep]        61    2.000         1.638e-01     -3.5167933847      1.769697e-09      2.455948e-03     -3.798620e-08
[update_dt]  (i= 62) Reduced time step from   0.163840 to   0.131072
[update_E0]  (i= 62) Extrapolated energy ground state E0:  -3.519784
[itstep]        62    2.000         1.311e-01     -3.5167933866      5.509147e-10      7.645478e-04     -1.182528e-08
[itstep]        63    2.000         1.311e-01     -3.5179985656      3.426926e-04      1.161088e+03     -9.194786e-03
[itstep]        64    2.000         1.311e-01     -3.5183946808      1.125967e-04      3.814925e+02     -3.022119e-03
[itstep]        65    2.000         1.311e-01     -3.5185386205      4.091063e-05      1.386106e+02     -1.098173e-03
[itstep]        66    2.000         1.311e-01     -3.5185934967      1.559632e-05      5.284237e+01     -4.186725e-04
[itstep]        67    2.000         1.311e-01     -3.5186148531      6.069558e-06      2.056446e+01     -1.629357e-04
[itstep]        68    2.000         1.311e-01     -3.5186232345      2.382024e-06      8.070611e+00     -6.394520e-05
[itstep]        69    2.000         1.311e-01     -3.5186265349      9.379874e-07      3.178025e+00     -2.518024e-05
[itstep]        70    2.000         1.311e-01     -3.5186278363      3.698519e-07      1.253107e+00     -9.928672e-06
[itstep]        71    2.000         1.311e-01     -3.5186283497      1.459111e-07      4.943659e-01     -3.916982e-06
[itstep]        72    2.000         1.311e-01     -3.5186285523      5.757569e-08      1.950740e-01     -1.545620e-06
[itstep]        73    2.000         1.311e-01     -3.5186286322      2.272092e-08      7.698146e-02     -6.099431e-07
[itstep]        74    2.000         1.311e-01     -3.5186286638      8.966578e-09      3.037995e-02     -2.407078e-07
[itstep]        75    2.000         1.311e-01     -3.5186286762      3.538614e-09      1.198929e-02     -9.499411e-08
[itstep]        76    2.000         1.311e-01     -3.5186286811      1.396503e-09      4.731535e-03     -3.748913e-08
[itstep]        77    2.000         1.311e-01     -3.5186286831      5.511278e-10      1.867294e-03     -1.479503e-08
[update_dt]  (i= 78) Reduced time step from   0.131072 to   0.104858
[update_E0]  (i= 78) Extrapolated energy ground state E0:  -3.519902
[itstep]        78    2.000         1.049e-01     -3.5186286838      2.175011e-10      7.369224e-04     -5.838818e-09
[itstep]        79    2.000         1.049e-01     -3.5190737622      1.264920e-04      1.046317e+03     -4.244598e-03
[itstep]        80    2.000         1.049e-01     -3.5192535636      5.109337e-05      4.226344e+02     -1.714719e-03
[itstep]        81    2.000         1.049e-01     -3.5193318972      2.225860e-05      1.841188e+02     -7.470481e-04
[itstep]        82    2.000         1.049e-01     -3.5193675486      1.013016e-05      8.379473e+01     -3.399982e-04
[itstep]        83    2.000         1.049e-01     -3.5193841523      4.717787e-06      3.902462e+01     -1.583445e-04
[itstep]        84    2.000         1.049e-01     -3.5193919746      2.222650e-06      1.838533e+01     -7.459983e-05
[itstep]        85    2.000         1.049e-01     -3.5193956807      1.053051e-06      8.710637e+00     -3.534413e-05
[itstep]        86    2.000         1.049e-01     -3.5193974414      5.002727e-07      4.138158e+00     -1.679094e-05
[itstep]        87    2.000         1.049e-01     -3.5193982789      2.379735e-07      1.968470e+00     -7.987244e-06
[itstep]        88    2.000         1.049e-01     -3.5193986775      1.132713e-07      9.369582e-01     -3.801792e-06
[itstep]        89    2.000         1.049e-01     -3.5193988673      5.393116e-08      4.461081e-01     -1.810124e-06
[itstep]        90    2.000         1.049e-01     -3.5193989577      2.568153e-08      2.124327e-01     -8.619648e-07
[itstep]        91    2.000         1.049e-01     -3.5193990008      1.223014e-08      1.011653e-01     -4.104875e-07
[itstep]        92    2.000         1.049e-01     -3.5193990213      5.824461e-09      4.817881e-02     -1.954899e-07
[itstep]        93    2.000         1.049e-01     -3.5193990310      2.773872e-09      2.294493e-02     -9.310114e-08
[itstep]        94    2.000         1.049e-01     -3.5193990357      1.321054e-09      1.092751e-02     -4.433935e-08
[itstep]        95    2.000         1.049e-01     -3.5193990379      6.291528e-10      5.204230e-03     -2.111664e-08
[itstep]        96    2.000         1.049e-01     -3.5193990390      2.996353e-10      2.478525e-03     -1.005684e-08
[itstep]        97    2.000         1.049e-01     -3.5193990395      1.427006e-10      1.180392e-03     -4.789548e-09
[update_dt]  (i= 98) Reduced time step from   0.104858 to   0.083886
[update_E0]  (i= 98) Extrapolated energy ground state E0:  -3.519933
[itstep]        98    2.000         8.389e-02     -3.5193990397      6.796205e-11      5.621689e-04     -2.281051e-09

[info]       steps       dt                E0                 E
[output]        99    0.084     -3.5199334871     -3.5193990397
