[conf]                N               2
[conf]                J            0.690
[conf]             beta           1.000
[conf]              dt0       4.000e-01
[conf]        eps_trunc       1.000e-04
[conf]           eps_dt       9.000e-02
[conf]          eps_tol       1.000e-03
[conf]             Dmax              10
[conf]           dt_red           0.800
[conf]         phys_gap       1.000e-03
[info]           i      MBD                dt                 E           rel_err           exp_err             slope
[itstep]         0    2.000         4.000e-01     -1.1076057504      1.000000e+00      1.000000e-03     -2.845460e+00
[itstep]         1    2.000         4.000e-01     -1.7958045404      6.213391e-01      2.427106e+04     -1.720497e+00
[itstep]         2    2.000         4.000e-01     -2.0206784076      1.252218e-01      4.891476e+03     -5.621847e-01
[itstep]         3    2.000         4.000e-01     -2.0857955231      3.222537e-02      1.258804e+03     -1.627928e-01
[itstep]         4    2.000         4.000e-01     -2.1053047727      9.353386e-03      3.653666e+02     -4.877312e-02
[itstep]         5    2.000         4.000e-01     -2.1113179170      2.856187e-03      1.115698e+02     -1.503286e-02
[itstep]         6    2.000         4.000e-01     -2.1131935368      8.883645e-04      3.470174e+01     -4.689049e-03
[itstep]         7    2.000         4.000e-01     -2.1137810535      2.780231e-04      1.086028e+01     -1.468792e-03
[itstep]         8    2.000         4.000e-01     -2.1139653390      8.718287e-05      3.405581e+00     -4.607137e-04
[itstep]         9    2.000         4.000e-01     -2.1140231671      2.735529e-05      1.068566e+00     -1.445703e-04
[itstep]        10    2.000         4.000e-01     -2.1140413152      8.584624e-06      3.353369e-01     -4.537024e-05
[itstep]        11    2.000         4.000e-01     -2.1140470107      2.694106e-06      1.052385e-01     -1.423863e-05
[itstep]        12    2.000         4.000e-01     -2.1140487981      8.454867e-07      3.302682e-02     -4.468496e-06
[itstep]        13    2.000         4.000e-01     -2.1140493590      2.653353e-07      1.036466e-02     -1.402330e-06
[itstep]        14    2.000         4.000e-01     -2.1140495350      8.326838e-08      3.252671e-03     -4.400837e-07
[itstep]        15    2.000         4.000e-01     -2.1140495903      2.613142e-08      1.020759e-03     -1.381078e-07
[update_dt]  (i= 16) Reduced time step from   0.400000 to   0.320000
[update_E0]  (i= 16) Extrapolated energy ground state E0:  -3.601922
[itstep]        16    2.000         3.200e-01     -2.1140496076      8.200581e-09      3.203352e-04     -4.334109e-08
[itstep]        17    2.000         3.200e-01     -2.1147261776      3.200350e-04      3.052092e+01     -2.114281e-03
[itstep]        18    2.000         3.200e-01     -2.1148673974      6.677924e-05      6.368565e+00     -4.413119e-04
[itstep]        19    2.000         3.200e-01     -2.1149014352      1.609457e-05      1.534898e+00     -1.063684e-04
[itstep]        20    2.000         3.200e-01     -2.1149100051      4.052130e-06      3.864413e-01     -2.678080e-05
[itstep]        21    2.000         3.200e-01     -2.1149121882      1.032231e-06      9.844126e-02     -6.822115e-06
[itstep]        22    2.000         3.200e-01     -2.1149127460      2.637502e-07      2.515318e-02     -1.743152e-06
[itstep]        23    2.000         3.200e-01     -2.1149128886      6.744564e-08      6.432118e-03     -4.457551e-07
[itstep]        24    2.000         3.200e-01     -2.1149129251      1.725094e-08      1.645178e-03     -1.140133e-07
[update_dt]  (i= 25) Reduced time step from   0.320000 to   0.256000
[update_E0]  (i= 25) Extrapolated energy ground state E0:  -2.115512
[itstep]        25    2.000         2.560e-01     -2.1149129344      4.412775e-09      4.208350e-04     -2.916448e-08
[itstep]        26    2.000         2.560e-01     -2.1151809330      1.267185e-04      2.950394e+01     -1.046869e-03
[itstep]        27    2.000         2.560e-01     -2.1152554013      3.520660e-05      8.197176e+00     -2.908919e-04
[itstep]        28    2.000         2.560e-01     -2.1152786925      1.101106e-05      2.563711e+00     -9.098123e-05
[itstep]        29    2.000         2.560e-01     -2.1152863347      3.612882e-06      8.411896e-01     -2.985255e-05
[itstep]        30    2.000         2.560e-01     -2.1152888860      1.206105e-06      2.808181e-01     -9.965847e-06
[itstep]        31    2.000         2.560e-01     -2.1152897428      4.050471e-07      9.430737e-02     -3.346842e-06
[itstep]        32    2.000         2.560e-01     -2.1152900311      1.363030e-07      3.173550e-02     -1.126251e-06
[itstep]        33    2.000         2.560e-01     -2.1152901282      4.589887e-08      1.068666e-02     -3.792556e-07
[itstep]        34    2.000         2.560e-01     -2.1152901609      1.545962e-08      3.599474e-03     -1.277406e-07
[itstep]        35    2.000         2.560e-01     -2.1152901719      5.207504e-09      1.212466e-03     -4.302883e-08
[update_dt]  (i= 36) Reduced time step from   0.256000 to   0.204800
[update_E0]  (i= 36) Extrapolated energy ground state E0:  -2.115552
[itstep]        36    2.000         2.048e-01     -2.1152901756      1.754169e-09      4.084243e-04     -1.449444e-08
[itstep]        37    2.000         2.048e-01     -2.1153921173      4.819276e-05      2.739441e+01     -4.977621e-04
[itstep]        38    2.000         2.048e-01     -2.1154279338      1.693136e-05      9.624363e+00     -1.748851e-04
[itstep]        39    2.000         2.048e-01     -2.1154417341      6.523640e-06      3.708260e+00     -6.738423e-05
[itstep]        40    2.000         2.048e-01     -2.1154473067      2.634273e-06      1.497411e+00     -2.721021e-05
[itstep]        41    2.000         2.048e-01     -2.1154496058      1.086833e-06      6.177929e-01     -1.122626e-05
[itstep]        42    2.000         2.048e-01     -2.1154505633      4.526177e-07      2.572834e-01     -4.675243e-06
[itstep]        43    2.000         2.048e-01     -2.1154509637      1.892492e-07      1.075757e-01     -1.954821e-06
[itstep]        44    2.000         2.048e-01     -2.1154511314      7.926267e-08      4.505561e-02     -8.187319e-07
[itstep]        45    2.000         2.048e-01     -2.1154512016      3.322089e-08      1.888389e-02     -3.431502e-07
[itstep]        46    2.000         2.048e-01     -2.1154512311      1.392782e-08      7.917048e-03     -1.438653e-07
[itstep]        47    2.000         2.048e-01     -2.1154512434      5.839951e-09      3.319628e-03     -6.032290e-08
[itstep]        48    2.000         2.048e-01     -2.1154512486      2.448826e-09      1.391996e-03     -2.529479e-08
[update_dt]  (i= 49) Reduced time step from   0.204800 to   0.163840
[update_E0]  (i= 49) Extrapolated energy ground state E0:  -2.115563
[itstep]        49    2.000         1.638e-01     -2.1154512508      1.026872e-09      5.837092e-04     -1.060692e-08
[itstep]        50    2.000         1.638e-01     -2.1154888417      1.776970e-05      2.466042e+01     -2.294369e-04
[itstep]        51    2.000         1.638e-01     -2.1155048610      7.572346e-06      1.050874e+01     -9.777352e-05
[itstep]        52    2.000         1.638e-01     -2.1155121738      3.456784e-06      4.797252e+00     -4.463406e-05
[itstep]        53    2.000         1.638e-01     -2.1155156542      1.645186e-06      2.283154e+00     -2.124274e-05
[itstep]        54    2.000         1.638e-01     -2.1155173494      8.013056e-07      1.112035e+00     -1.034652e-05
[itstep]        55    2.000         1.638e-01     -2.1155181852      3.950744e-07      5.482758e-01     -5.101237e-06
[itstep]        56    2.000         1.638e-01     -2.1155185998      1.960109e-07      2.720198e-01     -2.530913e-06
[itstep]        57    2.000         1.638e-01     -2.1155188062      9.755732e-08      1.353880e-01     -1.259670e-06
[itstep]        58    2.000         1.638e-01     -2.1155189091      4.863315e-08      6.749206e-02     -6.279562e-07
[itstep]        59    2.000         1.638e-01     -2.1155189604      2.426343e-08      3.367228e-02     -3.132919e-07
[itstep]        60    2.000         1.638e-01     -2.1155189861      1.211005e-08      1.680607e-02     -1.563662e-07
[itstep]        61    2.000         1.638e-01     -2.1155189988      6.045415e-09      8.389699e-03     -7.805902e-08
[itstep]        62    2.000         1.638e-01     -2.1155190052      3.018214e-09      4.188614e-03     -3.897149e-08
[itstep]        63    2.000         1.638e-01     -2.1155190084      1.506937e-09      2.091296e-03     -1.945773e-08
[itstep]        64    2.000         1.638e-01     -2.1155190100      7.524044e-10      1.044171e-03     -9.715124e-09
[update_dt]  (i= 65) Reduced time step from   0.163840 to   0.131072
[update_E0]  (i= 65) Extrapolated energy ground state E0:  -2.115566
[itstep]        65    2.000         1.311e-01     -2.1155190108      3.756759e-10      5.213551e-04     -4.850767e-09
[itstep]        66    2.000         1.311e-01     -2.1155325415      6.395913e-06      2.167019e+01     -1.032309e-04
[itstep]        67    2.000         1.311e-01     -2.1155393004      3.194902e-06      1.082475e+01     -5.156646e-05
[itstep]        68    2.000         1.311e-01     -2.1155428479      1.676889e-06      5.681519e+00     -2.706546e-05
[itstep]        69    2.000         1.311e-01     -2.1155447747      9.107787e-07      3.085838e+00     -1.470025e-05
[itstep]        70    2.000         1.311e-01     -2.1155458446      5.057128e-07      1.713422e+00     -8.162369e-06
[itstep]        71    2.000         1.311e-01     -2.1155464467      2.846399e-07      9.643975e-01     -4.594183e-06
[itstep]        72    2.000         1.311e-01     -2.1155467884      1.615171e-07      5.472411e-01     -2.606940e-06
[itstep]        73    2.000         1.311e-01     -2.1155469833      9.209109e-08      3.120167e-01     -1.486382e-06
[itstep]        74    2.000         1.311e-01     -2.1155470946      5.265329e-08      1.783963e-01     -8.498421e-07
[itstep]        75    2.000         1.311e-01     -2.1155471584      3.015316e-08      1.021629e-01     -4.866823e-07
[itstep]        76    2.000         1.311e-01     -2.1155471950      1.728397e-08      5.856036e-02     -2.789692e-07
[itstep]        77    2.000         1.311e-01     -2.1155472160      9.912567e-09      3.358508e-02     -1.599922e-07
[itstep]        78    2.000         1.311e-01     -2.1155472280      5.686725e-09      1.926737e-02     -9.178570e-08
[itstep]        79    2.000         1.311e-01     -2.1155472349      3.262985e-09      1.105542e-02     -5.266570e-08
[itstep]        80    2.000         1.311e-01     -2.1155472389      1.872457e-09      6.344130e-03     -3.022209e-08
[itstep]        81    2.000         1.311e-01     -2.1155472411      1.074568e-09      3.640777e-03     -1.734389e-08
[itstep]        82    2.000         1.311e-01     -2.1155472424      6.166955e-10      2.089446e-03     -9.953677e-09
[itstep]        83    2.000         1.311e-01     -2.1155472432      3.539282e-10      1.199155e-03     -5.712522e-09
[update_dt]  (i= 84) Reduced time step from   0.131072 to   0.104858
[update_E0]  (i= 84) Extrapolated energy ground state E0:  -2.115567
[itstep]        84    2.000         1.049e-01     -2.1155472436      2.031257e-10      6.882167e-04     -3.278519e-09
[itstep]        85    2.000         1.049e-01     -2.1155520224      2.258875e-06      1.868498e+01     -4.557378e-05
[itstep]        86    2.000         1.049e-01     -2.1155547425      1.285755e-06      1.063551e+01     -2.594071e-05
[itstep]        87    2.000         1.049e-01     -2.1155563452      7.575985e-07      6.266708e+00     -1.528493e-05
[itstep]        88    2.000         1.049e-01     -2.1155573148      4.583338e-07      3.791249e+00     -9.247122e-06
[itstep]        89    2.000         1.049e-01     -2.1155579128      2.826315e-07      2.337873e+00     -5.702240e-06
[itstep]        90    2.000         1.049e-01     -2.1155582864      1.766178e-07      1.460948e+00     -3.563357e-06
[itstep]        91    2.000         1.049e-01     -2.1155585220      1.113678e-07      9.212132e-01     -2.246906e-06
[itstep]        92    2.000         1.049e-01     -2.1155586715      7.064572e-08      5.843677e-01     -1.425315e-06
[itstep]        93    2.000         1.049e-01     -2.1155587666      4.499036e-08      3.721515e-01     -9.077047e-07
[itstep]        94    2.000         1.049e-01     -2.1155588274      2.872533e-08      2.376104e-01     -5.795491e-07
[itstep]        95    2.000         1.049e-01     -2.1155588663      1.837092e-08      1.519607e-01     -3.706433e-07
[itstep]        96    2.000         1.049e-01     -2.1155588912      1.176148e-08      9.728866e-02     -2.372942e-07
[itstep]        97    2.000         1.049e-01     -2.1155589071      7.535155e-09      6.232934e-02     -1.520258e-07
[itstep]        98    2.000         1.049e-01     -2.1155589173      4.829646e-09      3.994989e-02     -9.744072e-08
[itstep]        99    2.000         1.049e-01     -2.1155589239      3.096434e-09      2.561310e-02     -6.247224e-08
[itstep]       100    2.000         1.049e-01     -2.1155589281      1.985583e-09      1.642436e-02     -4.006021e-08
[itstep]       101    2.000         1.049e-01     -2.1155589308      1.273401e-09      1.053332e-02     -2.569155e-08
[itstep]       102    2.000         1.049e-01     -2.1155589325      8.167248e-10      6.755789e-03     -1.647787e-08
[itstep]       103    2.000         1.049e-01     -2.1155589336      5.238486e-10      4.333174e-03     -1.056893e-08
[itstep]       104    2.000         1.049e-01     -2.1155589343      3.360086e-10      2.779398e-03     -6.779156e-09
[itstep]       105    2.000         1.049e-01     -2.1155589348      2.155275e-10      1.782801e-03     -4.348383e-09
[itstep]       106    2.000         1.049e-01     -2.1155589351      1.382491e-10      1.143569e-03     -2.789250e-09
[update_dt]  (i=107) Reduced time step from   0.104858 to   0.083886
[update_E0]  (i=107) Extrapolated energy ground state E0:  -2.115567
[itstep]       107    2.000         8.389e-02     -2.1155589352      8.868018e-11      7.335453e-04     -1.789171e-09

[info]       steps       dt                E0                 E
[output]       108    0.084     -2.1155670465     -2.1155589352
