[conf]                N               5
[conf]                J            3.448
[conf]             beta           1.000
[conf]              dt0       4.000e-01
[conf]        eps_trunc       1.000e-04
[conf]           eps_dt       9.000e-02
[conf]          eps_tol       1.000e-03
[conf]             Dmax              10
[conf]           dt_red           0.800
[conf]         phys_gap       1.000e-03
[info]           i      MBD                dt                 E           rel_err           exp_err             slope
[itstep]         0    3.000         4.000e-01    -13.3890634060      1.000000e+00      1.000000e-03     -2.843649e+01
[itstep]         1    3.000         4.000e-01    -13.6218784539      1.738845e-02      6.792363e+02     -5.820376e-01
[itstep]         2    3.000         4.000e-01    -13.6329382017      8.119106e-04      3.171526e+01     -2.764937e-02
[itstep]         3    3.000         4.000e-01    -13.6333615339      3.105216e-05      1.212975e+00     -1.058330e-03
[itstep]         4    3.000         4.000e-01    -13.6328692028     -3.611223e-05      1.410634e+00      1.230828e-03
[itstep]         5    3.000         4.000e-01    -13.6322967247     -4.199249e-05      1.640332e+00      1.431195e-03
[itstep]         6    3.000         4.000e-01    -13.6317239987     -4.201244e-05      1.641111e+00      1.431815e-03
[itstep]         7    3.000         4.000e-01    -13.6311592718     -4.142740e-05      1.618258e+00      1.411817e-03
[itstep]         8    3.000         4.000e-01    -13.6306037913     -4.075079e-05      1.591828e+00      1.388701e-03
[itstep]         9    3.000         4.000e-01    -13.6300580814     -4.003564e-05      1.563892e+00      1.364275e-03
[itstep]        10    3.000         4.000e-01    -13.6295225592     -3.928980e-05      1.534758e+00      1.338806e-03
[itstep]        11    3.000         4.000e-01    -13.6289975949     -3.851670e-05      1.504559e+00      1.312411e-03
[itstep]        12    3.000         4.000e-01    -13.6284835177     -3.771937e-05      1.473413e+00      1.285193e-03
[itstep]        13    3.000         4.000e-01    -13.6279806165     -3.690074e-05      1.441435e+00      1.257253e-03
[itstep]        14    3.000         4.000e-01    -13.6274891405     -3.606375e-05      1.408740e+00      1.228690e-03
[itstep]        15    3.000         4.000e-01    -13.6270092995     -3.521125e-05      1.375440e+00      1.199602e-03
[itstep]        16    3.000         4.000e-01    -13.6265412653     -3.434607e-05      1.341643e+00      1.170086e-03
[itstep]        17    3.000         4.000e-01    -13.6260851722     -3.347093e-05      1.307458e+00      1.140233e-03
[itstep]        18    3.000         4.000e-01    -13.6256411190     -3.258847e-05      1.272987e+00      1.110133e-03
[itstep]        19    3.000         4.000e-01    -13.6252091695     -3.170122e-05      1.238329e+00      1.079874e-03
[itstep]        20    3.000         4.000e-01    -13.6247893549     -3.081161e-05      1.203578e+00      1.049537e-03
[itstep]        21    3.000         4.000e-01    -13.6243816750     -2.992192e-05      1.168825e+00      1.019200e-03
[itstep]        22    3.000         4.000e-01    -13.6239861001     -2.903434e-05      1.134154e+00      9.889372e-04
[itstep]        23    3.000         4.000e-01    -13.6236025729     -2.815088e-05      1.099644e+00      9.588181e-04
[itstep]        24    3.000         4.000e-01    -13.6232310100     -2.727346e-05      1.065370e+00      9.289070e-04
[itstep]        25    3.000         4.000e-01    -13.6228713045     -2.640384e-05      1.031400e+00      8.992639e-04
[itstep]        26    3.000         4.000e-01    -13.6225233270     -2.554362e-05      9.977978e-01      8.699437e-04
[itstep]        27    3.000         4.000e-01    -13.6221869282     -2.469431e-05      9.646213e-01      8.409969e-04
[itstep]        28    3.000         4.000e-01    -13.6218619406     -2.385723e-05      9.319231e-01      8.124691e-04
[itstep]        29    3.000         4.000e-01    -13.6215481800     -2.303361e-05      8.997503e-01      7.844016e-04
[itstep]        30    3.000         4.000e-01    -13.6212454476     -2.222452e-05      8.681453e-01      7.568309e-04
[itstep]        31    3.000         4.000e-01    -13.6209535318     -2.143092e-05      8.371451e-01      7.297894e-04
[itstep]        32    3.000         4.000e-01    -13.6206722097     -2.065363e-05      8.067825e-01      7.033054e-04
[itstep]        33    3.000         4.000e-01    -13.6204012484     -1.989338e-05      7.770852e-01      6.774031e-04
[itstep]        34    3.000         4.000e-01    -13.6201404073     -1.915077e-05      7.480770e-01      6.521030e-04
[itstep]        35    3.000         4.000e-01    -13.6198894385     -1.842630e-05      7.197773e-01      6.274220e-04
[itstep]        36    3.000         4.000e-01    -13.6196480890     -1.772037e-05      6.922019e-01      6.033736e-04
[itstep]        37    3.000         4.000e-01    -13.6194161017     -1.703329e-05      6.653627e-01      5.799684e-04
[itstep]        38    3.000         4.000e-01    -13.6191932162     -1.636527e-05      6.392685e-01      5.572137e-04
[itstep]        39    3.000         4.000e-01    -13.6189791705     -1.571647e-05      6.139248e-01      5.351143e-04
[itstep]        40    3.000         4.000e-01    -13.6187737015     -1.508696e-05      5.893343e-01      5.136725e-04
[itstep]        41    3.000         4.000e-01    -13.6185765462     -1.447673e-05      5.654972e-01      4.928882e-04
[itstep]        42    3.000         4.000e-01    -13.6183874425     -1.388572e-05      5.424109e-01      4.727593e-04
[itstep]        43    3.000         4.000e-01    -13.6182061297     -1.331382e-05      5.200711e-01      4.532819e-04
[itstep]        44    3.000         4.000e-01    -13.6180323497     -1.276086e-05      4.984711e-01      4.344500e-04
[itstep]        45    3.000         4.000e-01    -13.6178658471     -1.222663e-05      4.776027e-01      4.162566e-04
[itstep]        46    3.000         4.000e-01    -13.6177063699     -1.171088e-05      4.574561e-01      3.986929e-04
[itstep]        47    3.000         4.000e-01    -13.6175536703     -1.121331e-05      4.380200e-01      3.817490e-04
[itstep]        48    3.000         4.000e-01    -13.6174075047     -1.073362e-05      4.192821e-01      3.654142e-04
[itstep]        49    3.000         4.000e-01    -13.6172676341     -1.027146e-05      4.012288e-01      3.496765e-04
[itstep]        50    3.000         4.000e-01    -13.6171338247     -9.826451e-06      3.838457e-01      3.345235e-04
[itstep]        51    3.000         4.000e-01    -13.6170058479     -9.398217e-06      3.671178e-01      3.199419e-04
[itstep]        52    3.000         4.000e-01    -13.6168834807     -8.986351e-06      3.510294e-01      3.059180e-04
[itstep]        53    3.000         4.000e-01    -13.6167665057     -8.590439e-06      3.355640e-01      2.924375e-04
[itstep]        54    3.000         4.000e-01    -13.6166547113     -8.210055e-06      3.207053e-01      2.794860e-04
[itstep]        55    3.000         4.000e-01    -13.6165478918     -7.844765e-06      3.064361e-01      2.670486e-04
[itstep]        56    3.000         4.000e-01    -13.6164458476     -7.494131e-06      2.927395e-01      2.551105e-04
[itstep]        57    3.000         4.000e-01    -13.6163483850     -7.157713e-06      2.795982e-01      2.436565e-04
[itstep]        58    3.000         4.000e-01    -13.6162553163     -6.835069e-06      2.669949e-01      2.326717e-04
[itstep]        59    3.000         4.000e-01    -13.6161664600     -6.525756e-06      2.549124e-01      2.221409e-04
[itstep]        60    3.000         4.000e-01    -13.6160816403     -6.229338e-06      2.433335e-01      2.120493e-04
[itstep]        61    3.000         4.000e-01    -13.6160006875     -5.945378e-06      2.322413e-01      2.023819e-04
[itstep]        62    3.000         4.000e-01    -13.6159234379     -5.673446e-06      2.216190e-01      1.931241e-04
[itstep]        63    3.000         4.000e-01    -13.6158497333     -5.413118e-06      2.114499e-01      1.842615e-04
[itstep]        64    3.000         4.000e-01    -13.6157794214     -5.163976e-06      2.017178e-01      1.757798e-04
[itstep]        65    3.000         4.000e-01    -13.6157123553     -4.925610e-06      1.924066e-01      1.676650e-04
[itstep]        66    3.000         4.000e-01    -13.6156483939     -4.697619e-06      1.835007e-01      1.599036e-04
[itstep]        67    3.000         4.000e-01    -13.6155874011     -4.479609e-06      1.749847e-01      1.524819e-04
[itstep]        68    3.000         4.000e-01    -13.6155292463     -4.271197e-06      1.668436e-01      1.453871e-04
[itstep]        69    3.000         4.000e-01    -13.6154738037     -4.072009e-06      1.590629e-01      1.386064e-04
[itstep]        70    3.000         4.000e-01    -13.6154209528     -3.881681e-06      1.516282e-01      1.321273e-04
[itstep]        71    3.000         4.000e-01    -13.6153705776     -3.699859e-06      1.445258e-01      1.259379e-04
[itstep]        72    3.000         4.000e-01    -13.6153225671     -3.526200e-06      1.377422e-01      1.200263e-04
[itstep]        73    3.000         4.000e-01    -13.6152768146     -3.360370e-06      1.312644e-01      1.143813e-04
[itstep]        74    3.000         4.000e-01    -13.6152332179     -3.202046e-06      1.250799e-01      1.089919e-04
[itstep]        75    3.000         4.000e-01    -13.6151916789     -3.050917e-06      1.191764e-01      1.038473e-04
[itstep]        76    3.000         4.000e-01    -13.6151521039     -2.906679e-06      1.135422e-01      9.893748e-05
[itstep]        77    3.000         4.000e-01    -13.6151144030     -2.769042e-06      1.081657e-01      9.425233e-05
[itstep]        78    3.000         4.000e-01    -13.6150784901     -2.637724e-06      1.030361e-01      8.978230e-05
[itstep]        79    3.000         4.000e-01    -13.6150442828     -2.512454e-06      9.814273e-02      8.551815e-05
[itstep]        80    3.000         4.000e-01    -13.6150117024     -2.392970e-06      9.347538e-02      8.145097e-05
[itstep]        81    3.000         4.000e-01    -13.6149806735     -2.279020e-06      8.902421e-02      7.757220e-05
[itstep]        82    3.000         4.000e-01    -13.6149511241     -2.170362e-06      8.477975e-02      7.387358e-05
[itstep]        83    3.000         4.000e-01    -13.6149229852     -2.066762e-06      8.073289e-02      7.034716e-05
[itstep]        84    3.000         4.000e-01    -13.6148961911     -1.967997e-06      7.687490e-02      6.698533e-05
[itstep]        85    3.000         4.000e-01    -13.6148706788     -1.873852e-06      7.319735e-02      6.378076e-05
[itstep]        86    3.000         4.000e-01    -13.6148463882     -1.784120e-06      6.969218e-02      6.072640e-05
[itstep]        87    3.000         4.000e-01    -13.6148232620     -1.698602e-06      6.635165e-02      5.781552e-05
[itstep]        88    3.000         4.000e-01    -13.6148012454     -1.617109e-06      6.316833e-02      5.504164e-05
[itstep]        89    3.000         4.000e-01    -13.6147802860     -1.539458e-06      6.013509e-02      5.239855e-05
[itstep]        90    3.000         4.000e-01    -13.6147603338     -1.465475e-06      5.724511e-02      4.988029e-05
[itstep]        91    3.000         4.000e-01    -13.6147413414     -1.394991e-06      5.449185e-02      4.748118e-05
[itstep]        92    3.000         4.000e-01    -13.6147232631     -1.327847e-06      5.186904e-02      4.519575e-05
[itstep]        93    3.000         4.000e-01    -13.6147060556     -1.263890e-06      4.937070e-02      4.301877e-05
[itstep]        94    3.000         4.000e-01    -13.6146896775     -1.202971e-06      4.699107e-02      4.094526e-05
[itstep]        95    3.000         4.000e-01    -13.6146740893     -1.144952e-06      4.472469e-02      3.897041e-05
[itstep]        96    3.000         4.000e-01    -13.6146592534     -1.089697e-06      4.256628e-02      3.708967e-05
[itstep]        97    3.000         4.000e-01    -13.6146451340     -1.037078e-06      4.051085e-02      3.529865e-05
[itstep]        98    3.000         4.000e-01    -13.6146316967     -9.869715e-07      3.855357e-02      3.359317e-05
[itstep]        99    3.000         4.000e-01    -13.6146189090     -9.392611e-07      3.668989e-02      3.196923e-05
[itstep]       100    3.000         4.000e-01    -13.6146067398     -8.938342e-07      3.491540e-02      3.042303e-05
[itstep]       101    3.000         4.000e-01    -13.6145951594     -8.505837e-07      3.322593e-02      2.895091e-05
[itstep]       102    3.000         4.000e-01    -13.6145841397     -8.094073e-07      3.161747e-02      2.754938e-05
[itstep]       103    3.000         4.000e-01    -13.6145736536     -7.702073e-07      3.008622e-02      2.621513e-05
[itstep]       104    3.000         4.000e-01    -13.6145636756     -7.328904e-07      2.862853e-02      2.494498e-05
[itstep]       105    3.000         4.000e-01    -13.6145541813     -6.973677e-07      2.724093e-02      2.373589e-05
[itstep]       106    3.000         4.000e-01    -13.6145451473     -6.635542e-07      2.592009e-02      2.258499e-05
[itstep]       107    3.000         4.000e-01    -13.6145365515     -6.313688e-07      2.466285e-02      2.148950e-05
[itstep]       108    3.000         4.000e-01    -13.6145283728     -6.007343e-07      2.346618e-02      2.044680e-05
[itstep]       109    3.000         4.000e-01    -13.6145205910     -5.715769e-07      2.232722e-02      1.945437e-05
[itstep]       110    3.000         4.000e-01    -13.6145131871     -5.438262e-07      2.124321e-02      1.850983e-05
[itstep]       111    3.000         4.000e-01    -13.6145061427     -5.174152e-07      2.021153e-02      1.761089e-05
[itstep]       112    3.000         4.000e-01    -13.6144994406     -4.922799e-07      1.922968e-02      1.675537e-05
[itstep]       113    3.000         4.000e-01    -13.6144930641     -4.683594e-07      1.829529e-02      1.594120e-05
[itstep]       114    3.000         4.000e-01    -13.6144869975     -4.455956e-07      1.740608e-02      1.516639e-05
[itstep]       115    3.000         4.000e-01    -13.6144812259     -4.239330e-07      1.655988e-02      1.442908e-05
[itstep]       116    3.000         4.000e-01    -13.6144757349     -4.033189e-07      1.575465e-02      1.372744e-05
[itstep]       117    3.000         4.000e-01    -13.6144705110     -3.837030e-07      1.498840e-02      1.305979e-05
[itstep]       118    3.000         4.000e-01    -13.6144655412     -3.650373e-07      1.425927e-02      1.242448e-05
[itstep]       119    3.000         4.000e-01    -13.6144608133     -3.472762e-07      1.356548e-02      1.181995e-05
[itstep]       120    3.000         4.000e-01    -13.6144563154     -3.303762e-07      1.290532e-02      1.124473e-05
[itstep]       121    3.000         4.000e-01    -13.6144520364     -3.142958e-07      1.227718e-02      1.069742e-05
[itstep]       122    3.000         4.000e-01    -13.6144479657     -2.989955e-07      1.167951e-02      1.017665e-05
[itstep]       123    3.000         4.000e-01    -13.6144440933     -2.844377e-07      1.111085e-02      9.681156e-06
[itstep]       124    3.000         4.000e-01    -13.6144404094     -2.705867e-07      1.056979e-02      9.209718e-06
[itstep]       125    3.000         4.000e-01    -13.6144369049     -2.574082e-07      1.005501e-02      8.761172e-06
[itstep]       126    3.000         4.000e-01    -13.6144335711     -2.448699e-07      9.565230e-03      8.334414e-06
[itstep]       127    3.000         4.000e-01    -13.6144303998     -2.329407e-07      9.099248e-03      7.928391e-06
[itstep]       128    3.000         4.000e-01    -13.6144273830     -2.215913e-07      8.655912e-03      7.542100e-06
[itstep]       129    3.000         4.000e-01    -13.6144245131     -2.107937e-07      8.234127e-03      7.174587e-06
[itstep]       130    3.000         4.000e-01    -13.6144217831     -2.005210e-07      7.832850e-03      6.824943e-06
[itstep]       131    3.000         4.000e-01    -13.6144191862     -1.907478e-07      7.451088e-03      6.492304e-06
[itstep]       132    3.000         4.000e-01    -13.6144167159     -1.814501e-07      7.087895e-03      6.175845e-06
[itstep]       133    3.000         4.000e-01    -13.6144143660     -1.726047e-07      6.742373e-03      5.874782e-06
[itstep]       134    3.000         4.000e-01    -13.6144121306     -1.641898e-07      6.413664e-03      5.588370e-06
[itstep]       135    3.000         4.000e-01    -13.6144100043     -1.561844e-07      6.100954e-03      5.315898e-06
[itstep]       136    3.000         4.000e-01    -13.6144079816     -1.485687e-07      5.803466e-03      5.056689e-06
[itstep]       137    3.000         4.000e-01    -13.6144060575     -1.413238e-07      5.520461e-03      4.810099e-06
[itstep]       138    3.000         4.000e-01    -13.6144042273     -1.344317e-07      5.251237e-03      4.575518e-06
[itstep]       139    3.000         4.000e-01    -13.6144024864     -1.278752e-07      4.995124e-03      4.352361e-06
[itstep]       140    3.000         4.000e-01    -13.6144008304     -1.216380e-07      4.751485e-03      4.140073e-06
[itstep]       141    3.000         4.000e-01    -13.6143992551     -1.157047e-07      4.519716e-03      3.938126e-06
[itstep]       142    3.000         4.000e-01    -13.6143977567     -1.100605e-07      4.299238e-03      3.746019e-06
[itstep]       143    3.000         4.000e-01    -13.6143963314     -1.046913e-07      4.089503e-03      3.563272e-06
[itstep]       144    3.000         4.000e-01    -13.6143949756     -9.958372e-08      3.889989e-03      3.389431e-06
[itstep]       145    3.000         4.000e-01    -13.6143936860     -9.472508e-08      3.700199e-03      3.224062e-06
[itstep]       146    3.000         4.000e-01    -13.6143924593     -9.010326e-08      3.519659e-03      3.066753e-06
[itstep]       147    3.000         4.000e-01    -13.6143912925     -8.570675e-08      3.347920e-03      2.917113e-06
[itstep]       148    3.000         4.000e-01    -13.6143901825     -8.152456e-08      3.184553e-03      2.774768e-06
[itstep]       149    3.000         4.000e-01    -13.6143891268     -7.754628e-08      3.029151e-03      2.639363e-06
[itstep]       150    3.000         4.000e-01    -13.6143881226     -7.376198e-08      2.881327e-03      2.510561e-06
[itstep]       151    3.000         4.000e-01    -13.6143871674     -7.016221e-08      2.740711e-03      2.388039e-06
[itstep]       152    3.000         4.000e-01    -13.6143862588     -6.673800e-08      2.606953e-03      2.271492e-06
[itstep]       153    3.000         4.000e-01    -13.6143853945     -6.348078e-08      2.479718e-03      2.160630e-06
[itstep]       154    3.000         4.000e-01    -13.6143845724     -6.038243e-08      2.358689e-03      2.055174e-06
[itstep]       155    3.000         4.000e-01    -13.6143837905     -5.743521e-08      2.243563e-03      1.954863e-06
[itstep]       156    3.000         4.000e-01    -13.6143830467     -5.463176e-08      2.134053e-03      1.859444e-06
[itstep]       157    3.000         4.000e-01    -13.6143823392     -5.196507e-08      2.029886e-03      1.768681e-06
[itstep]       158    3.000         4.000e-01    -13.6143816663     -4.942848e-08      1.930800e-03      1.682345e-06
[itstep]       159    3.000         4.000e-01    -13.6143810262     -4.701564e-08      1.836548e-03      1.600222e-06
[itstep]       160    3.000         4.000e-01    -13.6143804174     -4.472053e-08      1.746896e-03      1.522106e-06
[itstep]       161    3.000         4.000e-01    -13.6143798383     -4.253740e-08      1.661617e-03      1.447801e-06
[itstep]       162    3.000         4.000e-01    -13.6143792874     -4.046080e-08      1.580500e-03      1.377122e-06
[itstep]       163    3.000         4.000e-01    -13.6143787635     -3.848554e-08      1.503341e-03      1.309892e-06
[itstep]       164    3.000         4.000e-01    -13.6143782651     -3.660667e-08      1.429948e-03      1.245943e-06
[itstep]       165    3.000         4.000e-01    -13.6143777910     -3.481948e-08      1.360136e-03      1.185114e-06
[itstep]       166    3.000         4.000e-01    -13.6143773401     -3.311953e-08      1.293732e-03      1.127254e-06
[itstep]       167    3.000         4.000e-01    -13.6143769112     -3.150253e-08      1.230568e-03      1.072218e-06
[itstep]       168    3.000         4.000e-01    -13.6143765033     -2.996446e-08      1.170487e-03      1.019869e-06
[itstep]       169    3.000         4.000e-01    -13.6143761153     -2.850146e-08      1.113338e-03      9.700741e-07
[itstep]       170    3.000         4.000e-01    -13.6143757462     -2.710987e-08      1.058979e-03      9.227100e-07
[itstep]       171    3.000         4.000e-01    -13.6143753951     -2.578621e-08      1.007274e-03      8.776578e-07
[update_dt]  (i=172) Reduced time step from   0.400000 to   0.320000
[update_E0]  (i=172) Extrapolated energy ground state E0: -21.662009
[itstep]       172    3.000         3.200e-01    -13.6143750612     -2.452715e-08      9.580919e-04      8.348046e-07
[itstep]       173    3.000         3.200e-01    -13.9436606817      2.418661e-02      2.306615e+03     -1.029018e+00
[itstep]       174    3.000         3.200e-01    -13.9529043038      6.629265e-04      6.322160e+01     -2.888632e-02
[itstep]       175    3.000         3.200e-01    -13.9539287972      7.342510e-05      7.002363e+00     -3.201542e-03
[itstep]       176    3.000         3.200e-01    -13.9540849289      1.118909e-05      1.067074e+00     -4.879116e-04
[itstep]       177    3.000         3.200e-01    -13.9541097767      1.780686e-06      1.698195e-01     -7.764952e-05
[itstep]       178    3.000         3.200e-01    -13.9541137436      2.842808e-07      2.711113e-02     -1.239652e-05
[itstep]       179    3.000         3.200e-01    -13.9541143578      4.401328e-08      4.197434e-03     -1.919270e-06
[update_dt]  (i=180) Reduced time step from   0.320000 to   0.256000
[update_E0]  (i=180) Extrapolated energy ground state E0: -14.189814
[itstep]       180    3.000         2.560e-01    -13.9541144325      5.357231e-09      5.109054e-04     -2.336107e-07
[itstep]       181    3.000         2.560e-01    -14.1290646489      1.253754e-02      2.919123e+03     -6.833993e-01
[itstep]       182    3.000         2.560e-01    -14.1364690225      5.240526e-04      1.220155e+02     -2.892333e-02
[itstep]       183    3.000         2.560e-01    -14.1374137629      6.683001e-05      1.556007e+01     -3.690392e-03
[itstep]       184    3.000         2.560e-01    -14.1376072428      1.368566e-05      3.186442e+00     -7.557807e-04
[itstep]       185    3.000         2.560e-01    -14.1376514521      3.127070e-06      7.280777e-01     -1.726925e-04
[itstep]       186    3.000         2.560e-01    -14.1376618009      7.320035e-07      1.704328e-01     -4.042504e-05
[itstep]       187    3.000         2.560e-01    -14.1376642436      1.727830e-07      4.022918e-02     -9.541983e-06
[itstep]       188    3.000         2.560e-01    -14.1376648251      4.113131e-08      9.576629e-03     -2.271487e-06
[itstep]       189    3.000         2.560e-01    -14.1376649670      1.003498e-08      2.336452e-03     -5.541846e-07
[update_dt]  (i=190) Reduced time step from   0.256000 to   0.204800
[update_E0]  (i=190) Extrapolated energy ground state E0: -14.265006
[itstep]       190    3.000         2.048e-01    -14.1376650048      2.675418e-09      6.229194e-04     -1.477507e-07
[itstep]       191    3.000         2.048e-01    -14.2238089530      6.093223e-03      3.463596e+03     -4.206247e-01
[itstep]       192    3.000         2.048e-01    -14.2294262537      3.949224e-04      2.244874e+02     -2.742823e-02
[itstep]       193    3.000         2.048e-01    -14.2302248839      5.612526e-05      3.190351e+01     -3.899562e-03
[itstep]       194    3.000         2.048e-01    -14.2304145691      1.332974e-05      7.577080e+00     -9.261973e-04
[itstep]       195    3.000         2.048e-01    -14.2304698103      3.881913e-06      2.206612e+00     -2.697326e-04
[itstep]       196    3.000         2.048e-01    -14.2304868919      1.200350e-06      6.823202e-01     -8.340601e-05
[itstep]       197    3.000         2.048e-01    -14.2304922740      3.782105e-07      2.149878e-01     -2.627988e-05
[itstep]       198    3.000         2.048e-01    -14.2304939846      1.202068e-07      6.832968e-02     -8.352551e-06
[itstep]       199    3.000         2.048e-01    -14.2304945333      3.855928e-08      2.191841e-02     -2.679285e-06
[itstep]       200    3.000         2.048e-01    -14.2304947130      1.262347e-08      7.175611e-03     -8.771397e-07
[itstep]       201    3.000         2.048e-01    -14.2304947751      4.366867e-09      2.482276e-03     -3.034310e-07
[update_dt]  (i=202) Reduced time step from   0.204800 to   0.163840
[update_E0]  (i=202) Extrapolated energy ground state E0: -14.294897
[itstep]       202    3.000         1.638e-01    -14.2304947998      1.733412e-09      9.853309e-04     -1.204459e-07
[itstep]       203    3.000         1.638e-01    -14.2700144712      2.777112e-03      3.854016e+03     -2.412089e-01
[itstep]       204    3.000         1.638e-01    -14.2739223161      2.738501e-04      3.800434e+02     -2.385159e-02
[itstep]       205    3.000         1.638e-01    -14.2745739621      4.565290e-05      6.335613e+01     -3.977331e-03
[itstep]       206    3.000         1.638e-01    -14.2747394724      1.159477e-05      1.609097e+01     -1.010195e-03
[itstep]       207    3.000         1.638e-01    -14.2747944421      3.850837e-06      5.344110e+00     -3.355084e-04
[itstep]       208    3.000         1.638e-01    -14.2748149657      1.437747e-06      1.995275e+00     -1.252658e-04
[itstep]       209    3.000         1.638e-01    -14.2748229729      5.609323e-07      7.784499e-01     -4.887210e-05
[itstep]       210    3.000         1.638e-01    -14.2748261516      2.226788e-07      3.090289e-01     -1.940125e-05
[itstep]       211    3.000         1.638e-01    -14.2748274245      8.917190e-08      1.237509e-01     -7.769247e-06
[itstep]       212    3.000         1.638e-01    -14.2748279380      3.597078e-08      4.991949e-02     -3.134013e-06
[itstep]       213    3.000         1.638e-01    -14.2748281474      1.467285e-08      2.036268e-02     -1.278396e-06
[itstep]       214    3.000         1.638e-01    -14.2748282349      6.124710e-09      8.499743e-03     -5.336254e-07
[itstep]       215    3.000         1.638e-01    -14.2748282732      2.687929e-09      3.730251e-03     -2.341902e-07
[itstep]       216    3.000         1.638e-01    -14.2748282918      1.304069e-09      1.809760e-03     -1.136192e-07
[itstep]       217    3.000         1.638e-01    -14.2748283025      7.456971e-10      1.034863e-03     -6.497008e-08
[update_dt]  (i=218) Reduced time step from   0.163840 to   0.131072
[update_E0]  (i=218) Extrapolated energy ground state E0: -14.305585
[itstep]       218    3.000         1.311e-01    -14.2748283099      5.195159e-10      7.209731e-04     -4.526367e-08
[itstep]       219    3.000         1.311e-01    -14.2918718482      1.193957e-03      4.045285e+03     -1.300319e-01
[itstep]       220    3.000         1.311e-01    -14.2943241000      1.715837e-04      5.813481e+02     -1.870920e-02
[itstep]       221    3.000         1.311e-01    -14.2948281221      3.526029e-05      1.194665e+02     -3.845383e-03
[itstep]       222    3.000         1.311e-01    -14.2949660788      9.650815e-06      3.269823e+01     -1.052526e-03
[itstep]       223    3.000         1.311e-01    -14.2950145667      3.391958e-06      1.149240e+01     -3.699335e-04
[itstep]       224    3.000         1.311e-01    -14.2950346158      1.402522e-06      4.751929e+00     -1.529623e-04
[itstep]       225    3.000         1.311e-01    -14.2950436236      6.301353e-07      2.134982e+00     -6.872411e-05
[itstep]       226    3.000         1.311e-01    -14.2950478288      2.941706e-07      9.966888e-01     -3.208299e-05
[itstep]       227    3.000         1.311e-01    -14.2950498274      1.398119e-07      4.737010e-01     -1.524824e-05
[itstep]       228    3.000         1.311e-01    -14.2950507863      6.708012e-08      2.272763e-01     -7.315931e-06
[itstep]       229    3.000         1.311e-01    -14.2950512494      3.239650e-08      1.097636e-01     -3.533246e-06
[itstep]       230    3.000         1.311e-01    -14.2950514747      1.575516e-08      5.338057e-02     -1.718299e-06
[itstep]       231    3.000         1.311e-01    -14.2950515853      7.743058e-09      2.623450e-02     -8.444780e-07
[itstep]       232    3.000         1.311e-01    -14.2950516408      3.877315e-09      1.313686e-02     -4.228701e-07
[itstep]       233    3.000         1.311e-01    -14.2950516695      2.009360e-09      6.807975e-03     -2.191460e-07
[itstep]       234    3.000         1.311e-01    -14.2950516853      1.105638e-09      3.746049e-03     -1.205838e-07
[itstep]       235    3.000         1.311e-01    -14.2950516948      6.678451e-10      2.262747e-03     -7.283692e-08
[itstep]       236    3.000         1.311e-01    -14.2950517014      4.553755e-10      1.542872e-03     -4.966443e-08
[itstep]       237    3.000         1.311e-01    -14.2950517064      3.519362e-10      1.192406e-03     -3.838307e-08
[itstep]       238    3.000         1.311e-01    -14.2950517107      3.012759e-10      1.020762e-03     -3.285793e-08
[update_dt]  (i=239) Reduced time step from   0.131072 to   0.104858
[update_E0]  (i=239) Extrapolated energy ground state E0: -14.309082
[itstep]       239    3.000         1.049e-01    -14.2950517146      2.761769e-10      9.357239e-04     -3.012057e-08
[itstep]       240    3.000         1.049e-01    -14.3020315856      4.882718e-04      4.038890e+03     -6.656524e-02
[itstep]       241    3.000         1.049e-01    -14.3034222061      9.723238e-05      8.042874e+02     -1.326199e-02
[itstep]       242    3.000         1.049e-01    -14.3037792090      2.495926e-05      2.064582e+02     -3.404644e-03
[itstep]       243    3.000         1.049e-01    -14.3038893703      7.701553e-06      6.370575e+01     -1.050580e-03
[itstep]       244    3.000         1.049e-01    -14.3039300518      2.844086e-06      2.352573e+01     -3.879689e-04
[itstep]       245    3.000         1.049e-01    -14.3039476317      1.229028e-06      1.016628e+01     -1.676553e-04
[itstep]       246    3.000         1.049e-01    -14.3039561225      5.936022e-07      4.910163e+00     -8.097511e-05
[itstep]       247    3.000         1.049e-01    -14.3039605064      3.064808e-07      2.535149e+00     -4.180801e-05
[itstep]       248    3.000         1.049e-01    -14.3039628544      1.641457e-07      1.357782e+00     -2.239164e-05
[itstep]       249    3.000         1.049e-01    -14.3039641370      8.967029e-08      7.417353e-01     -1.223221e-05
[itstep]       250    3.000         1.049e-01    -14.3039648456      4.953612e-08      4.097532e-01     -6.757383e-06
[itstep]       251    3.000         1.049e-01    -14.3039652398      2.756152e-08      2.279836e-01     -3.759757e-06
[itstep]       252    3.000         1.049e-01    -14.3039654604      1.542364e-08      1.275814e-01     -2.103989e-06
[itstep]       253    3.000         1.049e-01    -14.3039655847      8.685030e-09      7.184088e-02     -1.184753e-06
[itstep]       254    3.000         1.049e-01    -14.3039656552      4.932273e-09      4.079881e-02     -6.728274e-07
[itstep]       255    3.000         1.049e-01    -14.3039656958      2.838080e-09      2.347605e-02     -3.871517e-07
[itstep]       256    3.000         1.049e-01    -14.3039657197      1.667753e-09      1.379533e-02     -2.275036e-07
[itstep]       257    3.000         1.049e-01    -14.3039657341      1.012987e-09      8.379236e-03     -1.381849e-07
[itstep]       258    3.000         1.049e-01    -14.3039657434      6.463015e-10      5.346081e-03     -8.816409e-08
[itstep]       259    3.000         1.049e-01    -14.3039657497      4.407326e-10      3.645655e-03     -6.012177e-08
[itstep]       260    3.000         1.049e-01    -14.3039657543      3.253325e-10      2.691087e-03     -4.437966e-08
[itstep]       261    3.000         1.049e-01    -14.3039657581      2.604269e-10      2.154201e-03     -3.552568e-08
[itstep]       262    3.000         1.049e-01    -14.3039657613      2.237999e-10      1.851229e-03     -3.052927e-08
[itstep]       263    3.000         1.049e-01    -14.3039657642      2.030233e-10      1.679369e-03     -2.769506e-08
[itstep]       264    3.000         1.049e-01    -14.3039657669      1.911291e-10      1.580983e-03     -2.607254e-08
[itstep]       265    3.000         1.049e-01    -14.3039657695      1.842156e-10      1.523796e-03     -2.512945e-08
[itstep]       266    3.000         1.049e-01    -14.3039657721      1.800979e-10      1.489735e-03     -2.456773e-08
[itstep]       267    3.000         1.049e-01    -14.3039657747      1.775431e-10      1.468602e-03     -2.421923e-08
[itstep]       268    3.000         1.049e-01    -14.3039657772      1.758668e-10      1.454736e-03     -2.399056e-08
[itstep]       269    3.000         1.049e-01    -14.3039657797      1.746882e-10      1.444987e-03     -2.382978e-08
[itstep]       270    3.000         1.049e-01    -14.3039657822      1.737852e-10      1.437518e-03     -2.370661e-08
[itstep]       271    3.000         1.049e-01    -14.3039657846      1.730374e-10      1.431332e-03     -2.360459e-08
[itstep]       272    3.000         1.049e-01    -14.3039657871      1.723796e-10      1.425890e-03     -2.351485e-08
[itstep]       273    3.000         1.049e-01    -14.3039657896      1.717731e-10      1.420874e-03     -2.343213e-08
[itstep]       274    3.000         1.049e-01    -14.3039657920      1.711948e-10      1.416090e-03     -2.335324e-08
[itstep]       275    3.000         1.049e-01    -14.3039657945      1.706355e-10      1.411464e-03     -2.327694e-08
[itstep]       276    3.000         1.049e-01    -14.3039657969      1.700820e-10      1.406885e-03     -2.320144e-08
[itstep]       277    3.000         1.049e-01    -14.3039657993      1.695373e-10      1.402380e-03     -2.312713e-08
[itstep]       278    3.000         1.049e-01    -14.3039658017      1.689952e-10      1.397896e-03     -2.305319e-08
[itstep]       279    3.000         1.049e-01    -14.3039658041      1.684606e-10      1.393473e-03     -2.298026e-08
[itstep]       280    3.000         1.049e-01    -14.3039658065      1.679276e-10      1.389065e-03     -2.290755e-08
[itstep]       281    3.000         1.049e-01    -14.3039658089      1.673941e-10      1.384651e-03     -2.283477e-08
[itstep]       282    3.000         1.049e-01    -14.3039658113      1.668628e-10      1.380257e-03     -2.276230e-08
[itstep]       283    3.000         1.049e-01    -14.3039658137      1.663386e-10      1.375921e-03     -2.269079e-08
[itstep]       284    3.000         1.049e-01    -14.3039658161      1.658067e-10      1.371521e-03     -2.261824e-08
[itstep]       285    3.000         1.049e-01    -14.3039658184      1.652834e-10      1.367192e-03     -2.254685e-08
[itstep]       286    3.000         1.049e-01    -14.3039658208      1.647603e-10      1.362866e-03     -2.247549e-08
[itstep]       287    3.000         1.049e-01    -14.3039658231      1.642389e-10      1.358552e-03     -2.240436e-08
[itstep]       288    3.000         1.049e-01    -14.3039658255      1.637190e-10      1.354252e-03     -2.233345e-08
[itstep]       289    3.000         1.049e-01    -14.3039658278      1.632012e-10      1.349969e-03     -2.226280e-08
[itstep]       290    3.000         1.049e-01    -14.3039658301      1.626846e-10      1.345695e-03     -2.219233e-08
[itstep]       291    3.000         1.049e-01    -14.3039658325      1.621683e-10      1.341425e-03     -2.212191e-08
[itstep]       292    3.000         1.049e-01    -14.3039658348      1.616556e-10      1.337183e-03     -2.205196e-08
[itstep]       293    3.000         1.049e-01    -14.3039658371      1.611440e-10      1.332952e-03     -2.198218e-08
[itstep]       294    3.000         1.049e-01    -14.3039658394      1.606329e-10      1.328724e-03     -2.191245e-08
[itstep]       295    3.000         1.049e-01    -14.3039658417      1.601271e-10      1.324540e-03     -2.184346e-08
[itstep]       296    3.000         1.049e-01    -14.3039658440      1.596183e-10      1.320332e-03     -2.177405e-08
[itstep]       297    3.000         1.049e-01    -14.3039658462      1.591130e-10      1.316152e-03     -2.170512e-08
[itstep]       298    3.000         1.049e-01    -14.3039658485      1.586089e-10      1.311982e-03     -2.163636e-08
[itstep]       299    3.000         1.049e-01    -14.3039658508      1.581088e-10      1.307845e-03     -2.156814e-08
[itstep]       300    3.000         1.049e-01    -14.3039658530      1.576062e-10      1.303688e-03     -2.149958e-08
[itstep]       301    3.000         1.049e-01    -14.3039658553      1.571081e-10      1.299568e-03     -2.143163e-08
[itstep]       302    3.000         1.049e-01    -14.3039658575      1.566110e-10      1.295456e-03     -2.136381e-08
[itstep]       303    3.000         1.049e-01    -14.3039658597      1.561141e-10      1.291346e-03     -2.129603e-08
[itstep]       304    3.000         1.049e-01    -14.3039658620      1.556194e-10      1.287253e-03     -2.122854e-08
[itstep]       305    3.000         1.049e-01    -14.3039658642      1.551281e-10      1.283189e-03     -2.116153e-08
[itstep]       306    3.000         1.049e-01    -14.3039658664      1.546379e-10      1.279135e-03     -2.109466e-08
[itstep]       307    3.000         1.049e-01    -14.3039658686      1.541489e-10      1.275090e-03     -2.102795e-08
[itstep]       308    3.000         1.049e-01    -14.3039658708      1.536571e-10      1.271022e-03     -2.096086e-08
[itstep]       309    3.000         1.049e-01    -14.3039658730      1.531740e-10      1.267026e-03     -2.089496e-08
[itstep]       310    3.000         1.049e-01    -14.3039658752      1.526876e-10      1.263002e-03     -2.082861e-08
[itstep]       311    3.000         1.049e-01    -14.3039658773      1.522028e-10      1.258992e-03     -2.076247e-08
[itstep]       312    3.000         1.049e-01    -14.3039658795      1.517239e-10      1.255031e-03     -2.069715e-08
[itstep]       313    3.000         1.049e-01    -14.3039658817      1.512427e-10      1.251050e-03     -2.063150e-08
[itstep]       314    3.000         1.049e-01    -14.3039658838      1.507645e-10      1.247095e-03     -2.056628e-08
[itstep]       315    3.000         1.049e-01    -14.3039658860      1.502873e-10      1.243147e-03     -2.050118e-08
[itstep]       316    3.000         1.049e-01    -14.3039658881      1.498093e-10      1.239194e-03     -2.043597e-08
[itstep]       317    3.000         1.049e-01    -14.3039658903      1.493372e-10      1.235288e-03     -2.037157e-08
[itstep]       318    3.000         1.049e-01    -14.3039658924      1.488628e-10      1.231364e-03     -2.030685e-08
[itstep]       319    3.000         1.049e-01    -14.3039658945      1.483923e-10      1.227473e-03     -2.024268e-08
[itstep]       320    3.000         1.049e-01    -14.3039658966      1.479233e-10      1.223593e-03     -2.017870e-08
[itstep]       321    3.000         1.049e-01    -14.3039658987      1.474544e-10      1.219714e-03     -2.011473e-08
[itstep]       322    3.000         1.049e-01    -14.3039659008      1.469894e-10      1.215868e-03     -2.005130e-08
[itstep]       323    3.000         1.049e-01    -14.3039659029      1.465217e-10      1.211999e-03     -1.998750e-08
[itstep]       324    3.000         1.049e-01    -14.3039659050      1.460571e-10      1.208156e-03     -1.992413e-08
[itstep]       325    3.000         1.049e-01    -14.3039659071      1.455964e-10      1.204345e-03     -1.986128e-08
[itstep]       326    3.000         1.049e-01    -14.3039659092      1.451363e-10      1.200539e-03     -1.979851e-08
[itstep]       327    3.000         1.049e-01    -14.3039659113      1.446752e-10      1.196725e-03     -1.973561e-08
[itstep]       328    3.000         1.049e-01    -14.3039659133      1.442184e-10      1.192947e-03     -1.967331e-08
[itstep]       329    3.000         1.049e-01    -14.3039659154      1.437608e-10      1.189162e-03     -1.961088e-08
[itstep]       330    3.000         1.049e-01    -14.3039659174      1.433052e-10      1.185393e-03     -1.954872e-08
[itstep]       331    3.000         1.049e-01    -14.3039659195      1.428525e-10      1.181648e-03     -1.948698e-08
[itstep]       332    3.000         1.049e-01    -14.3039659215      1.423999e-10      1.177904e-03     -1.942523e-08
[itstep]       333    3.000         1.049e-01    -14.3039659235      1.419488e-10      1.174173e-03     -1.936370e-08
[itstep]       334    3.000         1.049e-01    -14.3039659256      1.415006e-10      1.170466e-03     -1.930256e-08
[itstep]       335    3.000         1.049e-01    -14.3039659276      1.410524e-10      1.166758e-03     -1.924142e-08
[itstep]       336    3.000         1.049e-01    -14.3039659296      1.406049e-10      1.163056e-03     -1.918037e-08
[itstep]       337    3.000         1.049e-01    -14.3039659316      1.401605e-10      1.159381e-03     -1.911975e-08
[itstep]       338    3.000         1.049e-01    -14.3039659336      1.397167e-10      1.155709e-03     -1.905921e-08
[itstep]       339    3.000         1.049e-01    -14.3039659356      1.392753e-10      1.152058e-03     -1.899900e-08
[itstep]       340    3.000         1.049e-01    -14.3039659376      1.388324e-10      1.148394e-03     -1.893857e-08
[itstep]       341    3.000         1.049e-01    -14.3039659395      1.383955e-10      1.144780e-03     -1.887898e-08
[itstep]       342    3.000         1.049e-01    -14.3039659415      1.379550e-10      1.141137e-03     -1.881889e-08
[itstep]       343    3.000         1.049e-01    -14.3039659435      1.375196e-10      1.137535e-03     -1.875949e-08
[itstep]       344    3.000         1.049e-01    -14.3039659455      1.370828e-10      1.133922e-03     -1.869991e-08
[itstep]       345    3.000         1.049e-01    -14.3039659474      1.366502e-10      1.130344e-03     -1.864089e-08
[itstep]       346    3.000         1.049e-01    -14.3039659494      1.362171e-10      1.126762e-03     -1.858182e-08
[itstep]       347    3.000         1.049e-01    -14.3039659513      1.357854e-10      1.123191e-03     -1.852293e-08
[itstep]       348    3.000         1.049e-01    -14.3039659532      1.353585e-10      1.119659e-03     -1.846469e-08
[itstep]       349    3.000         1.049e-01    -14.3039659552      1.349268e-10      1.116088e-03     -1.840581e-08
[itstep]       350    3.000         1.049e-01    -14.3039659571      1.345002e-10      1.112560e-03     -1.834761e-08
[itstep]       351    3.000         1.049e-01    -14.3039659590      1.340750e-10      1.109043e-03     -1.828961e-08
[itstep]       352    3.000         1.049e-01    -14.3039659609      1.336493e-10      1.105521e-03     -1.823154e-08
[itstep]       353    3.000         1.049e-01    -14.3039659628      1.332277e-10      1.102034e-03     -1.817402e-08
[itstep]       354    3.000         1.049e-01    -14.3039659647      1.328065e-10      1.098549e-03     -1.811656e-08
[itstep]       355    3.000         1.049e-01    -14.3039659666      1.323836e-10      1.095052e-03     -1.805888e-08
[itstep]       356    3.000         1.049e-01    -14.3039659685      1.319672e-10      1.091607e-03     -1.800208e-08
[itstep]       357    3.000         1.049e-01    -14.3039659704      1.315480e-10      1.088139e-03     -1.794488e-08
[itstep]       358    3.000         1.049e-01    -14.3039659723      1.311316e-10      1.084695e-03     -1.788808e-08
[itstep]       359    3.000         1.049e-01    -14.3039659741      1.307175e-10      1.081270e-03     -1.783160e-08
[itstep]       360    3.000         1.049e-01    -14.3039659760      1.303020e-10      1.077833e-03     -1.777492e-08
[itstep]       361    3.000         1.049e-01    -14.3039659779      1.298899e-10      1.074424e-03     -1.771871e-08
[itstep]       362    3.000         1.049e-01    -14.3039659797      1.294793e-10      1.071027e-03     -1.766269e-08
[itstep]       363    3.000         1.049e-01    -14.3039659815      1.290685e-10      1.067629e-03     -1.760665e-08
[itstep]       364    3.000         1.049e-01    -14.3039659834      1.286619e-10      1.064266e-03     -1.755118e-08
[itstep]       365    3.000         1.049e-01    -14.3039659852      1.282528e-10      1.060882e-03     -1.749538e-08
[itstep]       366    3.000         1.049e-01    -14.3039659871      1.278472e-10      1.057527e-03     -1.744005e-08
[itstep]       367    3.000         1.049e-01    -14.3039659889      1.274441e-10      1.054193e-03     -1.738506e-08
[itstep]       368    3.000         1.049e-01    -14.3039659907      1.270374e-10      1.050829e-03     -1.732958e-08
[itstep]       369    3.000         1.049e-01    -14.3039659925      1.266375e-10      1.047521e-03     -1.727503e-08
[itstep]       370    3.000         1.049e-01    -14.3039659943      1.262369e-10      1.044207e-03     -1.722038e-08
[itstep]       371    3.000         1.049e-01    -14.3039659961      1.258339e-10      1.040874e-03     -1.716541e-08
[itstep]       372    3.000         1.049e-01    -14.3039659979      1.254401e-10      1.037616e-03     -1.711169e-08
[itstep]       373    3.000         1.049e-01    -14.3039659997      1.250410e-10      1.034315e-03     -1.705724e-08
[itstep]       374    3.000         1.049e-01    -14.3039660015      1.246453e-10      1.031042e-03     -1.700327e-08
[itstep]       375    3.000         1.049e-01    -14.3039660033      1.242500e-10      1.027772e-03     -1.694935e-08
[itstep]       376    3.000         1.049e-01    -14.3039660050      1.238571e-10      1.024522e-03     -1.689575e-08
[itstep]       377    3.000         1.049e-01    -14.3039660068      1.234647e-10      1.021276e-03     -1.684222e-08
[itstep]       378    3.000         1.049e-01    -14.3039660086      1.230732e-10      1.018038e-03     -1.678882e-08
[itstep]       379    3.000         1.049e-01    -14.3039660103      1.226868e-10      1.014841e-03     -1.673610e-08
[itstep]       380    3.000         1.049e-01    -14.3039660121      1.222955e-10      1.011604e-03     -1.668272e-08
[itstep]       381    3.000         1.049e-01    -14.3039660138      1.219080e-10      1.008399e-03     -1.662987e-08
[itstep]       382    3.000         1.049e-01    -14.3039660155      1.215244e-10      1.005226e-03     -1.657754e-08
[itstep]       383    3.000         1.049e-01    -14.3039660173      1.211370e-10      1.002022e-03     -1.652470e-08
[update_dt]  (i=384) Reduced time step from   0.104858 to   0.083886
[update_E0]  (i=384) Extrapolated energy ground state E0: -14.310150
[itstep]       384    3.000         8.389e-02    -14.3039660190      1.207559e-10      9.988695e-04     -1.647271e-08

[info]       steps       dt                E0                 E
[output]       385    0.084    -14.3101504686    -14.3039660190
