[conf]                N               2
[conf]                J            1.655
[conf]             beta           1.000
[conf]              dt0       4.000e-01
[conf]        eps_trunc       1.000e-04
[conf]           eps_dt       9.000e-02
[conf]          eps_tol       1.000e-03
[conf]             Dmax              10
[conf]           dt_red           0.800
[conf]         phys_gap       1.000e-03
[info]           i      MBD                dt                 E           rel_err           exp_err             slope
[itstep]         0    2.000         4.000e-01     -2.2571903828      1.000000e+00      1.000000e-03     -2.647692e+00
[itstep]         1    2.000         4.000e-01     -2.4283483052      7.582786e-02      2.962026e+03     -4.278948e-01
[itstep]         2    2.000         4.000e-01     -2.5072814965      3.250489e-02      1.269722e+03     -1.973330e-01
[itstep]         3    2.000         4.000e-01     -2.5466502842      1.570178e-02      6.133509e+02     -9.842197e-02
[itstep]         4    2.000         4.000e-01     -2.5649490402      7.185422e-03      2.806805e+02     -4.574689e-02
[itstep]         5    2.000         4.000e-01     -2.5731347692      3.191381e-03      1.246633e+02     -2.046432e-02
[itstep]         6    2.000         4.000e-01     -2.5767342469      1.398869e-03      5.464331e+01     -8.998694e-03
[itstep]         7    2.000         4.000e-01     -2.5783052579      6.096907e-04      2.381604e+01     -3.927528e-03
[itstep]         8    2.000         4.000e-01     -2.5789887226      2.650830e-04      1.035480e+01     -1.708662e-03
[itstep]         9    2.000         4.000e-01     -2.5792856474      1.151322e-04      4.497353e+00     -7.423118e-04
[itstep]        10    2.000         4.000e-01     -2.5794145655      4.998211e-05      1.952426e+00     -3.222953e-04
[itstep]        11    2.000         4.000e-01     -2.5794705242      2.169435e-05      8.474357e-01     -1.398968e-04
[itstep]        12    2.000         4.000e-01     -2.5794948112      9.415468e-06      3.677917e-01     -6.071731e-05
[itstep]        13    2.000         4.000e-01     -2.5795053515      4.086214e-06      1.596177e-01     -2.635092e-05
[itstep]        14    2.000         4.000e-01     -2.5795099259      1.773345e-06      6.927129e-02     -1.143588e-05
[itstep]        15    2.000         4.000e-01     -2.5795119111      7.695953e-07      3.006232e-02     -4.962947e-06
[itstep]        16    2.000         4.000e-01     -2.5795127726      3.339875e-07      1.304639e-02     -2.153812e-06
[itstep]        17    2.000         4.000e-01     -2.5795131465      1.449431e-07      5.661840e-03     -9.347065e-07
[itstep]        18    2.000         4.000e-01     -2.5795133087      6.290202e-08      2.457110e-03     -4.056415e-07
[itstep]        19    2.000         4.000e-01     -2.5795133791      2.729804e-08      1.066330e-03     -1.760392e-07
[update_dt]  (i= 20) Reduced time step from   0.400000 to   0.320000
[update_E0]  (i= 20) Extrapolated energy ground state E0:  -3.537883
[itstep]        20    2.000         3.200e-01     -2.5795134097      1.184673e-08      4.627628e-04     -7.639698e-08
[itstep]        21    2.000         3.200e-01     -2.5873953048      3.055574e-03      2.914023e+02     -2.463092e-02
[itstep]        22    2.000         3.200e-01     -2.5885575663      4.492014e-04      4.283918e+01     -3.632067e-03
[itstep]        23    2.000         3.200e-01     -2.5887598946      7.816256e-05      7.454163e+00     -6.322759e-04
[itstep]        24    2.000         3.200e-01     -2.5887963802      1.409388e-05      1.344097e+00     -1.140177e-04
[itstep]        25    2.000         3.200e-01     -2.5888030036      2.558487e-06      2.439963e-01     -2.069813e-05
[itstep]        26    2.000         3.200e-01     -2.5888042076      4.650871e-07      4.435416e-02     -3.762559e-06
[itstep]        27    2.000         3.200e-01     -2.5888044267      8.460183e-08      8.068260e-03     -6.844300e-07
[itstep]        28    2.000         3.200e-01     -2.5888044666      1.541037e-08      1.469648e-03     -1.246701e-07
[update_dt]  (i= 29) Reduced time step from   0.320000 to   0.256000
[update_E0]  (i= 29) Extrapolated energy ground state E0:  -2.595250
[itstep]        29    2.000         2.560e-01     -2.5888044738      2.817643e-09      2.687113e-04     -2.279477e-08
[itstep]        30    2.000         2.560e-01     -2.5920533463      1.254970e-03      2.921955e+02     -1.269091e-02
[itstep]        31    2.000         2.560e-01     -2.5927385827      2.643605e-04      6.155122e+01     -2.676705e-03
[itstep]        32    2.000         2.560e-01     -2.5929054724      6.436810e-05      1.498687e+01     -6.519127e-04
[itstep]        33    2.000         2.560e-01     -2.5929479572      1.638501e-05      3.814933e+00     -1.659562e-04
[itstep]        34    2.000         2.560e-01     -2.5929589033      4.221483e-06      9.828906e-01     -4.275815e-05
[itstep]        35    2.000         2.560e-01     -2.5929617324      1.091082e-06      2.540373e-01     -1.105129e-05
[itstep]        36    2.000         2.560e-01     -2.5929624642      2.822323e-07      6.571233e-02     -2.858662e-06
[itstep]        37    2.000         2.560e-01     -2.5929626535      7.302122e-08      1.700158e-02     -7.396144e-07
[itstep]        38    2.000         2.560e-01     -2.5929627025      1.889369e-08      4.399029e-03     -1.913696e-07
[itstep]        39    2.000         2.560e-01     -2.5929627152      4.888705e-09      1.138240e-03     -4.951652e-08
[update_dt]  (i= 40) Reduced time step from   0.256000 to   0.204800
[update_E0]  (i= 40) Extrapolated energy ground state E0:  -2.595848
[itstep]        40    2.000         2.048e-01     -2.5929627185      1.264972e-09      2.945243e-04     -1.281260e-08
[itstep]        41    2.000         2.048e-01     -2.5942349845      4.906611e-04      2.789086e+02     -6.212236e-03
[itstep]        42    2.000         2.048e-01     -2.5945930440      1.380212e-04      7.845598e+01     -1.748337e-03
[itstep]        43    2.000         2.048e-01     -2.5947063662      4.367627e-05      2.482708e+01     -5.533308e-04
[itstep]        44    2.000         2.048e-01     -2.5947440047      1.450589e-05      8.245646e+00     -1.837819e-04
[itstep]        45    2.000         2.048e-01     -2.5947567285      4.903702e-06      2.787432e+00     -6.212818e-05
[itstep]        46    2.000         2.048e-01     -2.5947610565      1.667975e-06      9.481342e-01     -2.113276e-05
[itstep]        47    2.000         2.048e-01     -2.5947625318      5.685643e-07      3.231914e-01     -7.203557e-06
[itstep]        48    2.000         2.048e-01     -2.5947630351      1.939483e-07      1.102468e-01     -2.457274e-06
[itstep]        49    2.000         2.048e-01     -2.5947632068      6.617596e-08      3.761668e-02     -8.384323e-07
[itstep]        50    2.000         2.048e-01     -2.5947632654      2.258143e-08      1.283606e-02     -2.861010e-07
[itstep]        51    2.000         2.048e-01     -2.5947632854      7.705759e-09      4.380217e-03     -9.762998e-08
[itstep]        52    2.000         2.048e-01     -2.5947632922      2.629562e-09      1.494733e-03     -3.331588e-08
[update_dt]  (i= 53) Reduced time step from   0.204800 to   0.163840
[update_E0]  (i= 53) Extrapolated energy ground state E0:  -2.596012
[itstep]        53    2.000         1.638e-01     -2.5947632945      8.973327e-10      5.100746e-04     -1.136897e-08
[itstep]        54    2.000         1.638e-01     -2.5952430085      1.848777e-04      2.565694e+02     -2.927942e-03
[itstep]        55    2.000         1.638e-01     -2.5954137326      6.578349e-05      9.129293e+01     -1.042017e-03
[itstep]        56    2.000         1.638e-01     -2.5954802746      2.563828e-05      3.558027e+01     -4.061399e-04
[itstep]        57    2.000         1.638e-01     -2.5955074538      1.047176e-05      1.453249e+01     -1.658890e-04
[itstep]        58    2.000         1.638e-01     -2.5955187994      4.371243e-06      6.066319e+00     -6.924801e-05
[itstep]        59    2.000         1.638e-01     -2.5955235812      1.842327e-06      2.556742e+00     -2.918575e-05
[itstep]        60    2.000         1.638e-01     -2.5955256049      7.797082e-07      1.082063e+00     -1.235200e-05
[itstep]        61    2.000         1.638e-01     -2.5955264630      3.305742e-07      4.587639e-01     -5.236901e-06
[itstep]        62    2.000         1.638e-01     -2.5955268270      1.402602e-07      1.946501e-01     -2.221979e-06
[itstep]        63    2.000         1.638e-01     -2.5955269815      5.953049e-08      8.261516e-02     -9.430725e-07
[itstep]        64    2.000         1.638e-01     -2.5955270471      2.526992e-08      3.506906e-02     -4.003220e-07
[itstep]        65    2.000         1.638e-01     -2.5955270750      1.072738e-08      1.488723e-02     -1.699414e-07
[itstep]        66    2.000         1.638e-01     -2.5955270868      4.554006e-09      6.319953e-03     -7.214383e-08
[itstep]        67    2.000         1.638e-01     -2.5955270918      1.933297e-09      2.682988e-03     -3.062698e-08
[itstep]        68    2.000         1.638e-01     -2.5955270939      8.207395e-10      1.139005e-03     -1.300202e-08
[update_dt]  (i= 69) Reduced time step from   0.163840 to   0.131072
[update_E0]  (i= 69) Extrapolated energy ground state E0:  -2.596057
[itstep]        69    2.000         1.311e-01     -2.5955270948      3.484277e-10      4.835405e-04     -5.519736e-09
[itstep]        70    2.000         1.311e-01     -2.5957028414      6.771133e-05      2.294149e+02     -1.340840e-03
[itstep]        71    2.000         1.311e-01     -2.5957786310      2.919808e-05      9.892694e+01     -5.782283e-04
[itstep]        72    2.000         1.311e-01     -2.5958135943      1.346931e-05      4.563581e+01     -2.667492e-04
[itstep]        73    2.000         1.311e-01     -2.5958304036      6.475517e-06      2.193990e+01     -1.282443e-04
[itstep]        74    2.000         1.311e-01     -2.5958386744      3.186211e-06      1.079530e+01     -6.310168e-05
[itstep]        75    2.000         1.311e-01     -2.5958427947      1.587278e-06      5.377909e+00     -3.143554e-05
[itstep]        76    2.000         1.311e-01     -2.5958448606      7.958423e-07      2.696419e+00     -1.576143e-05
[itstep]        77    2.000         1.311e-01     -2.5958458999      4.003439e-07      1.356418e+00     -7.928700e-06
[itstep]        78    2.000         1.311e-01     -2.5958464235      2.017287e-07      6.834834e-01     -3.995183e-06
[itstep]        79    2.000         1.311e-01     -2.5958466876      1.017352e-07      3.446923e-01     -2.014839e-06
[itstep]        80    2.000         1.311e-01     -2.5958468208      5.132886e-08      1.739090e-01     -1.016555e-06
[itstep]        81    2.000         1.311e-01     -2.5958468881      2.590277e-08      8.776201e-02     -5.129977e-07
[itstep]        82    2.000         1.311e-01     -2.5958469220      1.307310e-08      4.429338e-02     -2.589093e-07
[itstep]        83    2.000         1.311e-01     -2.5958469391      6.598342e-09      2.235605e-02     -1.306784e-07
[itstep]        84    2.000         1.311e-01     -2.5958469478      3.330452e-09      1.128401e-02     -6.595874e-08
[itstep]        85    2.000         1.311e-01     -2.5958469522      1.681039e-09      5.695582e-03     -3.329254e-08
[itstep]        86    2.000         1.311e-01     -2.5958469544      8.485079e-10      2.874857e-03     -1.680448e-08
[itstep]        87    2.000         1.311e-01     -2.5958469555      4.282857e-10      1.451088e-03     -8.482086e-09
[update_dt]  (i= 88) Reduced time step from   0.131072 to   0.104858
[update_E0]  (i= 88) Extrapolated energy ground state E0:  -2.596069
[itstep]        88    2.000         1.049e-01     -2.5958469560      2.161804e-10      7.324475e-04     -4.281396e-09
[itstep]        89    2.000         1.049e-01     -2.5959099171      2.425454e-05      2.006289e+02     -6.004436e-04
[itstep]        90    2.000         1.049e-01     -2.5959416996      1.224329e-05      1.012741e+02     -3.031014e-04
[itstep]        91    2.000         1.049e-01     -2.5959585366      6.485896e-06      5.365007e+01     -1.605702e-04
[itstep]        92    2.000         1.049e-01     -2.5959677616      3.553591e-06      2.939461e+01     -8.797621e-05
[itstep]        93    2.000         1.049e-01     -2.5959729280      1.990165e-06      1.646226e+01     -4.927068e-05
[itstep]        94    2.000         1.049e-01     -2.5959758611      1.129892e-06      9.346246e+00     -2.797287e-05
[itstep]        95    2.000         1.049e-01     -2.5959775402      6.467955e-07      5.350167e+00     -1.601282e-05
[itstep]        96    2.000         1.049e-01     -2.5959785061      3.720707e-07      3.077696e+00     -9.211417e-06
[itstep]        97    2.000         1.049e-01     -2.5959790633      2.146520e-07      1.775560e+00     -5.314179e-06
[itstep]        98    2.000         1.049e-01     -2.5959793853      1.240439e-07      1.026067e+00     -3.070978e-06
[itstep]        99    2.000         1.049e-01     -2.5959795716      7.175325e-08      5.935289e-01     -1.776409e-06
[itstep]       100    2.000         1.049e-01     -2.5959796794      4.152932e-08      3.435225e-01     -1.028149e-06
[itstep]       101    2.000         1.049e-01     -2.5959797418      2.404427e-08      1.988895e-01     -5.952685e-07
[itstep]       102    2.000         1.049e-01     -2.5959797780      1.392360e-08      1.151733e-01     -3.447091e-07
[itstep]       103    2.000         1.049e-01     -2.5959797989      8.063794e-09      6.670214e-02     -1.996369e-07
[itstep]       104    2.000         1.049e-01     -2.5959798110      4.670415e-09      3.863277e-02     -1.156264e-07
[itstep]       105    2.000         1.049e-01     -2.5959798181      2.705127e-09      2.237628e-02     -6.697134e-08
[itstep]       106    2.000         1.049e-01     -2.5959798221      1.566856e-09      1.296073e-02     -3.879096e-08
[itstep]       107    2.000         1.049e-01     -2.5959798245      9.075625e-10      7.507181e-03     -2.246870e-08
[itstep]       108    2.000         1.049e-01     -2.5959798259      5.256848e-10      4.348362e-03     -1.301448e-08
[itstep]       109    2.000         1.049e-01     -2.5959798266      3.044945e-10      2.518719e-03     -7.538428e-09
[itstep]       110    2.000         1.049e-01     -2.5959798271      1.763722e-10      1.458917e-03     -4.366480e-09
[update_dt]  (i=111) Reduced time step from   0.104858 to   0.083886
[update_E0]  (i=111) Extrapolated energy ground state E0:  -2.596072
[itstep]       111    2.000         8.389e-02     -2.5959798274      1.021608e-10      8.450544e-04     -2.529215e-09

[info]       steps       dt                E0                 E
[output]       112    0.084     -2.5960720091     -2.5959798274
