[conf]                N               3
[conf]                J            0.828
[conf]             beta           1.000
[conf]              dt0       4.000e-01
[conf]        eps_trunc       1.000e-04
[conf]           eps_dt       9.000e-02
[conf]          eps_tol       1.000e-03
[conf]             Dmax              10
[conf]           dt_red           0.800
[conf]         phys_gap       1.000e-03
[info]           i      MBD                dt                 E           rel_err           exp_err             slope
[itstep]         0    2.000         4.000e-01     -2.0140617326      1.000000e+00      1.000000e-03     -5.504817e+00
[itstep]         1    2.000         4.000e-01     -2.8532410012      4.166602e-01      1.627579e+04     -2.097948e+00
[itstep]         2    2.000         4.000e-01     -3.1674380992      1.101194e-01      4.301538e+03     -7.854927e-01
[itstep]         3    2.000         4.000e-01     -3.2710074444      3.269814e-02      1.277271e+03     -2.589234e-01
[itstep]         4    2.000         4.000e-01     -3.3085358489      1.147304e-02      4.481657e+02     -9.382101e-02
[itstep]         5    2.000         4.000e-01     -3.3234717491      4.514353e-03      1.763419e+02     -3.733975e-02
[itstep]         6    2.000         4.000e-01     -3.3296805999      1.868182e-03      7.297587e+01     -1.552213e-02
[itstep]         7    2.000         4.000e-01     -3.3323019336      7.872628e-04      3.075245e+01     -6.553334e-03
[itstep]         8    2.000         4.000e-01     -3.3334140455      3.337369e-04      1.303660e+01     -2.780280e-03
[itstep]         9    2.000         4.000e-01     -3.3338865284      1.417414e-04      5.536774e+00     -1.181207e-03
[itstep]        10    2.000         4.000e-01     -3.3340873385      6.023304e-05      2.352853e+00     -5.020253e-04
[itstep]        11    2.000         4.000e-01     -3.3341726924      2.560039e-05      1.000015e+00     -2.133848e-04
[itstep]        12    2.000         4.000e-01     -3.3342089726      1.088131e-05      4.250512e-01     -9.070043e-05
[itstep]        13    2.000         4.000e-01     -3.3342243938      4.625131e-06      1.806692e-01     -3.855288e-05
[itstep]        14    2.000         4.000e-01     -3.3342309487      1.965940e-06      7.679455e-02     -1.638722e-05
[itstep]        15    2.000         4.000e-01     -3.3342337349      8.356391e-07      3.264215e-02     -6.965534e-06
[itstep]        16    2.000         4.000e-01     -3.3342349192      3.551963e-07      1.387486e-02     -2.960769e-06
[itstep]        17    2.000         4.000e-01     -3.3342354226      1.509798e-07      5.897650e-03     -1.258506e-06
[itstep]        18    2.000         4.000e-01     -3.3342356366      6.417561e-08      2.506860e-03     -5.349415e-07
[itstep]        19    2.000         4.000e-01     -3.3342357275      2.727856e-08      1.065569e-03     -2.273828e-07
[update_dt]  (i= 20) Reduced time step from   0.400000 to   0.320000
[update_E0]  (i= 20) Extrapolated energy ground state E0:  -5.777753
[itstep]        20    2.000         3.200e-01     -3.3342357662      1.159506e-08      4.529321e-04     -9.665167e-08
[itstep]        21    2.000         3.200e-01     -3.3370746957      8.514483e-04      8.120044e+01     -8.871655e-03
[itstep]        22    2.000         3.200e-01     -3.3375329509      1.373225e-04      1.309609e+01     -1.432048e-03
[itstep]        23    2.000         3.200e-01     -3.3376296185      2.896377e-05      2.762200e+00     -3.020860e-04
[itstep]        24    2.000         3.200e-01     -3.3376535333      7.165224e-06      6.833291e-01     -7.473395e-05
[itstep]        25    2.000         3.200e-01     -3.3376601987      1.997035e-06      1.904521e-01     -2.082941e-05
[itstep]        26    2.000         3.200e-01     -3.3376622116      6.030719e-07      5.751342e-02     -6.290153e-06
[itstep]        27    2.000         3.200e-01     -3.3376628487      1.908919e-07      1.820487e-02     -1.991040e-06
[itstep]        28    2.000         3.200e-01     -3.3376630556      6.196665e-08      5.909601e-03     -6.463244e-07
[itstep]        29    2.000         3.200e-01     -3.3376631236      2.037638e-08      1.943243e-03     -2.125297e-07
[update_dt]  (i= 30) Reduced time step from   0.320000 to   0.256000
[update_E0]  (i= 30) Extrapolated energy ground state E0:  -3.340041
[itstep]        30    2.000         2.560e-01     -3.3376631461      6.744009e-09      6.431589e-04     -7.034135e-08
[itstep]        31    2.000         2.560e-01     -3.3388335680      3.506711e-04      8.164697e+01     -4.571961e-03
[itstep]        32    2.000         2.560e-01     -3.3390922623      7.748045e-05      1.803982e+01     -1.010525e-03
[itstep]        33    2.000         2.560e-01     -3.3391623721      2.099666e-05      4.888666e+00     -2.738664e-04
[itstep]        34    2.000         2.560e-01     -3.3391837664      6.407081e-06      1.491765e+00     -8.357142e-05
[itstep]        35    2.000         2.560e-01     -3.3391909310      2.145613e-06      4.995644e-01     -2.798670e-05
[itstep]        36    2.000         2.560e-01     -3.3391935163      7.742322e-07      1.802650e-01     -1.009886e-05
[itstep]        37    2.000         2.560e-01     -3.3391945016      2.950711e-07      6.870159e-02     -3.848826e-06
[itstep]        38    2.000         2.560e-01     -3.3391948910      1.166225e-07      2.715329e-02     -1.521192e-06
[itstep]        39    2.000         2.560e-01     -3.3391950485      4.714668e-08      1.097719e-02     -6.149686e-07
[itstep]        40    2.000         2.560e-01     -3.3391951130      1.931740e-08      4.497682e-03     -2.519709e-07
[itstep]        41    2.000         2.560e-01     -3.3391951396      7.976585e-09      1.857193e-03     -1.040444e-07
[update_dt]  (i= 42) Reduced time step from   0.256000 to   0.204800
[update_E0]  (i= 42) Extrapolated energy ground state E0:  -3.340258
[itstep]        42    2.000         2.048e-01     -3.3391951507      3.308304e-09      7.702745e-04     -4.315263e-08
[itstep]        43    2.000         2.048e-01     -3.3396549619      1.377012e-04      7.827408e+01     -2.245172e-03
[itstep]        44    2.000         2.048e-01     -3.3397872765      3.961924e-05      2.252093e+01     -6.460673e-04
[itstep]        45    2.000         2.048e-01     -3.3398317143      1.330559e-05      7.563355e+00     -2.169817e-04
[itstep]        46    2.000         2.048e-01     -3.3398480528      4.892003e-06      2.780782e+00     -7.977768e-05
[itstep]        47    2.000         2.048e-01     -3.3398544827      1.925205e-06      1.094353e+00     -3.139596e-05
[itstep]        48    2.000         2.048e-01     -3.3398571650      8.031352e-07      4.565295e-01     -1.309744e-05
[itstep]        49    2.000         2.048e-01     -3.3398583407      3.520064e-07      2.000925e-01     -5.740484e-06
[itstep]        50    2.000         2.048e-01     -3.3398588766      1.604581e-07      9.120988e-02     -2.616735e-06
[itstep]        51    2.000         2.048e-01     -3.3398591281      7.530968e-08      4.280860e-02     -1.228143e-06
[itstep]        52    2.000         2.048e-01     -3.3398592486      3.608031e-08      2.050928e-02     -5.883944e-07
[itstep]        53    2.000         2.048e-01     -3.3398593072      1.752816e-08      9.963605e-03     -2.858476e-07
[itstep]        54    2.000         2.048e-01     -3.3398593359      8.593825e-09      4.885024e-03     -1.401473e-07
[itstep]        55    2.000         2.048e-01     -3.3398593500      4.238530e-09      2.409326e-03     -6.912156e-08
[itstep]        56    2.000         2.048e-01     -3.3398593570      2.098428e-09      1.192818e-03     -3.422097e-08
[update_dt]  (i= 57) Reduced time step from   0.204800 to   0.163840
[update_E0]  (i= 57) Extrapolated energy ground state E0:  -3.340320
[itstep]        57    2.000         1.638e-01     -3.3398593605      1.041407e-09      5.919712e-04     -1.698316e-08
[itstep]        58    2.000         1.638e-01     -3.3400334001      5.210985e-05      7.231694e+01     -1.062253e-03
[itstep]        59    2.000         1.638e-01     -3.3400958601      1.870043e-05      2.595206e+01     -3.812260e-04
[itstep]        60    2.000         1.638e-01     -3.3401210140      7.530882e-06      1.045120e+01     -1.535270e-04
[itstep]        61    2.000         1.638e-01     -3.3401318893      3.255946e-06      4.518533e+00     -6.637728e-05
[itstep]        62    2.000         1.638e-01     -3.3401368353      1.480784e-06      2.055000e+00     -3.018807e-05
[itstep]        63    2.000         1.638e-01     -3.3401391819      7.025546e-07      9.749903e-01     -1.432268e-05
[itstep]        64    2.000         1.638e-01     -3.3401403382      3.461718e-07      4.804099e-01     -7.057264e-06
[itstep]        65    2.000         1.638e-01     -3.3401409273      1.763892e-07      2.447891e-01     -3.595975e-06
[itstep]        66    2.000         1.638e-01     -3.3401412363      9.248660e-08      1.283509e-01     -1.885487e-06
[itstep]        67    2.000         1.638e-01     -3.3401414021      4.963783e-08      6.888633e-02     -1.011947e-06
[itstep]        68    2.000         1.638e-01     -3.3401414927      2.713086e-08      3.765163e-02     -5.531061e-07
[itstep]        69    2.000         1.638e-01     -3.3401415429      1.503473e-08      2.086489e-02     -3.065072e-07
[itstep]        70    2.000         1.638e-01     -3.3401415710      8.416467e-09      1.168019e-02     -1.715832e-07
[itstep]        71    2.000         1.638e-01     -3.3401415869      4.746138e-09      6.586589e-03     -9.675764e-08
[itstep]        72    2.000         1.638e-01     -3.3401415958      2.690362e-09      3.733628e-03     -5.484736e-08
[itstep]        73    2.000         1.638e-01     -3.3401416010      1.530641e-09      2.124191e-03     -3.120458e-08
[itstep]        74    2.000         1.638e-01     -3.3401416039      8.730711e-10      1.211630e-03     -1.779896e-08
[update_dt]  (i= 75) Reduced time step from   0.163840 to   0.131072
[update_E0]  (i= 75) Extrapolated energy ground state E0:  -3.340337
[itstep]        75    2.000         1.311e-01     -3.3401416055      4.988848e-10      6.923417e-04     -1.017057e-08
[itstep]        76    2.000         1.311e-01     -3.3402055927      1.915704e-05      6.490656e+01     -4.881837e-04
[itstep]        77    2.000         1.311e-01     -3.3402332078      8.267457e-06      2.801123e+01     -2.106858e-04
[itstep]        78    2.000         1.311e-01     -3.3402461698      3.880575e-06      1.314790e+01     -9.889240e-05
[itstep]        79    2.000         1.311e-01     -3.3402526035      1.926111e-06      6.525918e+00     -4.908512e-05
[itstep]        80    2.000         1.311e-01     -3.3402559251      9.944138e-07      3.369205e+00     -2.534175e-05
[itstep]        81    2.000         1.311e-01     -3.3402576942      5.296528e-07      1.794534e+00     -1.349774e-05
[itstep]        82    2.000         1.311e-01     -3.3402586626      2.898993e-07      9.822170e-01     -7.387835e-06
[itstep]        83    2.000         1.311e-01     -3.3402592060      1.626803e-07      5.511821e-01     -4.145768e-06
[itstep]        84    2.000         1.311e-01     -3.3402595180      9.340544e-08      3.164700e-01     -2.380359e-06
[itstep]        85    2.000         1.311e-01     -3.3402597008      5.474822e-08      1.854942e-01     -1.395212e-06
[itstep]        86    2.000         1.311e-01     -3.3402598100      3.267457e-08      1.107057e-01     -8.326839e-07
[itstep]        87    2.000         1.311e-01     -3.3402598761      1.980211e-08      6.709215e-02     -5.046400e-07
[itstep]        88    2.000         1.311e-01     -3.3402599167      1.215399e-08      4.117933e-02     -3.097343e-07
[itstep]        89    2.000         1.311e-01     -3.3402599419      7.536535e-09      2.553477e-02     -1.920623e-07
[itstep]        90    2.000         1.311e-01     -3.3402599576      4.711338e-09      1.596263e-02     -1.200645e-07
[itstep]        91    2.000         1.311e-01     -3.3402599675      2.963882e-09      1.004202e-02     -7.553204e-08
[itstep]        92    2.000         1.311e-01     -3.3402599738      1.873662e-09      6.348213e-03     -4.774870e-08
[itstep]        93    2.000         1.311e-01     -3.3402599778      1.188870e-09      4.028047e-03     -3.029735e-08
[itstep]        94    2.000         1.311e-01     -3.3402599803      7.564823e-10      2.563062e-03     -1.927832e-08
[itstep]        95    2.000         1.311e-01     -3.3402599819      4.823740e-10      1.634347e-03     -1.229290e-08
[itstep]        96    2.000         1.311e-01     -3.3402599829      3.080798e-10      1.043815e-03     -7.851155e-09
[update_dt]  (i= 97) Reduced time step from   0.131072 to   0.104858
[update_E0]  (i= 97) Extrapolated energy ground state E0:  -3.340342
[itstep]        97    2.000         1.049e-01     -3.3402599836      1.969943e-10      6.674428e-04     -5.020236e-09
[itstep]        98    2.000         1.049e-01     -3.3402829754      6.883241e-06      5.693684e+01     -2.192670e-04
[itstep]        99    2.000         1.049e-01     -3.3402945441      3.463394e-06      2.864852e+01     -1.103279e-04
[itstep]       100    2.000         1.049e-01     -3.3403007235      1.849954e-06      1.530246e+01     -5.893128e-05
[itstep]       101    2.000         1.049e-01     -3.3403041696      1.031668e-06      8.533755e+00     -3.286438e-05
[itstep]       102    2.000         1.049e-01     -3.3403061526      5.936474e-07      4.910536e+00     -1.891101e-05
[itstep]       103    2.000         1.049e-01     -3.3403073215      3.499476e-07      2.894698e+00     -1.114780e-05
[itstep]       104    2.000         1.049e-01     -3.3403080246      2.104817e-07      1.741064e+00     -6.705032e-06
[itstep]       105    2.000         1.049e-01     -3.3403084551      1.288865e-07      1.066124e+00     -4.105765e-06
[itstep]       106    2.000         1.049e-01     -3.3403087231      8.024311e-08      6.637554e-01     -2.556197e-06
[itstep]       107    2.000         1.049e-01     -3.3403088926      5.074228e-08      4.197303e-01     -1.616429e-06
[itstep]       108    2.000         1.049e-01     -3.3403090014      3.255721e-08      2.693070e-01     -1.037132e-06
[itstep]       109    2.000         1.049e-01     -3.3403090721      2.117085e-08      1.751212e-01     -6.744117e-07
[itstep]       110    2.000         1.049e-01     -3.3403091186      1.393425e-08      1.152614e-01     -4.438850e-07
[itstep]       111    2.000         1.049e-01     -3.3403091496      9.270134e-09      7.668075e-02     -2.953063e-07
[itstep]       112    2.000         1.049e-01     -3.3403091704      6.224999e-09      5.149198e-02     -1.983015e-07
[itstep]       113    2.000         1.049e-01     -3.3403091845      4.213641e-09      3.485442e-02     -1.342284e-07
[itstep]       114    2.000         1.049e-01     -3.3403091940      2.871411e-09      2.375175e-02     -9.147071e-08
[itstep]       115    2.000         1.049e-01     -3.3403092006      1.967715e-09      1.627656e-02     -6.268288e-08
[itstep]       116    2.000         1.049e-01     -3.3403092051      1.354655e-09      1.120544e-02     -4.315345e-08
[itstep]       117    2.000         1.049e-01     -3.3403092083      9.361111e-10      7.743330e-03     -2.982045e-08
[itstep]       118    2.000         1.049e-01     -3.3403092104      6.488557e-10      5.367209e-03     -2.066973e-08
[itstep]       119    2.000         1.049e-01     -3.3403092119      4.508501e-10      3.729345e-03     -1.436213e-08
[itstep]       120    2.000         1.049e-01     -3.3403092130      3.138846e-10      2.596392e-03     -9.999004e-09
[itstep]       121    2.000         1.049e-01     -3.3403092137      2.188726e-10      1.810472e-03     -6.972335e-09
[itstep]       122    2.000         1.049e-01     -3.3403092142      1.528105e-10      1.264019e-03     -4.867881e-09
[update_dt]  (i=123) Reduced time step from   0.104858 to   0.083886
[update_E0]  (i=123) Extrapolated energy ground state E0:  -3.340343
[itstep]       123    2.000         8.389e-02     -3.3403092146      1.067950e-10      8.833878e-04     -3.402027e-09

[info]       steps       dt                E0                 E
[output]       124    0.084     -3.3403433694     -3.3403092146
