[conf]                N               2
[conf]                J            3.862
[conf]             beta           1.000
[conf]              dt0       4.000e-01
[conf]        eps_trunc       1.000e-04
[conf]           eps_dt       9.000e-02
[conf]          eps_tol       1.000e-03
[conf]             Dmax              10
[conf]           dt_red           0.800
[conf]         phys_gap       1.000e-03
[info]           i      MBD                dt                 E           rel_err           exp_err             slope
[itstep]         0    2.000         4.000e-01     -4.0078107059      1.000000e+00      1.000000e-03     -8.776253e+00
[itstep]         1    2.000         4.000e-01     -4.0269585895      4.777642e-03      1.866266e+02     -4.786971e-02
[itstep]         2    2.000         4.000e-01     -4.0695556575      1.057798e-02      4.132022e+02     -1.064927e-01
[itstep]         3    2.000         4.000e-01     -4.1043483727      8.549512e-03      3.339653e+02     -8.698179e-02
[itstep]         4    2.000         4.000e-01     -4.1283438086      5.846345e-03      2.283728e+02     -5.998859e-02
[itstep]         5    2.000         4.000e-01     -4.1432939129      3.621332e-03      1.414583e+02     -3.737526e-02
[itstep]         6    2.000         4.000e-01     -4.1520319663      2.108963e-03      8.238137e+01     -2.184513e-02
[itstep]         7    2.000         4.000e-01     -4.1569496935      1.184415e-03      4.626619e+01     -1.229432e-02
[itstep]         8    2.000         4.000e-01     -4.1596586175      6.516615e-04      2.545553e+01     -6.772310e-03
[itstep]         9    2.000         4.000e-01     -4.1611332101      3.544985e-04      1.384760e+01     -3.686482e-03
[itstep]        10    2.000         4.000e-01     -4.1619307134      1.916553e-04      7.486535e+00     -1.993758e-03
[itstep]        11    2.000         4.000e-01     -4.1623605152      1.032698e-04      4.033977e+00     -1.074505e-03
[itstep]        12    2.000         4.000e-01     -4.1625917119      5.554462e-05      2.169712e+00     -5.779918e-04
[itstep]        13    2.000         4.000e-01     -4.1627159494      2.984618e-05      1.165866e+00     -3.105936e-04
[itstep]        14    2.000         4.000e-01     -4.1627826739      1.602909e-05      6.261362e-01     -1.668113e-04
[itstep]        15    2.000         4.000e-01     -4.1628184993      8.606114e-06      3.361763e-01     -8.956346e-05
[itstep]        16    2.000         4.000e-01     -4.1628377315      4.619979e-06      1.804679e-01     -4.808034e-05
[itstep]        17    2.000         4.000e-01     -4.1628480550      2.479921e-06      9.687192e-02     -2.580877e-05
[itstep]        18    2.000         4.000e-01     -4.1628535962      1.331119e-06      5.199683e-02     -1.385311e-05
[itstep]        19    2.000         4.000e-01     -4.1628565705      7.144728e-07      2.790909e-02     -7.435614e-06
[itstep]        20    2.000         4.000e-01     -4.1628581668      3.834857e-07      1.497991e-02     -3.990990e-06
[itstep]        21    2.000         4.000e-01     -4.1628590237      2.058305e-07      8.040253e-03     -2.142108e-06
[itstep]        22    2.000         4.000e-01     -4.1628594836      1.104762e-07      4.315476e-03     -1.149742e-06
[itstep]        23    2.000         4.000e-01     -4.1628597304      5.929619e-08      2.316257e-03     -6.171042e-07
[itstep]        24    2.000         4.000e-01     -4.1628598629      3.182617e-08      1.243210e-03     -3.312197e-07
[update_dt]  (i= 25) Reduced time step from   0.400000 to   0.320000
[update_E0]  (i= 25) Extrapolated energy ground state E0:  -6.705898
[itstep]        25    2.000         3.200e-01     -4.1628599340      1.708212e-08      6.672705e-04     -1.777762e-07
[itstep]        26    2.000         3.200e-01     -4.2550896899      2.215538e-02      2.112902e+03     -2.882180e-01
[itstep]        27    2.000         3.200e-01     -4.2592220826      9.711646e-04      9.261748e+01     -1.291373e-02
[itstep]        28    2.000         3.200e-01     -4.2594440516      5.211492e-05      4.970066e+00     -6.936532e-04
[itstep]        29    2.000         3.200e-01     -4.2594561167      2.832553e-06      2.701333e-01     -3.770344e-05
[itstep]        30    2.000         3.200e-01     -4.2594567785      1.553691e-07      1.481715e-02     -2.068087e-06
[update_dt]  (i= 31) Reduced time step from   0.320000 to   0.256000
[update_E0]  (i= 31) Extrapolated energy ground state E0:  -4.326473
[itstep]        31    2.000         2.560e-01     -4.2594568184      9.366627e-09      8.932712e-04     -1.246773e-07
[itstep]        32    2.000         2.560e-01     -4.3042515526      1.051654e-02      2.448572e+03     -1.749794e-01
[itstep]        33    2.000         2.560e-01     -4.3079161497      8.513901e-04      1.982297e+02     -1.431483e-02
[itstep]        34    2.000         2.560e-01     -4.3082763153      8.360551e-05      1.946593e+01     -1.406897e-03
[itstep]        35    2.000         2.560e-01     -4.3083124706      8.392060e-06      1.953929e+00     -1.412317e-04
[itstep]        36    2.000         2.560e-01     -4.3083161084      8.443684e-07      1.965948e-01     -1.421017e-05
[itstep]        37    2.000         2.560e-01     -4.3083164748      8.505862e-08      1.980425e-02     -1.431482e-06
[itstep]        38    2.000         2.560e-01     -4.3083165120      8.629181e-09      2.009138e-03     -1.452236e-07
[update_dt]  (i= 39) Reduced time step from   0.256000 to   0.204800
[update_E0]  (i= 39) Extrapolated energy ground state E0:  -4.342214
[itstep]        39    2.000         2.048e-01     -4.3083165160      9.193484e-10      2.140525e-04     -1.547205e-08
[itstep]        40    2.000         2.048e-01     -4.3281706683      4.608332e-03      2.619533e+03     -9.694410e-02
[itstep]        41    2.000         2.048e-01     -4.3307783497      6.024904e-04      3.424762e+02     -1.273282e-02
[itstep]        42    2.000         2.048e-01     -4.3311853409      9.397647e-05      5.341944e+01     -1.987262e-03
[itstep]        43    2.000         2.048e-01     -4.3312509678      1.515217e-05      8.613011e+00     -3.204436e-04
[itstep]        44    2.000         2.048e-01     -4.3312616078      2.456566e-06      1.396396e+00     -5.195313e-05
[itstep]        45    2.000         2.048e-01     -4.3312633344      3.986390e-07      2.266001e-01     -8.430713e-06
[itstep]        46    2.000         2.048e-01     -4.3312636146      6.470388e-08      3.677990e-02     -1.368406e-06
[itstep]        47    2.000         2.048e-01     -4.3312636601      1.050665e-08      5.972341e-03     -2.222026e-07
[update_dt]  (i= 48) Reduced time step from   0.204800 to   0.163840
[update_E0]  (i= 48) Extrapolated energy ground state E0:  -4.347184
[itstep]        48    2.000         1.638e-01     -4.3312636675      1.709391e-09      9.716761e-04     -3.615147e-08
[itstep]        49    2.000         1.638e-01     -4.3394895658      1.899191e-03      2.635657e+03     -5.020690e-02
[itstep]        50    2.000         1.638e-01     -4.3410655132      3.631642e-04      5.039916e+02     -9.618819e-03
[itstep]        51    2.000         1.638e-01     -4.3414169430      8.095473e-05      1.123473e+02     -2.144957e-03
[itstep]        52    2.000         1.638e-01     -4.3414987067      1.883342e-05      2.613661e+01     -4.990461e-04
[itstep]        53    2.000         1.638e-01     -4.3415179298      4.427754e-06      6.144743e+00     -1.173284e-04
[itstep]        54    2.000         1.638e-01     -4.3415224605      1.043583e-06      1.448262e+00     -2.765340e-05
[itstep]        55    2.000         1.638e-01     -4.3415235290      2.461097e-07      3.415458e-01     -6.521549e-06
[itstep]        56    2.000         1.638e-01     -4.3415237811      5.804901e-08      8.055919e-02     -1.538215e-06
[itstep]        57    2.000         1.638e-01     -4.3415238405      1.369267e-08      1.900240e-02     -3.628360e-07
[itstep]        58    2.000         1.638e-01     -4.3415238545      3.230207e-09      4.482813e-03     -8.559584e-08
[itstep]        59    2.000         1.638e-01     -4.3415238578      7.623137e-10      1.057923e-03     -2.020022e-08
[update_dt]  (i= 60) Reduced time step from   0.163840 to   0.131072
[update_E0]  (i= 60) Extrapolated energy ground state E0:  -4.348642
[itstep]        60    2.000         1.311e-01     -4.3415238586      1.801408e-10      2.499956e-04     -4.773471e-09
[itstep]        61    2.000         1.311e-01     -4.3447655267      7.466660e-04      2.529803e+03     -2.473196e-02
[itstep]        62    2.000         1.311e-01     -4.3456078649      1.938743e-04      6.568716e+02     -6.426531e-03
[itstep]        63    2.000         1.311e-01     -4.3458560942      5.712188e-05      1.935365e+02     -1.893839e-03
[itstep]        64    2.000         1.311e-01     -4.3459328319      1.765767e-05      5.982650e+01     -5.854620e-04
[itstep]        65    2.000         1.311e-01     -4.3459569409      5.547485e-06      1.879561e+01     -1.839370e-04
[itstep]        66    2.000         1.311e-01     -4.3459645550      1.751991e-06      5.935976e+00     -5.809079e-05
[itstep]        67    2.000         1.311e-01     -4.3459669636      5.542324e-07      1.877812e+00     -1.837673e-05
[itstep]        68    2.000         1.311e-01     -4.3459677260      1.754211e-07      5.943499e-01     -5.816455e-06
[itstep]        69    2.000         1.311e-01     -4.3459679674      5.553221e-08      1.881505e-01     -1.841287e-06
[itstep]        70    2.000         1.311e-01     -4.3459680438      1.758053e-08      5.956517e-02     -5.829196e-07
[itstep]        71    2.000         1.311e-01     -4.3459680680      5.565815e-09      1.885771e-02     -1.845463e-07
[itstep]        72    2.000         1.311e-01     -4.3459680756      1.762116e-09      5.970282e-03     -5.842667e-08
[itstep]        73    2.000         1.311e-01     -4.3459680780      5.579046e-10      1.890254e-03     -1.849850e-08
[update_dt]  (i= 74) Reduced time step from   0.131072 to   0.104858
[update_E0]  (i= 74) Extrapolated energy ground state E0:  -4.349051
[itstep]        74    2.000         1.049e-01     -4.3459680788      1.766579e-10      5.985401e-04     -5.857463e-09
[itstep]        75    2.000         1.049e-01     -4.3471980206      2.830075e-04      2.340984e+03     -1.172964e-02
[itstep]        76    2.000         1.049e-01     -4.3476076968      9.423915e-05      7.795280e+02     -3.906977e-03
[itstep]        77    2.000         1.049e-01     -4.3477583380      3.464921e-05      2.866115e+02     -1.436626e-03
[itstep]        78    2.000         1.049e-01     -4.3478164481      1.336554e-05      1.105571e+02     -5.541814e-04
[itstep]        79    2.000         1.049e-01     -4.3478393360      5.264218e-06      4.354459e+01     -2.182756e-04
[itstep]        80    2.000         1.049e-01     -4.3478484289      2.091357e-06      1.729930e+01     -8.671652e-05
[itstep]        81    2.000         1.049e-01     -4.3478520539      8.337607e-07      6.896707e+00     -3.457131e-05
[itstep]        82    2.000         1.049e-01     -4.3478535012      3.328626e-07      2.753375e+00     -1.380193e-05
[itstep]        83    2.000         1.049e-01     -4.3478540793      1.329637e-07      1.099850e+00     -5.513253e-06
[itstep]        84    2.000         1.049e-01     -4.3478543102      5.312498e-08      4.394395e-01     -2.202794e-06
[itstep]        85    2.000         1.049e-01     -4.3478544025      2.122774e-08      1.755918e-01     -8.801949e-07
[itstep]        86    2.000         1.049e-01     -4.3478544394      8.482515e-09      7.016572e-02     -3.517221e-07
[itstep]        87    2.000         1.049e-01     -4.3478544542      3.389627e-09      2.803833e-02     -1.405487e-07
[itstep]        88    2.000         1.049e-01     -4.3478544600      1.354512e-09      1.120426e-02     -5.616400e-08
[itstep]        89    2.000         1.049e-01     -4.3478544624      5.412724e-10      4.477300e-03     -2.244352e-08
[itstep]        90    2.000         1.049e-01     -4.3478544633      2.162993e-10      1.789186e-03     -8.968715e-09
[update_dt]  (i= 91) Reduced time step from   0.104858 to   0.083886
[update_E0]  (i= 91) Extrapolated energy ground state E0:  -4.349163
[itstep]        91    2.000         8.389e-02     -4.3478544637      8.643748e-11      7.149941e-04     -3.584076e-09

[info]       steps       dt                E0                 E
[output]        92    0.084     -4.3491631752     -4.3478544637
