[conf]                N               2
[conf]                J            2.207
[conf]             beta           1.000
[conf]              dt0       4.000e-01
[conf]        eps_trunc       1.000e-04
[conf]           eps_dt       9.000e-02
[conf]          eps_tol       1.000e-03
[conf]             Dmax              10
[conf]           dt_red           0.800
[conf]         phys_gap       1.000e-03
[info]           i      MBD                dt                 E           rel_err           exp_err             slope
[itstep]         0    2.000         4.000e-01     -2.7578796232      1.000000e+00      1.000000e-03     -6.988854e+00
[itstep]         1    2.000         4.000e-01     -2.8850108548      4.609745e-02      1.800682e+03     -3.178281e-01
[itstep]         2    2.000         4.000e-01     -2.9120548595      9.373970e-03      3.661707e+02     -6.761001e-02
[itstep]         3    2.000         4.000e-01     -2.9260616996      4.809951e-03      1.878887e+02     -3.501710e-02
[itstep]         4    2.000         4.000e-01     -2.9330191640      2.377757e-03      9.288114e+01     -1.739366e-02
[itstep]         5    2.000         4.000e-01     -2.9363917413      1.149865e-03      4.491662e+01     -8.431443e-03
[itstep]         6    2.000         4.000e-01     -2.9380116485      5.516659e-04      2.154945e+01     -4.049768e-03
[itstep]         7    2.000         4.000e-01     -2.9387867068      2.638037e-04      1.030483e+01     -1.937646e-03
[itstep]         8    2.000         4.000e-01     -2.9391568864      1.259634e-04      4.920445e+00     -9.254489e-04
[itstep]         9    2.000         4.000e-01     -2.9393335435      6.010471e-05      2.347840e+00     -4.416429e-04
[itstep]        10    2.000         4.000e-01     -2.9394178149      2.867021e-05      1.119930e+00     -2.106783e-04
[itstep]        11    2.000         4.000e-01     -2.9394580076      1.367370e-05      5.341288e-01     -1.004818e-04
[itstep]        12    2.000         4.000e-01     -2.9394771755      6.520920e-06      2.547234e-01     -4.791993e-05
[itstep]        13    2.000         4.000e-01     -2.9394863164      3.109686e-06      1.214721e-01     -2.285213e-05
[itstep]        14    2.000         4.000e-01     -2.9394906754      1.482917e-06      5.792644e-02     -1.089754e-05
[itstep]        15    2.000         4.000e-01     -2.9394927541      7.071535e-07      2.762318e-02     -5.196678e-06
[itstep]        16    2.000         4.000e-01     -2.9394937453      3.372165e-07      1.317252e-02     -2.478114e-06
[itstep]        17    2.000         4.000e-01     -2.9394942180      1.608064e-07      6.281499e-03     -1.181723e-06
[itstep]        18    2.000         4.000e-01     -2.9394944434      7.668268e-08      2.995417e-03     -5.635207e-07
[itstep]        19    2.000         4.000e-01     -2.9394945509      3.656715e-08      1.428404e-03     -2.687223e-07
[update_dt]  (i= 20) Reduced time step from   0.400000 to   0.320000
[update_E0]  (i= 20) Extrapolated energy ground state E0:  -5.004948
[itstep]        20    2.000         3.200e-01     -2.9394946022      1.743753e-08      6.811534e-04     -1.281438e-07
[itstep]        21    2.000         3.200e-01     -2.9584618155      6.452542e-03      6.153624e+02     -5.927254e-02
[itstep]        22    2.000         3.200e-01     -2.9606043069      7.241910e-04      6.906423e+01     -6.695286e-03
[itstep]        23    2.000         3.200e-01     -2.9608927989      9.744364e-05      9.292949e+00     -9.015377e-04
[itstep]        24    2.000         3.200e-01     -2.9609327610      1.349662e-05      1.287138e+00     -1.248814e-04
[itstep]        25    2.000         3.200e-01     -2.9609383201      1.877489e-06      1.790513e-01     -1.737224e-05
[itstep]        26    2.000         3.200e-01     -2.9609390946      2.615662e-07      2.494490e-02     -2.420255e-06
[itstep]        27    2.000         3.200e-01     -2.9609392029      3.658220e-08      3.488750e-03     -3.384927e-07
[update_dt]  (i= 28) Reduced time step from   0.320000 to   0.256000
[update_E0]  (i= 28) Extrapolated energy ground state E0:  -2.975817
[itstep]        28    2.000         2.560e-01     -2.9609392183      5.195500e-09      4.954815e-04     -4.807362e-08
[itstep]        29    2.000         2.560e-01     -2.9690547748      2.740872e-03      6.381591e+02     -3.170139e-02
[itstep]        30    2.000         2.560e-01     -2.9704393595      4.663385e-04      1.085779e+02     -5.408534e-03
[itstep]        31    2.000         2.560e-01     -2.9707161826      9.319263e-05      2.169810e+01     -1.081340e-03
[itstep]        32    2.000         2.560e-01     -2.9707737435      1.937612e-05      4.511355e+00     -2.248475e-04
[itstep]        33    2.000         2.560e-01     -2.9707858154      4.063537e-06      9.461159e-01     -4.715566e-05
[itstep]        34    2.000         2.560e-01     -2.9707883517      8.537644e-07      1.987825e-01     -9.907622e-06
[itstep]        35    2.000         2.560e-01     -2.9707888848      1.794505e-07      4.178158e-02     -2.082459e-06
[itstep]        36    2.000         2.560e-01     -2.9707889969      3.772277e-08      8.783017e-03     -4.377593e-07
[itstep]        37    2.000         2.560e-01     -2.9707890205      7.930898e-09      1.846556e-03     -9.203525e-08
[update_dt]  (i= 38) Reduced time step from   0.256000 to   0.204800
[update_E0]  (i= 38) Extrapolated energy ground state E0:  -2.977622
[itstep]        38    2.000         2.048e-01     -2.9707890254      1.668035e-09      3.883697e-04     -1.935696e-08
[itstep]        39    2.000         2.048e-01     -2.9740550181      1.099369e-03      6.249188e+02     -1.594723e-02
[itstep]        40    2.000         2.048e-01     -2.9748296908      2.604769e-04      1.480640e+02     -3.782581e-03
[itstep]        41    2.000         2.048e-01     -2.9750398098      7.063231e-05      4.014982e+01     -1.025972e-03
[itstep]        42    2.000         2.048e-01     -2.9750995147      2.006859e-05      1.140767e+01     -2.915276e-04
[itstep]        43    2.000         2.048e-01     -2.9751167236      5.784301e-06      3.287995e+00     -8.402770e-05
[itstep]        44    2.000         2.048e-01     -2.9751217046      1.674246e-06      9.516986e-01     -2.432166e-05
[itstep]        45    2.000         2.048e-01     -2.9751231482      4.852014e-07      2.758051e-01     -7.048502e-06
[itstep]        46    2.000         2.048e-01     -2.9751235667      1.406631e-07      7.995771e-02     -2.043408e-06
[itstep]        47    2.000         2.048e-01     -2.9751236880      4.078340e-08      2.318268e-02     -5.924593e-07
[itstep]        48    2.000         2.048e-01     -2.9751237232      1.182498e-08      6.721720e-03     -1.717811e-07
[itstep]        49    2.000         2.048e-01     -2.9751237334      3.428641e-09      1.948957e-03     -4.980777e-08
[update_dt]  (i= 50) Reduced time step from   0.204800 to   0.163840
[update_E0]  (i= 50) Extrapolated energy ground state E0:  -2.978131
[itstep]        50    2.000         1.638e-01     -2.9751237363      9.941411e-10      5.651038e-04     -1.444186e-08
[itstep]        51    2.000         1.638e-01     -2.9763807528      4.225090e-04      5.863490e+02     -7.672219e-03
[itstep]        52    2.000         1.638e-01     -2.9767699772      1.307711e-04      1.814813e+02     -2.375638e-03
[itstep]        53    2.000         1.638e-01     -2.9769041226      4.506407e-05      6.253896e+01     -8.187584e-04
[itstep]        54    2.000         1.638e-01     -2.9769526460      1.629996e-05      2.262074e+01     -2.961635e-04
[itstep]        55    2.000         1.638e-01     -2.9769705439      6.012137e-06      8.343517e+00     -1.092398e-04
[itstep]        56    2.000         1.638e-01     -2.9769771952      2.234270e-06      3.100673e+00     -4.059666e-05
[itstep]        57    2.000         1.638e-01     -2.9769796741      8.326743e-07      1.155568e+00     -1.512972e-05
[itstep]        58    2.000         1.638e-01     -2.9769805989      3.106539e-07      4.311189e-01     -5.644594e-06
[itstep]        59    2.000         1.638e-01     -2.9769809441      1.159448e-07      1.609057e-01     -2.106722e-06
[itstep]        60    2.000         1.638e-01     -2.9769810729      4.328029e-08      6.006347e-02     -7.864051e-07
[itstep]        61    2.000         1.638e-01     -2.9769811210      1.615672e-08      2.242196e-02     -2.935685e-07
[itstep]        62    2.000         1.638e-01     -2.9769811389      6.031501e-09      8.370389e-03     -1.095927e-07
[itstep]        63    2.000         1.638e-01     -2.9769811457      2.251649e-09      3.124791e-03     -4.091258e-08
[itstep]        64    2.000         1.638e-01     -2.9769811482      8.405776e-10      1.166536e-03     -1.527334e-08
[update_dt]  (i= 65) Reduced time step from   0.163840 to   0.131072
[update_E0]  (i= 65) Extrapolated energy ground state E0:  -2.978270
[itstep]        65    2.000         1.311e-01     -2.9769811491      3.138021e-10      4.354879e-04     -5.701800e-09
[itstep]        66    2.000         1.311e-01     -2.9774490402      1.571697e-04      5.325115e+02     -3.569726e-03
[itstep]        67    2.000         1.311e-01     -2.9776290967      6.047339e-05      2.048918e+02     -1.373722e-03
[itstep]        68    2.000         1.311e-01     -2.9777042689      2.524565e-05      8.553560e+01     -5.735183e-04
[itstep]        69    2.000         1.311e-01     -2.9777371008      1.102593e-05      3.735731e+01     -2.504880e-04
[itstep]        70    2.000         1.311e-01     -2.9777517690      4.925948e-06      1.668976e+01     -1.119093e-04
[itstep]        71    2.000         1.311e-01     -2.9777583935      2.224665e-06      7.537458e+00     -5.054092e-05
[itstep]        72    2.000         1.311e-01     -2.9777614004      1.009784e-06      3.421282e+00     -2.294078e-05
[itstep]        73    2.000         1.311e-01     -2.9777627684      4.594100e-07      1.556542e+00     -1.043711e-05
[itstep]        74    2.000         1.311e-01     -2.9777633915      2.092347e-07      7.089148e-01     -4.753505e-06
[itstep]        75    2.000         1.311e-01     -2.9777636754      9.534061e-08      3.230266e-01     -2.165999e-06
[itstep]        76    2.000         1.311e-01     -2.9777638048      4.345285e-08      1.472240e-01     -9.871851e-07
[itstep]        77    2.000         1.311e-01     -2.9777638637      1.980626e-08      6.710623e-02     -4.499693e-07
[itstep]        78    2.000         1.311e-01     -2.9777638906      9.028318e-09      3.058913e-02     -2.051102e-07
[itstep]        79    2.000         1.311e-01     -2.9777639029      4.115475e-09      1.394377e-02     -9.349757e-08
[itstep]        80    2.000         1.311e-01     -2.9777639085      1.876020e-09      6.356205e-03     -4.262044e-08
[itstep]        81    2.000         1.311e-01     -2.9777639110      8.551787e-10      2.897458e-03     -1.942841e-08
[itstep]        82    2.000         1.311e-01     -2.9777639122      3.898316e-10      1.320801e-03     -8.856404e-09
[update_dt]  (i= 83) Reduced time step from   0.131072 to   0.104858
[update_E0]  (i= 83) Extrapolated energy ground state E0:  -2.978307
[itstep]        83    2.000         1.049e-01     -2.9777639127      1.777049e-10      6.020878e-04     -4.037196e-09
[itstep]        84    2.000         1.049e-01     -2.9779336478      5.700085e-05      4.715000e+02     -1.618720e-03
[itstep]        85    2.000         1.049e-01     -2.9780116941      2.620823e-05      2.167894e+02     -7.443081e-04
[itstep]        86    2.000         1.049e-01     -2.9780497823      1.278979e-05      1.057946e+02     -3.632368e-04
[itstep]        87    2.000         1.049e-01     -2.9780690997      6.486607e-06      5.365595e+01     -1.842254e-04
[itstep]        88    2.000         1.049e-01     -2.9780791250      3.366355e-06      2.784584e+01     -9.560812e-05
[itstep]        89    2.000         1.049e-01     -2.9780843963      1.770035e-06      1.464139e+01     -5.027108e-05
[itstep]        90    2.000         1.049e-01     -2.9780871880      9.374406e-07      7.754327e+00     -2.662446e-05
[itstep]        91    2.000         1.049e-01     -2.9780886724      4.984417e-07      4.123013e+00     -1.415637e-05
[itstep]        92    2.000         1.049e-01     -2.9780894634      2.655870e-07      2.196884e+00     -7.543008e-06
[itstep]        93    2.000         1.049e-01     -2.9780898853      1.416754e-07      1.171912e+00     -4.023762e-06
[itstep]        94    2.000         1.049e-01     -2.9780901105      7.562185e-08      6.255293e-01     -2.147757e-06
[itstep]        95    2.000         1.049e-01     -2.9780902308      4.037774e-08      3.339969e-01     -1.146780e-06
[itstep]        96    2.000         1.049e-01     -2.9780902950      2.156317e-08      1.783664e-01     -6.124217e-07
[itstep]        97    2.000         1.049e-01     -2.9780903293      1.151659e-08      9.526297e-02     -3.270858e-07
[itstep]        98    2.000         1.049e-01     -2.9780903476      6.151152e-09      5.088114e-02     -1.747006e-07
[itstep]        99    2.000         1.049e-01     -2.9780903574      3.285495e-09      2.717698e-02     -9.331227e-08
[itstep]       100    2.000         1.049e-01     -2.9780903626      1.754896e-09      1.451616e-02     -4.984130e-08
[itstep]       101    2.000         1.049e-01     -2.9780903654      9.373580e-10      7.753644e-03     -2.662217e-08
[itstep]       102    2.000         1.049e-01     -2.9780903669      5.006800e-10      4.141528e-03     -1.421996e-08
[itstep]       103    2.000         1.049e-01     -2.9780903677      2.674342e-10      2.212164e-03     -7.595476e-09
[itstep]       104    2.000         1.049e-01     -2.9780903681      1.428480e-10      1.181611e-03     -4.057068e-09
[update_dt]  (i=105) Reduced time step from   0.104858 to   0.083886
[update_E0]  (i=105) Extrapolated energy ground state E0:  -2.978317
[itstep]       105    2.000         8.389e-02     -2.9780903683      7.630125e-11      6.311491e-04     -2.167053e-09

[info]       steps       dt                E0                 E
[output]       106    0.084     -2.9783168525     -2.9780903683
