[conf]                N               2
[conf]                J            2.069
[conf]             beta           1.000
[conf]              dt0       4.000e-01
[conf]        eps_trunc       1.000e-04
[conf]           eps_dt       9.000e-02
[conf]          eps_tol       1.000e-03
[conf]             Dmax              10
[conf]           dt_red           0.800
[conf]         phys_gap       1.000e-03
[info]           i      MBD                dt                 E           rel_err           exp_err             slope
[itstep]         0    2.000         4.000e-01     -1.9298741466      1.000000e+00      1.000000e-03     -8.635653e+00
[itstep]         1    2.000         4.000e-01     -2.2716890786      1.771177e-01      6.918661e+03     -8.545373e-01
[itstep]         2    2.000         4.000e-01     -2.4079333376      5.997487e-02      2.342768e+03     -3.406106e-01
[itstep]         3    2.000         4.000e-01     -2.5530909280      6.028306e-02      2.354807e+03     -3.628940e-01
[itstep]         4    2.000         4.000e-01     -2.6744591878      4.753777e-02      1.856944e+03     -3.034206e-01
[itstep]         5    2.000         4.000e-01     -2.7548945561      3.007538e-02      1.174819e+03     -2.010884e-01
[itstep]         6    2.000         4.000e-01     -2.8003316097      1.649321e-02      6.442660e+02     -1.135926e-01
[itstep]         7    2.000         4.000e-01     -2.8237122832      8.349252e-03      3.261426e+02     -5.845168e-02
[itstep]         8    2.000         4.000e-01     -2.8351670922      4.056649e-03      1.584628e+02     -2.863702e-02
[itstep]         9    2.000         4.000e-01     -2.8406441242      1.931820e-03      7.546171e+01     -1.369258e-02
[itstep]        10    2.000         4.000e-01     -2.8432324272      9.111676e-04      3.559249e+01     -6.470757e-03
[itstep]        11    2.000         4.000e-01     -2.8444488183      4.278198e-04      1.671171e+01     -3.040978e-03
[itstep]        12    2.000         4.000e-01     -2.8450189778      2.004464e-04      7.829937e+00     -1.425399e-03
[itstep]        13    2.000         4.000e-01     -2.8452859014      9.382139e-05      3.664898e+00     -6.673091e-04
[itstep]        14    2.000         4.000e-01     -2.8454107916      4.389373e-05      1.714599e+00     -3.122255e-04
[itstep]        15    2.000         4.000e-01     -2.8454692104      2.053090e-05      8.019885e-01     -1.460471e-04
[itstep]        16    2.000         4.000e-01     -2.8454965331      9.602167e-06      3.750847e-01     -6.830668e-05
[itstep]        17    2.000         4.000e-01     -2.8455093113      4.490655e-06      1.754162e-01     -3.194536e-05
[itstep]        18    2.000         4.000e-01     -2.8455152871      2.100102e-06      8.203523e-02     -1.493965e-05
[itstep]        19    2.000         4.000e-01     -2.8455180818      9.821244e-07      3.836423e-02     -6.986625e-06
[itstep]        20    2.000         4.000e-01     -2.8455193887      4.592937e-07      1.794116e-02     -3.267321e-06
[itstep]        21    2.000         4.000e-01     -2.8455199999      2.147897e-07      8.390224e-03     -1.527971e-06
[itstep]        22    2.000         4.000e-01     -2.8455202857      1.004468e-07      3.923703e-03     -7.145584e-07
[itstep]        23    2.000         4.000e-01     -2.8455204194      4.697410e-08      1.834926e-03     -3.341644e-07
[update_dt]  (i= 24) Reduced time step from   0.400000 to   0.320000
[update_E0]  (i= 24) Extrapolated energy ground state E0:  -5.877218
[itstep]        24    2.000         3.200e-01     -2.8455204819      2.196750e-08      8.581055e-04     -1.562724e-07
[itstep]        25    2.000         3.200e-01     -2.8611111235      5.479012e-03      5.225193e+02     -4.872076e-02
[itstep]        26    2.000         3.200e-01     -2.8629992420      6.599249e-04      6.293534e+01     -5.900370e-03
[itstep]        27    2.000         3.200e-01     -2.8632712666      9.501388e-05      9.061229e+00     -8.500771e-04
[itstep]        28    2.000         3.200e-01     -2.8633116552      1.410576e-05      1.345230e+00     -1.262144e-04
[itstep]        29    2.000         3.200e-01     -2.8633176808      2.104411e-06      2.006923e-01     -1.882995e-05
[itstep]        30    2.000         3.200e-01     -2.8633185811      3.144309e-07      2.998647e-02     -2.813486e-06
[itstep]        31    2.000         3.200e-01     -2.8633187161      4.713043e-08      4.494708e-03     -4.217170e-07
[update_dt]  (i= 32) Reduced time step from   0.320000 to   0.256000
[update_E0]  (i= 32) Extrapolated energy ground state E0:  -2.875667
[itstep]        32    2.000         2.560e-01     -2.8633187365      7.145675e-09      6.814647e-04     -6.393858e-08
[itstep]        33    2.000         2.560e-01     -2.8699239408      2.306835e-03      5.371019e+02     -2.580158e-02
[itstep]        34    2.000         2.560e-01     -2.8711150720      4.150393e-04      9.663386e+01     -4.652856e-03
[itstep]        35    2.000         2.560e-01     -2.8713659205      8.736970e-05      2.034234e+01     -9.798768e-04
[itstep]        36    2.000         2.560e-01     -2.8714209397      1.916133e-05      4.461345e+00     -2.149187e-04
[itstep]        37    2.000         2.560e-01     -2.8714331211      4.242286e-06      9.877342e-01     -4.758355e-05
[itstep]        38    2.000         2.560e-01     -2.8714358237      9.412308e-07      2.191474e-01     -1.055735e-05
[itstep]        39    2.000         2.560e-01     -2.8714364237      2.089302e-07      4.864536e-02     -2.343475e-06
[itstep]        40    2.000         2.560e-01     -2.8714365568      4.638357e-08      1.079952e-02     -5.202636e-07
[itstep]        41    2.000         2.560e-01     -2.8714365864      1.029847e-08      2.397800e-03     -1.155133e-07
[update_dt]  (i= 42) Reduced time step from   0.256000 to   0.204800
[update_E0]  (i= 42) Extrapolated energy ground state E0:  -2.877068
[itstep]        42    2.000         2.048e-01     -2.8714365930      2.287106e-09      5.325083e-04     -2.565344e-08
[itstep]        43    2.000         2.048e-01     -2.8740755402      9.190338e-04      5.224102e+02     -1.288548e-02
[itstep]        44    2.000         2.048e-01     -2.8747300924      2.277436e-04      1.294572e+02     -3.196056e-03
[itstep]        45    2.000         2.048e-01     -2.8749149809      6.431508e-05      3.655889e+01     -9.027758e-04
[itstep]        46    2.000         2.048e-01     -2.8749697265      1.904250e-05      1.082441e+01     -2.673123e-04
[itstep]        47    2.000         2.048e-01     -2.8749861841      5.724453e-06      3.253975e+00     -8.035952e-05
[itstep]        48    2.000         2.048e-01     -2.8749911548      1.728936e-06      9.827861e-01     -2.427083e-05
[itstep]        49    2.000         2.048e-01     -2.8749926582      5.229293e-07      2.972509e-01     -7.340903e-06
[itstep]        50    2.000         2.048e-01     -2.8749931131      1.582322e-07      8.994459e-02     -2.221272e-06
[itstep]        51    2.000         2.048e-01     -2.8749932508      4.788547e-08      2.721974e-02     -6.722188e-07
[itstep]        52    2.000         2.048e-01     -2.8749932924      1.449206e-08      8.237783e-03     -2.034403e-07
[itstep]        53    2.000         2.048e-01     -2.8749933050      4.385938e-09      2.493117e-03     -6.157002e-08
[update_dt]  (i= 54) Reduced time step from   0.204800 to   0.163840
[update_E0]  (i= 54) Extrapolated energy ground state E0:  -2.877461
[itstep]        54    2.000         1.638e-01     -2.8749933089      1.327388e-09      7.545326e-04     -1.863394e-08
[itstep]        55    2.000         1.638e-01     -2.8760034516      3.513548e-04      4.876028e+02     -6.165422e-03
[itstep]        56    2.000         1.638e-01     -2.8763278230      1.127855e-04      1.565213e+02     -1.979806e-03
[itstep]        57    2.000         1.638e-01     -2.8764432823      4.014120e-05      5.570711e+01     -7.047074e-04
[itstep]        58    2.000         1.638e-01     -2.8764864069      1.499233e-05      2.080603e+01     -2.632115e-04
[itstep]        59    2.000         1.638e-01     -2.8765028421      5.713647e-06      7.929277e+00     -1.003127e-04
[itstep]        60    2.000         1.638e-01     -2.8765091563      2.195099e-06      3.046312e+00     -3.853887e-05
[itstep]        61    2.000         1.638e-01     -2.8765115898      8.459844e-07      1.174039e+00     -1.485279e-05
[itstep]        62    2.000         1.638e-01     -2.8765125288      3.264384e-07      4.530243e-01     -5.731225e-06
[itstep]        63    2.000         1.638e-01     -2.8765128913      1.260217e-07      1.748903e-01     -2.212543e-06
[itstep]        64    2.000         1.638e-01     -2.8765130313      4.865965e-08      6.752883e-02     -8.543098e-07
[itstep]        65    2.000         1.638e-01     -2.8765130853      1.878985e-08      2.607615e-02     -3.298904e-07
[itstep]        66    2.000         1.638e-01     -2.8765131062      7.255866e-09      1.006954e-02     -1.273901e-07
[itstep]        67    2.000         1.638e-01     -2.8765131143      2.801948e-09      3.888483e-03     -4.919335e-08
[itstep]        68    2.000         1.638e-01     -2.8765131174      1.082013e-09      1.501595e-03     -1.899673e-08
[update_dt]  (i= 69) Reduced time step from   0.163840 to   0.131072
[update_E0]  (i= 69) Extrapolated energy ground state E0:  -2.877568
[itstep]        69    2.000         1.311e-01     -2.8765131186      4.178352e-10      5.798628e-04     -7.335866e-09
[itstep]        70    2.000         1.311e-01     -2.8768875339      1.301629e-04      4.410091e+02     -2.856562e-03
[itstep]        71    2.000         1.311e-01     -2.8770359735      5.159731e-05      1.748185e+02     -1.132505e-03
[itstep]        72    2.000         1.311e-01     -2.8770995859      2.211038e-05      7.491288e+01     -4.853238e-04
[itstep]        73    2.000         1.311e-01     -2.8771280798      9.903705e-06      3.355506e+01     -2.173915e-04
[itstep]        74    2.000         1.311e-01     -2.8771411387      4.538849e-06      1.537822e+01     -9.963113e-05
[itstep]        75    2.000         1.311e-01     -2.8771471913      2.103701e-06      7.127615e+00     -4.617801e-05
[itstep]        76    2.000         1.311e-01     -2.8771500119      9.803158e-07      3.321439e+00     -2.151881e-05
[itstep]        77    2.000         1.311e-01     -2.8771513296      4.579919e-07      1.551737e+00     -1.005334e-05
[itstep]        78    2.000         1.311e-01     -2.8771519459      2.142258e-07      7.258254e-01     -4.702455e-06
[itstep]        79    2.000         1.311e-01     -2.8771522344      1.002608e-07      3.396968e-01     -2.200817e-06
[itstep]        80    2.000         1.311e-01     -2.8771523694      4.693592e-08      1.590251e-01     -1.030287e-06
[itstep]        81    2.000         1.311e-01     -2.8771524327      2.197523e-08      7.445497e-02     -4.823767e-07
[itstep]        82    2.000         1.311e-01     -2.8771524623      1.028932e-08      3.486157e-02     -2.258601e-07
[itstep]        83    2.000         1.311e-01     -2.8771524761      4.817833e-09      1.632345e-02     -1.057559e-07
[itstep]        84    2.000         1.311e-01     -2.8771524826      2.255914e-09      7.643333e-03     -4.951941e-08
[itstep]        85    2.000         1.311e-01     -2.8771524857      1.056320e-09      3.578952e-03     -2.318721e-08
[itstep]        86    2.000         1.311e-01     -2.8771524871      4.946177e-10      1.675830e-03     -1.085732e-08
[update_dt]  (i= 87) Reduced time step from   0.131072 to   0.104858
[update_E0]  (i= 87) Extrapolated energy ground state E0:  -2.877596
[itstep]        87    2.000         1.049e-01     -2.8771524877      2.316030e-10      7.847015e-04     -5.083902e-09
[itstep]        88    2.000         1.049e-01     -2.8772878624      4.705162e-05      3.892018e+02     -1.291033e-03
[itstep]        89    2.000         1.049e-01     -2.8773516483      2.216876e-05      1.833757e+02     -6.083099e-04
[itstep]        90    2.000         1.049e-01     -2.8773834517      1.105298e-05      9.142813e+01     -3.033001e-04
[itstep]        91    2.000         1.049e-01     -2.8773999116      5.720470e-06      4.731862e+01     -1.569747e-04
[itstep]        92    2.000         1.049e-01     -2.8774086271      3.028938e-06      2.505479e+01     -8.311717e-05
[itstep]        93    2.000         1.049e-01     -2.8774133036      1.625240e-06      1.344367e+01     -4.459838e-05
[itstep]        94    2.000         1.049e-01     -2.8774158318      8.786362e-07      7.267908e+00     -2.411079e-05
[itstep]        95    2.000         1.049e-01     -2.8774172043      4.770001e-07      3.945653e+00     -1.308944e-05
[itstep]        96    2.000         1.049e-01     -2.8774179512      2.595559e-07      2.146996e+00     -7.122524e-06
[itstep]        97    2.000         1.049e-01     -2.8774183581      1.414146e-07      1.169754e+00     -3.880585e-06
[itstep]        98    2.000         1.049e-01     -2.8774185799      7.710078e-08      6.377627e-01     -2.115738e-06
[itstep]        99    2.000         1.049e-01     -2.8774187009      4.205215e-08      3.478472e-01     -1.153962e-06
[itstep]       100    2.000         1.049e-01     -2.8774187669      2.294075e-08      1.897615e-01     -6.295219e-07
[itstep]       101    2.000         1.049e-01     -2.8774188030      1.251631e-08      1.035325e-01     -3.434626e-07
[itstep]       102    2.000         1.049e-01     -2.8774188226      6.829231e-09      5.649008e-02     -1.874023e-07
[itstep]       103    2.000         1.049e-01     -2.8774188333      3.726336e-09      3.082353e-02     -1.022551e-07
[itstep]       104    2.000         1.049e-01     -2.8774188392      2.033293e-09      1.681900e-02     -5.579600e-08
[itstep]       105    2.000         1.049e-01     -2.8774188424      1.109488e-09      9.177471e-03     -3.044569e-08
[itstep]       106    2.000         1.049e-01     -2.8774188441      6.054066e-10      5.007806e-03     -1.661309e-08
[itstep]       107    2.000         1.049e-01     -2.8774188451      3.303493e-10      2.732586e-03     -9.065184e-09
[itstep]       108    2.000         1.049e-01     -2.8774188456      1.802598e-10      1.491074e-03     -4.946545e-09
[update_dt]  (i=109) Reduced time step from   0.104858 to   0.083886
[update_E0]  (i=109) Extrapolated energy ground state E0:  -2.877604
[itstep]       109    2.000         8.389e-02     -2.8774188459      9.836248e-11      8.136353e-04     -2.699185e-09

[info]       steps       dt                E0                 E
[output]       110    0.084     -2.8776036363     -2.8774188459
