[conf]                N               3
[conf]                J            0.552
[conf]             beta           1.000
[conf]              dt0       4.000e-01
[conf]        eps_trunc       1.000e-04
[conf]           eps_dt       9.000e-02
[conf]          eps_tol       1.000e-03
[conf]             Dmax              10
[conf]           dt_red           0.800
[conf]         phys_gap       1.000e-03
[info]           i      MBD                dt                 E           rel_err           exp_err             slope
[itstep]         0    2.000         4.000e-01     -1.4304184334      1.000000e+00      1.000000e-03     -4.573881e+00
[itstep]         1    2.000         4.000e-01     -2.5746007077      7.998934e-01      3.124584e+04     -2.860456e+00
[itstep]         2    2.000         4.000e-01     -2.9811499053      1.579077e-01      6.168268e+03     -1.016373e+00
[itstep]         3    2.000         4.000e-01     -3.0983993192      3.933026e-02      1.536338e+03     -2.931235e-01
[itstep]         4    2.000         4.000e-01     -3.1333102464      1.126741e-02      4.401331e+02     -8.727732e-02
[itstep]         5    2.000         4.000e-01     -3.1443799571      3.532912e-03      1.380044e+02     -2.767428e-02
[itstep]         6    2.000         4.000e-01     -3.1480411319      1.164355e-03      4.548262e+01     -9.152937e-03
[itstep]         7    2.000         4.000e-01     -3.1492806577      3.937451e-04      1.538067e+01     -3.098815e-03
[itstep]         8    2.000         4.000e-01     -3.1497054753      1.348935e-04      5.269278e+00     -1.062044e-03
[itstep]         9    2.000         4.000e-01     -3.1498519861      4.651573e-05      1.817021e+00     -3.662771e-04
[itstep]        10    2.000         4.000e-01     -3.1499026754      1.609258e-05      6.286165e-01     -1.267231e-04
[itstep]        11    2.000         4.000e-01     -3.1499202407      5.576457e-06      2.178303e-01     -4.391324e-05
[itstep]        12    2.000         4.000e-01     -3.1499263324      1.933935e-06      7.554432e-02     -1.522935e-05
[itstep]        13    2.000         4.000e-01     -3.1499284459      6.709625e-07      2.620947e-02     -5.283706e-06
[itstep]        14    2.000         4.000e-01     -3.1499291793      2.328301e-07      9.094925e-03     -1.833495e-06
[itstep]        15    2.000         4.000e-01     -3.1499294338      8.080171e-08      3.156317e-03     -6.362992e-07
[itstep]        16    2.000         4.000e-01     -3.1499295221      2.804278e-08      1.095421e-03     -2.208320e-07
[update_dt]  (i= 17) Reduced time step from   0.400000 to   0.320000
[update_E0]  (i= 17) Extrapolated energy ground state E0:  -5.612152
[itstep]        17    2.000         3.200e-01     -3.1499295528      9.732631e-09      3.801809e-04     -7.664275e-08
[itstep]        18    2.000         3.200e-01     -3.1508657132      2.972004e-04      2.834324e+01     -2.925501e-03
[itstep]        19    2.000         3.200e-01     -3.1510426029      5.614002e-05      5.353929e+00     -5.527802e-04
[itstep]        20    2.000         3.200e-01     -3.1510834014      1.294764e-05      1.234783e+00     -1.274955e-04
[itstep]        21    2.000         3.200e-01     -3.1510937701      3.290523e-06      3.138087e-01     -3.240223e-05
[itstep]        22    2.000         3.200e-01     -3.1510965931      8.958810e-07      8.543787e-02     -8.821891e-06
[itstep]        23    2.000         3.200e-01     -3.1510974050      2.576516e-07      2.457157e-02     -2.537141e-06
[itstep]        24    2.000         3.200e-01     -3.1510976485      7.728315e-08      7.370296e-03     -7.610211e-07
[itstep]        25    2.000         3.200e-01     -3.1510977238      2.389583e-08      2.278884e-03     -2.353065e-07
[update_dt]  (i= 26) Reduced time step from   0.320000 to   0.256000
[update_E0]  (i= 26) Extrapolated energy ground state E0:  -3.151908
[itstep]        26    2.000         2.560e-01     -3.1510977476      7.543713e-09      7.194246e-04     -7.428431e-08
[itstep]        27    2.000         2.560e-01     -3.1514753764      1.198404e-04      2.790252e+01     -1.475113e-03
[itstep]        28    2.000         2.560e-01     -3.1515711041      3.037549e-05      7.072345e+00     -3.739360e-04
[itstep]        29    2.000         2.560e-01     -3.1515995040      9.011375e-06      2.098124e+00     -1.109375e-04
[itstep]        30    2.000         2.560e-01     -3.1516086272      2.894769e-06      6.739910e-01     -3.563732e-05
[itstep]        31    2.000         2.560e-01     -3.1516117172      9.804474e-07      2.282782e-01     -1.207026e-05
[itstep]        32    2.000         2.560e-01     -3.1516128095      3.465924e-07      8.069733e-02     -4.266893e-06
[itstep]        33    2.000         2.560e-01     -3.1516132098      1.270217e-07      2.957454e-02     -1.563762e-06
[itstep]        34    2.000         2.560e-01     -3.1516133610      4.795093e-08      1.116444e-02     -5.903233e-07
[itstep]        35    2.000         2.560e-01     -3.1516134193      1.852854e-08      4.314012e-03     -2.281047e-07
[itstep]        36    2.000         2.560e-01     -3.1516134423      7.287016e-09      1.696641e-03     -8.971038e-08
[update_dt]  (i= 37) Reduced time step from   0.256000 to   0.204800
[update_E0]  (i= 37) Extrapolated energy ground state E0:  -3.151971
[itstep]        37    2.000         2.048e-01     -3.1516134515      2.903200e-09      6.759540e-04     -3.574127e-08
[itstep]        38    2.000         2.048e-01     -3.1517592474      4.626073e-05      2.629618e+01     -7.118942e-04
[itstep]        39    2.000         2.048e-01     -3.1518064394      1.497323e-05      8.511295e+00     -2.304297e-04
[itstep]        40    2.000         2.048e-01     -3.1518236802      5.470118e-06      3.109402e+00     -8.418336e-05
[itstep]        41    2.000         2.048e-01     -3.1518304124      2.135990e-06      1.214170e+00     -3.287238e-05
[itstep]        42    2.000         2.048e-01     -3.1518331549      8.701185e-07      4.946051e-01     -1.339095e-05
[itstep]        43    2.000         2.048e-01     -3.1518343089      3.661524e-07      2.081335e-01     -5.635016e-06
[itstep]        44    2.000         2.048e-01     -3.1518348082      1.584167e-07      9.004946e-02     -2.438004e-06
[itstep]        45    2.000         2.048e-01     -3.1518350296      7.023057e-08      3.992146e-02     -1.080836e-06
[itstep]        46    2.000         2.048e-01     -3.1518351298      3.180015e-08      1.807629e-02     -4.893986e-07
[itstep]        47    2.000         2.048e-01     -3.1518351760      1.465828e-08      8.332268e-03     -2.255883e-07
[itstep]        48    2.000         2.048e-01     -3.1518351976      6.856502e-09      3.897470e-03     -1.055203e-07
[itstep]        49    2.000         2.048e-01     -3.1518352079      3.245034e-09      1.844588e-03     -4.994049e-08
[update_dt]  (i= 50) Reduced time step from   0.204800 to   0.163840
[update_E0]  (i= 50) Extrapolated energy ground state E0:  -3.151989
[itstep]        50    2.000         1.638e-01     -3.1518352128      1.550000e-09      8.810730e-04     -2.385422e-08
[itstep]        51    2.000         1.638e-01     -3.1518896285      1.726477e-05      2.395968e+01     -3.321271e-04
[itstep]        52    2.000         1.638e-01     -3.1519112125      6.847981e-06      9.503483e+00     -1.317388e-04
[itstep]        53    2.000         1.638e-01     -3.1519205840      2.973276e-06      4.126249e+00     -5.719911e-05
[itstep]        54    2.000         1.638e-01     -3.1519248840      1.364245e-06      1.893270e+00     -2.624507e-05
[itstep]        55    2.000         1.638e-01     -3.1519269281      6.485263e-07      9.000111e-01     -1.247623e-05
[itstep]        56    2.000         1.638e-01     -3.1519279251      3.163087e-07      4.389665e-01     -6.085094e-06
[itstep]        57    2.000         1.638e-01     -3.1519284217      1.575462e-07      2.186393e-01     -3.030849e-06
[itstep]        58    2.000         1.638e-01     -3.1519286736      7.993072e-08      1.109262e-01     -1.537695e-06
[itstep]        59    2.000         1.638e-01     -3.1519288036      4.123330e-08      5.722270e-02     -7.932399e-07
[itstep]        60    2.000         1.638e-01     -3.1519288717      2.159250e-08      2.996561e-02     -4.153931e-07
[itstep]        61    2.000         1.638e-01     -3.1519289078      1.145939e-08      1.590310e-02     -2.204541e-07
[itstep]        62    2.000         1.638e-01     -3.1519289272      6.153125e-09      8.539176e-03     -1.183729e-07
[itstep]        63    2.000         1.638e-01     -3.1519289377      3.337236e-09      4.631346e-03     -6.420124e-08
[itstep]        64    2.000         1.638e-01     -3.1519289434      1.825389e-09      2.533236e-03     -3.511655e-08
[itstep]        65    2.000         1.638e-01     -3.1519289466      1.005498e-09      1.395409e-03     -1.934362e-08
[update_dt]  (i= 66) Reduced time step from   0.163840 to   0.131072
[update_E0]  (i= 66) Extrapolated energy ground state E0:  -3.151994
[itstep]        66    2.000         1.311e-01     -3.1519289484      5.570767e-10      7.730992e-04     -1.071696e-08
[itstep]        67    2.000         1.311e-01     -3.1519487275      6.275257e-06      2.126140e+01     -1.509031e-04
[itstep]        68    2.000         1.311e-01     -3.1519580158      2.946849e-06      9.984314e+00     -7.086424e-05
[itstep]        69    2.000         1.311e-01     -3.1519626732      1.477617e-06      5.006360e+00     -3.553304e-05
[itstep]        70    2.000         1.311e-01     -3.1519651146      7.745383e-07      2.624238e+00     -1.862576e-05
[itstep]        71    2.000         1.311e-01     -3.1519664332      4.183611e-07      1.417463e+00     -1.006057e-05
[itstep]        72    2.000         1.311e-01     -3.1519671609      2.308684e-07      7.822127e-01     -5.551831e-06
[itstep]        73    2.000         1.311e-01     -3.1519675692      1.295411e-07      4.389022e-01     -3.115152e-06
[itstep]        74    2.000         1.311e-01     -3.1519678015      7.371143e-08      2.497440e-01     -1.772583e-06
[itstep]        75    2.000         1.311e-01     -3.1519679354      4.246929e-08      1.438915e-01     -1.021285e-06
[itstep]        76    2.000         1.311e-01     -3.1519680134      2.474978e-08      8.385553e-02     -5.951731e-07
[itstep]        77    2.000         1.311e-01     -3.1519680594      1.457635e-08      4.938660e-02     -3.505264e-07
[itstep]        78    2.000         1.311e-01     -3.1519680867      8.668627e-09      2.937045e-02     -2.084597e-07
[itstep]        79    2.000         1.311e-01     -3.1519681031      5.201318e-09      1.762275e-02     -1.250793e-07
[itstep]        80    2.000         1.311e-01     -3.1519681130      3.146067e-09      1.065929e-02     -7.565539e-08
[itstep]        81    2.000         1.311e-01     -3.1519681190      1.916643e-09      6.493838e-03     -4.609067e-08
[itstep]        82    2.000         1.311e-01     -3.1519681227      1.175080e-09      3.981326e-03     -2.825787e-08
[itstep]        83    2.000         1.311e-01     -3.1519681250      7.244338e-10      2.454477e-03     -1.742090e-08
[itstep]        84    2.000         1.311e-01     -3.1519681264      4.487551e-10      1.520442e-03     -1.079149e-08
[update_dt]  (i= 85) Reduced time step from   0.131072 to   0.104858
[update_E0]  (i= 85) Extrapolated energy ground state E0:  -3.151995
[itstep]        85    2.000         1.049e-01     -3.1519681273      2.791260e-10      9.457157e-04     -6.712313e-09
[itstep]        86    2.000         1.049e-01     -3.1519751685      2.233886e-06      1.847827e+01     -6.714951e-05
[itstep]        87    2.000         1.049e-01     -3.1519789712      1.206456e-06      9.979572e+00     -3.626556e-05
[itstep]        88    2.000         1.049e-01     -3.1519811222      6.824523e-07      5.645113e+00     -2.051425e-05
[itstep]        89    2.000         1.049e-01     -3.1519823815      3.995030e-07      3.304612e+00     -1.200892e-05
[itstep]        90    2.000         1.049e-01     -3.1519831372      2.397503e-07      1.983168e+00     -7.206809e-06
[itstep]        91    2.000         1.049e-01     -3.1519835990      1.465300e-07      1.212068e+00     -4.404642e-06
[itstep]        92    2.000         1.049e-01     -3.1519838853      9.081535e-08      7.512070e-01     -2.729878e-06
[itstep]        93    2.000         1.049e-01     -3.1519840647      5.692351e-08      4.708602e-01     -1.711101e-06
[itstep]        94    2.000         1.049e-01     -3.1519841782      3.602501e-08      2.979919e-01     -1.082900e-06
[itstep]        95    2.000         1.049e-01     -3.1519842507      2.299552e-08      1.902145e-01     -6.912376e-07
[itstep]        96    2.000         1.049e-01     -3.1519842974      1.479464e-08      1.223784e-01     -4.447220e-07
[itstep]        97    2.000         1.049e-01     -3.1519843276      9.588702e-09      7.931588e-02     -2.882332e-07
[itstep]        98    2.000         1.049e-01     -3.1519843473      6.257718e-09      5.176263e-02     -1.881049e-07
[itstep]        99    2.000         1.049e-01     -3.1519843603      4.110468e-09      3.400099e-02     -1.235593e-07
[itstep]       100    2.000         1.049e-01     -3.1519843688      2.716463e-09      2.247005e-02     -8.165596e-08
[itstep]       101    2.000         1.049e-01     -3.1519843745      1.805375e-09      1.493371e-02     -5.426896e-08
[itstep]       102    2.000         1.049e-01     -3.1519843783      1.206130e-09      9.976871e-03     -3.625586e-08
[itstep]       103    2.000         1.049e-01     -3.1519843809      8.096380e-10      6.697168e-03     -2.433745e-08
[itstep]       104    2.000         1.049e-01     -3.1519843826      5.458468e-10      4.515139e-03     -1.640797e-08
[itstep]       105    2.000         1.049e-01     -3.1519843838      3.694439e-10      3.055968e-03     -1.110536e-08
[itstep]       106    2.000         1.049e-01     -3.1519843845      2.509266e-10      2.075616e-03     -7.542769e-09
[itstep]       107    2.000         1.049e-01     -3.1519843851      1.709607e-10      1.414154e-03     -5.139021e-09
[update_dt]  (i=108) Reduced time step from   0.104858 to   0.083886
[update_E0]  (i=108) Extrapolated energy ground state E0:  -3.151996
[itstep]       108    2.000         8.389e-02     -3.1519843855      1.168024e-10      9.661667e-04     -3.511041e-09

[info]       steps       dt                E0                 E
[output]       109    0.084     -3.1519956648     -3.1519843855
