[conf]                N               3
[conf]                J            0.414
[conf]             beta           1.000
[conf]              dt0       4.000e-01
[conf]        eps_trunc       1.000e-04
[conf]           eps_dt       9.000e-02
[conf]          eps_tol       1.000e-03
[conf]             Dmax              10
[conf]           dt_red           0.800
[conf]         phys_gap       1.000e-03
[info]           i      MBD                dt                 E           rel_err           exp_err             slope
[itstep]         0    2.000         4.000e-01     -1.2822287598      1.000000e+00      1.000000e-03     -5.842973e+00
[itstep]         1    2.000         4.000e-01     -2.6211658345      1.044226e+00      4.079009e+04     -3.347343e+00
[itstep]         2    2.000         4.000e-01     -2.9743625777      1.347480e-01      5.263592e+03     -8.829919e-01
[itstep]         3    2.000         4.000e-01     -3.0562723253      2.753859e-02      1.075726e+03     -2.047744e-01
[itstep]         4    2.000         4.000e-01     -3.0767175225      6.689586e-03      2.613120e+02     -5.111299e-02
[itstep]         5    2.000         4.000e-01     -3.0822726426      1.805535e-03      7.052870e+01     -1.388780e-02
[itstep]         6    2.000         4.000e-01     -3.0838695126      5.180820e-04      2.023758e+01     -3.992175e-03
[itstep]         7    2.000         4.000e-01     -3.0843433555      1.536521e-04      6.002033e+00     -1.184607e-03
[itstep]         8    2.000         4.000e-01     -3.0844863685      4.636742e-05      1.811227e+00     -3.575326e-04
[itstep]         9    2.000         4.000e-01     -3.0845299253      1.412122e-05      5.516102e-01     -1.088918e-04
[itstep]        10    2.000         4.000e-01     -3.0845432568      4.322053e-06      1.688302e-01     -3.332875e-05
[itstep]        11    2.000         4.000e-01     -3.0845473484      1.326513e-06      5.181692e-02     -1.022922e-05
[itstep]        12    2.000         4.000e-01     -3.0845486063      4.077779e-07      1.592882e-02     -3.144525e-06
[itstep]        13    2.000         4.000e-01     -3.0845489933      1.254706e-07      4.901193e-03     -9.675500e-07
[itstep]        14    2.000         4.000e-01     -3.0845491124      3.862815e-08      1.508912e-03     -2.978760e-07
[update_dt]  (i= 15) Reduced time step from   0.400000 to   0.320000
[update_E0]  (i= 15) Extrapolated energy ground state E0:  -5.956404
[itstep]        15    2.000         3.200e-01     -3.0845491491      1.189639e-08      4.647027e-04     -9.173749e-08
[itstep]        16    2.000         3.200e-01     -3.0850070698      1.484563e-04      1.415789e+01     -1.431002e-03
[itstep]        17    2.000         3.200e-01     -3.0851000584      3.014211e-05      2.874576e+00     -2.905895e-04
[itstep]        18    2.000         3.200e-01     -3.0851225267      7.282849e-06      6.945466e-01     -7.021349e-05
[itstep]        19    2.000         3.200e-01     -3.0851283751      1.895662e-06      1.807845e-01     -1.827610e-05
[itstep]        20    2.000         3.200e-01     -3.0851299682      5.163673e-07      4.924462e-02     -4.978310e-06
[itstep]        21    2.000         3.200e-01     -3.0851304178      1.457401e-07      1.389886e-02     -1.405085e-06
[itstep]        22    2.000         3.200e-01     -3.0851305485      4.236340e-08      4.040089e-03     -4.084269e-07
[itstep]        23    2.000         3.200e-01     -3.0851305874      1.261371e-08      1.202937e-03     -1.216092e-07
[update_dt]  (i= 24) Reduced time step from   0.320000 to   0.256000
[update_E0]  (i= 24) Extrapolated energy ground state E0:  -3.085534
[itstep]        24    2.000         2.560e-01     -3.0851305992      3.827693e-09      3.650373e-04     -3.690292e-08
[itstep]        25    2.000         2.560e-01     -3.0853136695      5.933956e-05      1.381607e+01     -7.151183e-04
[itstep]        26    2.000         2.560e-01     -3.0853630443      1.600316e-05      3.726026e+00     -1.928702e-04
[itstep]        27    2.000         2.560e-01     -3.0853783468      4.959714e-06      1.154774e+00     -5.977547e-05
[itstep]        28    2.000         2.560e-01     -3.0853834132      1.642084e-06      3.823275e-01     -1.979082e-05
[itstep]        29    2.000         2.560e-01     -3.0853851555      5.646781e-07      1.314744e-01     -6.805657e-06
[itstep]        30    2.000         2.560e-01     -3.0853857714      1.996332e-07      4.648073e-02     -2.406037e-06
[itstep]        31    2.000         2.560e-01     -3.0853859943      7.222648e-08      1.681654e-02     -8.704943e-07
[itstep]        32    2.000         2.560e-01     -3.0853860765      2.665898e-08      6.207027e-03     -3.213017e-07
[itstep]        33    2.000         2.560e-01     -3.0853861074      1.001060e-08      2.330775e-03     -1.206507e-07
[update_dt]  (i= 34) Reduced time step from   0.256000 to   0.204800
[update_E0]  (i= 34) Extrapolated energy ground state E0:  -3.085563
[itstep]        34    2.000         2.048e-01     -3.0853861192      3.813925e-09      8.879986e-04     -4.596653e-08
[itstep]        35    2.000         2.048e-01     -3.0854562919      2.274358e-05      1.292823e+01     -3.426403e-04
[itstep]        36    2.000         2.048e-01     -3.0854802390      7.761268e-06      4.411770e+00     -1.169290e-04
[itstep]        37    2.000         2.048e-01     -3.0854893372      2.948718e-06      1.676152e+00     -4.442486e-05
[itstep]        38    2.000         2.048e-01     -3.0854930004      1.187247e-06      6.748721e-01     -1.788691e-05
[itstep]        39    2.000         2.048e-01     -3.0854945257      4.943223e-07      2.809897e-01     -7.447403e-06
[itstep]        40    2.000         2.048e-01     -3.0854951753      2.105493e-07      1.196834e-01     -3.172113e-06
[itstep]        41    2.000         2.048e-01     -3.0854954570      9.130304e-08      5.189977e-02     -1.375562e-06
[itstep]        42    2.000         2.048e-01     -3.0854955811      4.020893e-08      2.285613e-02     -6.057836e-07
[itstep]        43    2.000         2.048e-01     -3.0854956365      1.795276e-08      1.020496e-02     -2.704744e-07
[itstep]        44    2.000         2.048e-01     -3.0854956615      8.114786e-09      4.612722e-03     -1.222565e-07
[itstep]        45    2.000         2.048e-01     -3.0854956730      3.708076e-09      2.107797e-03     -5.586550e-08
[update_dt]  (i= 46) Reduced time step from   0.204800 to   0.163840
[update_E0]  (i= 46) Extrapolated energy ground state E0:  -3.085572
[itstep]        46    2.000         1.638e-01     -3.0854956782      1.710590e-09      9.723578e-04     -2.577157e-08
[itstep]        47    2.000         1.638e-01     -3.0855217143      8.438204e-06      1.171036e+01     -1.589114e-04
[itstep]        48    2.000         1.638e-01     -3.0855325146      3.500333e-06      4.857688e+00     -6.592013e-05
[itstep]        49    2.000         1.638e-01     -3.0855373682      1.573012e-06      2.182993e+00     -2.962390e-05
[itstep]        50    2.000         1.638e-01     -3.0855396593      7.425134e-07      1.030444e+00     -1.398348e-05
[itstep]        51    2.000         1.638e-01     -3.0855407739      3.612389e-07      5.013197e-01     -6.803083e-06
[itstep]        52    2.000         1.638e-01     -3.0855413271      1.792959e-07      2.488231e-01     -3.376617e-06
[itstep]        53    2.000         1.638e-01     -3.0855416058      9.031546e-08      1.253379e-01     -1.700879e-06
[itstep]        54    2.000         1.638e-01     -3.0855417479      4.604595e-08      6.390159e-02     -8.671673e-07
[itstep]        55    2.000         1.638e-01     -3.0855418211      2.372430e-08      3.292408e-02     -4.467915e-07
[itstep]        56    2.000         1.638e-01     -3.0855418591      1.234036e-08      1.712569e-02     -2.324017e-07
[itstep]        57    2.000         1.638e-01     -3.0855418791      6.475070e-09      8.985965e-03     -1.219427e-07
[itstep]        58    2.000         1.638e-01     -3.0855418897      3.424704e-09      4.752732e-03     -6.449627e-08
[itstep]        59    2.000         1.638e-01     -3.0855418953      1.824534e-09      2.532049e-03     -3.436081e-08
[itstep]        60    2.000         1.638e-01     -3.0855418983      9.784123e-10      1.357820e-03     -1.842610e-08
[update_dt]  (i= 61) Reduced time step from   0.163840 to   0.131072
[update_E0]  (i= 61) Extrapolated energy ground state E0:  -3.085574
[itstep]        61    2.000         1.311e-01     -3.0855419000      5.277489e-10      7.323987e-04     -9.938911e-09
[itstep]        62    2.000         1.311e-01     -3.0855513174      3.052121e-06      1.034099e+01     -7.184941e-05
[itstep]        63    2.000         1.311e-01     -3.0855559098      1.488350e-06      5.042725e+00     -3.503707e-05
[itstep]        64    2.000         1.311e-01     -3.0855582825      7.689788e-07      2.605402e+00     -1.810247e-05
[itstep]        65    2.000         1.311e-01     -3.0855595581      4.133909e-07      1.400623e+00     -9.731610e-06
[itstep]        66    2.000         1.311e-01     -3.0855602622      2.282132e-07      7.732164e-01     -5.372356e-06
[itstep]        67    2.000         1.311e-01     -3.0855606581      1.282905e-07      4.346650e-01     -3.020080e-06
[itstep]        68    2.000         1.311e-01     -3.0855608835      7.306740e-08      2.475620e-01     -1.720077e-06
[itstep]        69    2.000         1.311e-01     -3.0855610132      4.203834e-08      1.424314e-01     -9.896229e-07
[itstep]        70    2.000         1.311e-01     -3.0855610885      2.438985e-08      8.263603e-02     -5.741606e-07
[itstep]        71    2.000         1.311e-01     -3.0855611325      1.425471e-08      4.829684e-02     -3.355696e-07
[itstep]        72    2.000         1.311e-01     -3.0855611583      8.386759e-09      2.841545e-02     -1.974324e-07
[itstep]        73    2.000         1.311e-01     -3.0855611737      4.964745e-09      1.682121e-02     -1.168749e-07
[itstep]        74    2.000         1.311e-01     -3.0855611828      2.955866e-09      1.001486e-02     -6.958393e-08
[itstep]        75    2.000         1.311e-01     -3.0855611882      1.769262e-09      5.994492e-03     -4.165013e-08
[itstep]        76    2.000         1.311e-01     -3.0855611915      1.064283e-09      3.605933e-03     -2.505426e-08
[itstep]        77    2.000         1.311e-01     -3.0855611935      6.431677e-10      2.179137e-03     -1.514079e-08
[itstep]        78    2.000         1.311e-01     -3.0855611947      3.903292e-10      1.322487e-03     -9.188725e-09
[update_dt]  (i= 79) Reduced time step from   0.131072 to   0.104858
[update_E0]  (i= 79) Extrapolated energy ground state E0:  -3.085575
[itstep]        79    2.000         1.049e-01     -3.0855611955      2.378069e-10      8.057211e-04     -5.598203e-09
[itstep]        80    2.000         1.049e-01     -3.0855645345      1.082153e-06      8.951360e+00     -3.184366e-05
[itstep]        81    2.000         1.049e-01     -3.0855663956      6.031612e-07      4.989232e+00     -1.774876e-05
[itstep]        82    2.000         1.049e-01     -3.0855674759      3.501278e-07      2.896189e+00     -1.030295e-05
[itstep]        83    2.000         1.049e-01     -3.0855681225      2.095505e-07      1.733361e+00     -6.166289e-06
[itstep]        84    2.000         1.049e-01     -3.0855685182      1.282387e-07      1.060765e+00     -3.773586e-06
[itstep]        85    2.000         1.049e-01     -3.0855687643      7.975428e-08      6.597120e-01     -2.346871e-06
[itstep]        86    2.000         1.049e-01     -3.0855689192      5.019388e-08      4.151940e-01     -1.477019e-06
[itstep]        87    2.000         1.049e-01     -3.0855690175      3.187747e-08      2.636843e-01     -9.380353e-07
[itstep]        88    2.000         1.049e-01     -3.0855690805      2.039181e-08      1.686771e-01     -6.000552e-07
[itstep]        89    2.000         1.049e-01     -3.0855691209      1.312351e-08      1.085551e-01     -3.861760e-07
[itstep]        90    2.000         1.049e-01     -3.0855691471      8.490396e-09      7.023091e-02     -2.498408e-07
[itstep]        91    2.000         1.049e-01     -3.0855691642      5.519019e-09      4.565225e-02     -1.624042e-07
[itstep]        92    2.000         1.049e-01     -3.0855691753      3.603211e-09      2.980507e-02     -1.060291e-07
[itstep]        93    2.000         1.049e-01     -3.0855691826      2.362045e-09      1.953838e-02     -6.950621e-08
[itstep]        94    2.000         1.049e-01     -3.0855691874      1.554380e-09      1.285753e-02     -4.573962e-08
[itstep]        95    2.000         1.049e-01     -3.0855691905      1.026609e-09      8.491913e-03     -3.020929e-08
[itstep]        96    2.000         1.049e-01     -3.0855691926      6.803765e-10      5.627942e-03     -2.002095e-08
[itstep]        97    2.000         1.049e-01     -3.0855691940      4.523840e-10      3.742033e-03     -1.331198e-08
[itstep]        98    2.000         1.049e-01     -3.0855691950      3.017143e-10      2.495722e-03     -8.878328e-09
[itstep]        99    2.000         1.049e-01     -3.0855691956      2.018070e-10      1.669308e-03     -5.938429e-09
[itstep]       100    2.000         1.049e-01     -3.0855691960      1.353458e-10      1.119554e-03     -3.982724e-09
[update_dt]  (i=101) Reduced time step from   0.104858 to   0.083886
[update_E0]  (i=101) Extrapolated energy ground state E0:  -3.085575
[itstep]       101    2.000         8.389e-02     -3.0855691963      9.100206e-11      7.527514e-04     -2.677852e-09

[info]       steps       dt                E0                 E
[output]       102    0.084     -3.0855747470     -3.0855691963
