[conf]                N               2
[conf]                J            0.552
[conf]             beta           1.000
[conf]              dt0       4.000e-01
[conf]        eps_trunc       1.000e-04
[conf]           eps_dt       9.000e-02
[conf]          eps_tol       1.000e-03
[conf]             Dmax              10
[conf]           dt_red           0.800
[conf]         phys_gap       1.000e-03
[info]           i      MBD                dt                 E           rel_err           exp_err             slope
[itstep]         0    2.000         4.000e-01     -1.3767896017      1.000000e+00      1.000000e-03     -2.422650e+00
[itstep]         1    2.000         4.000e-01     -1.8199543024      3.218827e-01      1.257354e+04     -1.107912e+00
[itstep]         2    2.000         4.000e-01     -1.9930968692      9.513567e-02      3.716237e+03     -4.328564e-01
[itstep]         3    2.000         4.000e-01     -2.0496346876      2.836682e-02      1.108079e+03     -1.413445e-01
[itstep]         4    2.000         4.000e-01     -2.0667028682      8.327426e-03      3.252901e+02     -4.267045e-02
[itstep]         5    2.000         4.000e-01     -2.0717318284      2.433325e-03      9.505177e+01     -1.257240e-02
[itstep]         6    2.000         4.000e-01     -2.0732040079      7.106033e-04      2.775794e+01     -3.680449e-03
[itstep]         7    2.000         4.000e-01     -2.0736343195      2.075587e-04      8.107763e+00     -1.075779e-03
[itstep]         8    2.000         4.000e-01     -2.0737600608      6.063813e-05      2.368677e+00     -3.143532e-04
[itstep]         9    2.000         4.000e-01     -2.0737968025      1.771743e-05      6.920870e-01     -9.185423e-05
[itstep]        10    2.000         4.000e-01     -2.0738075385      5.176990e-06      2.022262e-01     -2.684006e-05
[itstep]        11    2.000         4.000e-01     -2.0738106757      1.512731e-06      5.909106e-02     -7.842783e-06
[itstep]        12    2.000         4.000e-01     -2.0738115923      4.420261e-07      1.726664e-02     -2.291696e-06
[itstep]        13    2.000         4.000e-01     -2.0738118602      1.291617e-07      5.045377e-03     -6.696424e-07
[itstep]        14    2.000         4.000e-01     -2.0738119385      3.774144e-08      1.474275e-03     -1.956716e-07
[update_dt]  (i= 15) Reduced time step from   0.400000 to   0.320000
[update_E0]  (i= 15) Extrapolated energy ground state E0:  -3.229685
[itstep]        15    2.000         3.200e-01     -2.0738119613      1.102814e-08      4.307867e-04     -5.717572e-08
[itstep]        16    2.000         3.200e-01     -2.0742066053      1.902988e-04      1.814831e+01     -1.233262e-03
[itstep]        17    2.000         3.200e-01     -2.0742915398      4.094795e-05      3.905101e+00     -2.654203e-04
[itstep]        18    2.000         3.200e-01     -2.0743125931      1.014962e-05      9.679430e-01     -6.579146e-05
[itstep]        19    2.000         3.200e-01     -2.0743180473      2.629424e-06      2.507614e-01     -1.704452e-05
[itstep]        20    2.000         3.200e-01     -2.0743194777      6.895809e-07      6.576356e-02     -4.470032e-06
[itstep]        21    2.000         3.200e-01     -2.0743198541      1.814396e-07      1.730343e-02     -1.176137e-06
[itstep]        22    2.000         3.200e-01     -2.0743199532      4.778153e-08      4.556802e-03     -3.097318e-07
[itstep]        23    2.000         3.200e-01     -2.0743199793      1.258624e-08      1.200317e-03     -8.158713e-08
[update_dt]  (i= 24) Reduced time step from   0.320000 to   0.256000
[update_E0]  (i= 24) Extrapolated energy ground state E0:  -2.074672
[itstep]        24    2.000         2.560e-01     -2.0743199862      3.315664e-09      3.162064e-04     -2.149297e-08
[itstep]        25    2.000         2.560e-01     -2.0744760073      7.521554e-05      1.751248e+01     -6.094574e-04
[itstep]        26    2.000         2.560e-01     -2.0745204208      2.140952e-05      4.984792e+00     -1.734904e-04
[itstep]        27    2.000         2.560e-01     -2.0745346146      6.841940e-06      1.593013e+00     -5.544432e-05
[itstep]        28    2.000         2.560e-01     -2.0745393735      2.293983e-06      5.341096e-01     -1.858964e-05
[itstep]        29    2.000         2.560e-01     -2.0745409977      7.828897e-07      1.822807e-01     -6.344279e-06
[itstep]        30    2.000         2.560e-01     -2.0745415554      2.688628e-07      6.259951e-02     -2.178777e-06
[itstep]        31    2.000         2.560e-01     -2.0745417474      9.253506e-08      2.154500e-02     -7.498744e-07
[itstep]        32    2.000         2.560e-01     -2.0745418135      3.187195e-08      7.420766e-03     -2.582800e-07
[itstep]        33    2.000         2.560e-01     -2.0745418363      1.098054e-08      2.556606e-03     -8.898275e-08
[update_dt]  (i= 34) Reduced time step from   0.256000 to   0.204800
[update_E0]  (i= 34) Extrapolated energy ground state E0:  -2.074696
[itstep]        34    2.000         2.048e-01     -2.0745418441      3.783357e-09      8.808815e-04     -3.065911e-08
[itstep]        35    2.000         2.048e-01     -2.0746011042      2.856537e-05      1.623753e+01     -2.893558e-04
[itstep]        36    2.000         2.048e-01     -2.0746223318      1.023215e-05      5.816302e+00     -1.036505e-04
[itstep]        37    2.000         2.048e-01     -2.0746306513      4.010119e-06      2.279489e+00     -4.062247e-05
[itstep]        38    2.000         2.048e-01     -2.0746340671      1.646482e-06      9.359167e-01     -1.667892e-05
[itstep]        39    2.000         2.048e-01     -2.0746355004      6.908650e-07      3.927113e-01     -6.998496e-06
[itstep]        40    2.000         2.048e-01     -2.0746361077      2.926990e-07      1.663801e-01     -2.965058e-06
[itstep]        41    2.000         2.048e-01     -2.0746363660      1.245288e-07      7.078644e-02     -1.261484e-06
[itstep]        42    2.000         2.048e-01     -2.0746364761      5.307638e-08      3.017043e-02     -5.376669e-07
[itstep]        43    2.000         2.048e-01     -2.0746365231      2.263955e-08      1.286909e-02     -2.293400e-07
[itstep]        44    2.000         2.048e-01     -2.0746365432      9.660011e-09      5.491081e-03     -9.785651e-08
[itstep]        45    2.000         2.048e-01     -2.0746365517      4.122386e-09      2.343305e-03     -4.176002e-08
[itstep]        46    2.000         2.048e-01     -2.0746365554      1.759323e-09      1.000060e-03     -1.782205e-08
[update_dt]  (i= 47) Reduced time step from   0.204800 to   0.163840
[update_E0]  (i= 47) Extrapolated energy ground state E0:  -2.074702
[itstep]        47    2.000         1.638e-01     -2.0746365569      7.508516e-10      4.268097e-04     -7.606173e-09
[itstep]        48    2.000         1.638e-01     -2.0746583808      1.051939e-05      1.459859e+01     -1.332026e-04
[itstep]        49    2.000         1.638e-01     -2.0746678279      4.553537e-06      6.319302e+00     -5.766012e-05
[itstep]        50    2.000         1.638e-01     -2.0746722001      2.107418e-06      2.924629e+00     -2.668574e-05
[itstep]        51    2.000         1.638e-01     -2.0746743083      1.016196e-06      1.410255e+00     -1.286788e-05
[itstep]        52    2.000         1.638e-01     -2.0746753487      5.014663e-07      6.959243e-01     -6.349971e-06
[itstep]        53    2.000         1.638e-01     -2.0746758685      2.505437e-07      3.476992e-01     -3.172588e-06
[itstep]        54    2.000         1.638e-01     -2.0746761299      1.259878e-07      1.748433e-01     -1.595361e-06
[itstep]        55    2.000         1.638e-01     -2.0746762618      6.356452e-08      8.821349e-02     -8.049060e-07
[itstep]        56    2.000         1.638e-01     -2.0746763284      3.212447e-08      4.458166e-02     -4.067864e-07
[itstep]        57    2.000         1.638e-01     -2.0746763621      1.624916e-08      2.255024e-02     -2.057602e-07
[itstep]        58    2.000         1.638e-01     -2.0746763792      8.222716e-09      1.141131e-02     -1.041228e-07
[itstep]        59    2.000         1.638e-01     -2.0746763878      4.161940e-09      5.775852e-03     -5.270189e-08
[itstep]        60    2.000         1.638e-01     -2.0746763922      2.106807e-09      2.923783e-03     -2.667812e-08
[itstep]        61    2.000         1.638e-01     -2.0746763944      1.066544e-09      1.480127e-03     -1.350546e-08
[update_dt]  (i= 62) Reduced time step from   0.163840 to   0.131072
[update_E0]  (i= 62) Extrapolated energy ground state E0:  -2.074704
[itstep]        62    2.000         1.311e-01     -2.0746763955      5.399390e-10      7.493158e-04     -6.837150e-09
[itstep]        63    2.000         1.311e-01     -2.0746842426      3.782333e-06      1.281504e+01     -5.986874e-05
[itstep]        64    2.000         1.311e-01     -2.0746882127      1.913586e-06      6.483480e+00     -3.028935e-05
[itstep]        65    2.000         1.311e-01     -2.0746903200      1.015708e-06      3.441353e+00     -1.607725e-05
[itstep]        66    2.000         1.311e-01     -2.0746914766      5.574951e-07      1.888867e+00     -8.824384e-06
[itstep]        67    2.000         1.311e-01     -2.0746921255      3.127550e-07      1.059655e+00     -4.950486e-06
[itstep]        68    2.000         1.311e-01     -2.0746924945      1.778620e-07      6.026199e-01     -2.815314e-06
[itstep]        69    2.000         1.311e-01     -2.0746927061      1.019871e-07      3.455456e-01     -1.614317e-06
[itstep]        70    2.000         1.311e-01     -2.0746928280      5.876781e-08      1.991131e-01     -9.302151e-07
[itstep]        71    2.000         1.311e-01     -2.0746928985      3.396174e-08      1.150668e-01     -5.375684e-07
[itstep]        72    2.000         1.311e-01     -2.0746929393      1.965963e-08      6.660941e-02     -3.111854e-07
[itstep]        73    2.000         1.311e-01     -2.0746929629      1.139172e-08      3.859666e-02     -1.803156e-07
[itstep]        74    2.000         1.311e-01     -2.0746929766      6.604699e-09      2.237759e-02     -1.045435e-07
[itstep]        75    2.000         1.311e-01     -2.0746929846      3.830553e-09      1.297842e-02     -6.063250e-08
[itstep]        76    2.000         1.311e-01     -2.0746929892      2.222053e-09      7.528609e-03     -3.517210e-08
[itstep]        77    2.000         1.311e-01     -2.0746929918      1.289129e-09      4.367737e-03     -2.040517e-08
[itstep]        78    2.000         1.311e-01     -2.0746929934      7.479396e-10      2.534118e-03     -1.183887e-08
[itstep]        79    2.000         1.311e-01     -2.0746929943      4.339633e-10      1.470325e-03     -6.869054e-09
[update_dt]  (i= 80) Reduced time step from   0.131072 to   0.104858
[update_E0]  (i= 80) Extrapolated energy ground state E0:  -2.074705
[itstep]        80    2.000         1.049e-01     -2.0746929948      2.517960e-10      8.531181e-04     -3.985592e-09
[itstep]        81    2.000         1.049e-01     -2.0746957637      1.334582e-06      1.103941e+01     -2.640580e-05
[itstep]        82    2.000         1.049e-01     -2.0746973561      7.675682e-07      6.349176e+00     -1.518698e-05
[itstep]        83    2.000         1.049e-01     -2.0746983032      4.564742e-07      3.775866e+00     -9.031732e-06
[itstep]        84    2.000         1.049e-01     -2.0746988811      2.785395e-07      2.304025e+00     -5.511145e-06
[itstep]        85    2.000         1.049e-01     -2.0746992404      1.731864e-07      1.432565e+00     -3.426644e-06
[itstep]        86    2.000         1.049e-01     -2.0746994668      1.091120e-07      9.025537e-01     -2.158877e-06
[itstep]        87    2.000         1.049e-01     -2.0746996107      6.936681e-08      5.737888e-01     -1.372483e-06
[itstep]        88    2.000         1.049e-01     -2.0746997027      4.436723e-08      3.669972e-01     -8.778446e-07
[itstep]        89    2.000         1.049e-01     -2.0746997618      2.849164e-08      2.356773e-01     -5.637321e-07
[itstep]        90    2.000         1.049e-01     -2.0746997999      1.834507e-08      1.517469e-01     -3.629733e-07
[itstep]        91    2.000         1.049e-01     -2.0746998244      1.183235e-08      9.787490e-02     -2.341134e-07
[itstep]        92    2.000         1.049e-01     -2.0746998403      7.640311e-09      6.319917e-02     -1.511703e-07
[itstep]        93    2.000         1.049e-01     -2.0746998505      4.937060e-09      4.083840e-02     -9.768407e-08
[itstep]        94    2.000         1.049e-01     -2.0746998572      3.191773e-09      2.640172e-02     -6.315203e-08
[itstep]        95    2.000         1.049e-01     -2.0746998614      2.064089e-09      1.707375e-02     -4.083982e-08
[itstep]        96    2.000         1.049e-01     -2.0746998642      1.335095e-09      1.104365e-02     -2.641603e-08
[itstep]        97    2.000         1.049e-01     -2.0746998660      8.636766e-10      7.144166e-03     -1.708860e-08
[itstep]        98    2.000         1.049e-01     -2.0746998672      5.587628e-10      4.621978e-03     -1.105561e-08
[itstep]        99    2.000         1.049e-01     -2.0746998679      3.615150e-10      2.990382e-03     -7.152893e-09
[itstep]       100    2.000         1.049e-01     -2.0746998684      2.339047e-10      1.934814e-03     -4.628010e-09
[itstep]       101    2.000         1.049e-01     -2.0746998687      1.513442e-10      1.251890e-03     -2.994477e-09
[update_dt]  (i=102) Reduced time step from   0.104858 to   0.083886
[update_E0]  (i=102) Extrapolated energy ground state E0:  -2.074705
[itstep]       102    2.000         8.389e-02     -2.0746998689      9.792460e-11      8.100133e-04     -1.937524e-09

[info]       steps       dt                E0                 E
[output]       103    0.084     -2.0747046379     -2.0746998689
