[conf]                N               2
[conf]                J            0.138
[conf]             beta           1.000
[conf]              dt0       4.000e-01
[conf]        eps_trunc       1.000e-04
[conf]           eps_dt       9.000e-02
[conf]          eps_tol       1.000e-03
[conf]             Dmax              10
[conf]           dt_red           0.800
[conf]         phys_gap       1.000e-03
[info]           i      MBD                dt                 E           rel_err           exp_err             slope
[itstep]         0    2.000         4.000e-01     -1.0709616891      1.000000e+00      1.000000e-03     -3.375609e+00
[itstep]         1    2.000         4.000e-01     -1.7746046597      6.570197e-01      2.566483e+04     -1.759107e+00
[itstep]         2    2.000         4.000e-01     -1.9583360259      1.035337e-01      4.044285e+03     -4.593284e-01
[itstep]         3    2.000         4.000e-01     -1.9957053084      1.908216e-02      7.453969e+02     -9.342321e-02
[itstep]         4    2.000         4.000e-01     -2.0029541689      3.632230e-03      1.418840e+02     -1.812215e-02
[itstep]         5    2.000         4.000e-01     -2.0043599290      7.018434e-04      2.741576e+01     -3.514400e-03
[itstep]         6    2.000         4.000e-01     -2.0046350600      1.372662e-04      5.361962e+00     -6.878274e-04
[itstep]         7    2.000         4.000e-01     -2.0046895224      2.716823e-05      1.061259e+00     -1.361559e-04
[itstep]         8    2.000         4.000e-01     -2.0047004333      5.442707e-06      2.126058e-01     -2.727735e-05
[itstep]         9    2.000         4.000e-01     -2.0047026459      1.103679e-06      4.311244e-02     -5.531362e-06
[itstep]        10    2.000         4.000e-01     -2.0047030999      2.264895e-07      8.847245e-03     -1.135110e-06
[itstep]        11    2.000         4.000e-01     -2.0047031941      4.701325e-08      1.836455e-03     -2.356190e-07
[update_dt]  (i= 12) Reduced time step from   0.400000 to   0.320000
[update_E0]  (i= 12) Extrapolated energy ground state E0:  -3.589257
[itstep]        12    2.000         3.200e-01     -2.0047032139      9.863932e-09      3.853099e-04     -4.943564e-08
[itstep]        13    2.000         3.200e-01     -2.0047238236      1.028068e-05      9.804424e-01     -6.440537e-05
[itstep]        14    2.000         3.200e-01     -2.0047285009      2.333105e-06      2.225023e-01     -1.461635e-05
[itstep]        15    2.000         3.200e-01     -2.0047297175      6.068914e-07      5.787768e-02     -3.802039e-06
[itstep]        16    2.000         3.200e-01     -2.0047300486      1.651225e-07      1.574731e-02     -1.034456e-06
[itstep]        17    2.000         3.200e-01     -2.0047301398      4.551993e-08      4.341119e-03     -2.851724e-07
[itstep]        18    2.000         3.200e-01     -2.0047301651      1.259508e-08      1.201160e-03     -7.890542e-08
[update_dt]  (i= 19) Reduced time step from   0.320000 to   0.256000
[update_E0]  (i= 19) Extrapolated energy ground state E0:  -2.004749
[itstep]        19    2.000         2.560e-01     -2.0047301721      3.488569e-09      3.326958e-04     -2.185512e-08
[itstep]        20    2.000         2.560e-01     -2.0047383047      4.056714e-06      9.445273e-01     -3.176803e-05
[itstep]        21    2.000         2.560e-01     -2.0047407183      1.203988e-06      2.803252e-01     -9.428438e-06
[itstep]        22    2.000         2.560e-01     -2.0047415189      3.993078e-07      9.297110e-02     -3.126987e-06
[itstep]        23    2.000         2.560e-01     -2.0047417974      1.389331e-07      3.234789e-02     -1.087988e-06
[itstep]        24    2.000         2.560e-01     -2.0047418961      4.924062e-08      1.146472e-02     -3.856044e-07
[itstep]        25    2.000         2.560e-01     -2.0047419313      1.757085e-08      4.091033e-03     -1.375977e-07
[itstep]        26    2.000         2.560e-01     -2.0047419439      6.285357e-09      1.463424e-03     -4.922077e-08
[update_dt]  (i= 27) Reduced time step from   0.256000 to   0.204800
[update_E0]  (i= 27) Extrapolated energy ground state E0:  -2.004750
[itstep]        27    2.000         2.048e-01     -2.0047419484      2.250355e-09      5.239516e-04     -1.762258e-08
[itstep]        28    2.000         2.048e-01     -2.0047450329      1.538583e-06      8.745833e-01     -1.506085e-05
[itstep]        29    2.000         2.048e-01     -2.0047461753      5.698264e-07      3.239088e-01     -5.577913e-06
[itstep]        30    2.000         2.048e-01     -2.0047466363      2.299580e-07      1.307160e-01     -2.251013e-06
[itstep]        31    2.000         2.048e-01     -2.0047468310      9.714914e-08      5.522289e-02     -9.509737e-07
[itstep]        32    2.000         2.048e-01     -2.0047469151      4.195906e-08      2.385096e-02     -4.107290e-07
[itstep]        33    2.000         2.048e-01     -2.0047469518      1.830701e-08      1.040633e-02     -1.792037e-07
[itstep]        34    2.000         2.048e-01     -2.0047469679      8.023875e-09      4.561045e-03     -7.854414e-08
[itstep]        35    2.000         2.048e-01     -2.0047469750      3.523928e-09      2.003121e-03     -3.449504e-08
[update_dt]  (i= 36) Reduced time step from   0.204800 to   0.163840
[update_E0]  (i= 36) Extrapolated energy ground state E0:  -2.004750
[itstep]        36    2.000         1.638e-01     -2.0047469781      1.549019e-09      8.805155e-04     -1.516304e-08
[itstep]        37    2.000         1.638e-01     -2.0047481130      5.661120e-07      7.856382e-01     -6.926949e-06
[itstep]        38    2.000         1.638e-01     -2.0047486177      2.517321e-07      3.493485e-01     -3.080197e-06
[itstep]        39    2.000         1.638e-01     -2.0047488568      1.192818e-07      1.655367e-01     -1.459533e-06
[itstep]        40    2.000         1.638e-01     -2.0047489747      5.882220e-08      8.163221e-02     -7.197494e-07
[itstep]        41    2.000         1.638e-01     -2.0047490342      2.968404e-08      4.119488e-02     -3.632144e-07
[itstep]        42    2.000         1.638e-01     -2.0047490646      1.517094e-08      2.105390e-02     -1.856318e-07
[itstep]        43    2.000         1.638e-01     -2.0047490803      7.806356e-09      1.083350e-02     -9.551871e-08
[itstep]        44    2.000         1.638e-01     -2.0047490884      4.031227e-09      5.594452e-03     -4.932617e-08
[itstep]        45    2.000         1.638e-01     -2.0047490926      2.085635e-09      2.894400e-03     -2.551987e-08
[itstep]        46    2.000         1.638e-01     -2.0047490947      1.080096e-09      1.498935e-03     -1.321608e-08
[update_dt]  (i= 47) Reduced time step from   0.163840 to   0.131072
[update_E0]  (i= 47) Extrapolated energy ground state E0:  -2.004751
[itstep]        47    2.000         1.311e-01     -2.0047490958      5.596359e-10      7.766509e-04     -6.847715e-09
[itstep]        48    2.000         1.311e-01     -2.0047495034      2.032857e-07      6.887588e-01     -3.109260e-06
[itstep]        49    2.000         1.311e-01     -2.0047497141      1.051164e-07      3.561481e-01     -1.607757e-06
[itstep]        50    2.000         1.311e-01     -2.0047498281      5.687928e-08      1.927145e-01     -8.699701e-07
[itstep]        51    2.000         1.311e-01     -2.0047498919      3.178696e-08      1.076984e-01     -4.861825e-07
[itstep]        52    2.000         1.311e-01     -2.0047499282      1.814954e-08      6.149305e-02     -2.775978e-07
[itstep]        53    2.000         1.311e-01     -2.0047499493      1.050545e-08      3.559384e-02     -1.606811e-07
[itstep]        54    2.000         1.311e-01     -2.0047499616      6.132423e-09      2.077746e-02     -9.379558e-08
[itstep]        55    2.000         1.311e-01     -2.0047499688      3.598142e-09      1.219098e-02     -5.503368e-08
[itstep]        56    2.000         1.311e-01     -2.0047499731      2.117697e-09      7.175036e-03     -3.239023e-08
[itstep]        57    2.000         1.311e-01     -2.0047499756      1.248672e-09      4.230666e-03     -1.909848e-08
[itstep]        58    2.000         1.311e-01     -2.0047499770      7.370700e-10      2.497290e-03     -1.127351e-08
[itstep]        59    2.000         1.311e-01     -2.0047499779      4.353627e-10      1.475066e-03     -6.658885e-09
[update_dt]  (i= 60) Reduced time step from   0.131072 to   0.104858
[update_E0]  (i= 60) Extrapolated energy ground state E0:  -2.004751
[itstep]        60    2.000         1.049e-01     -2.0047499784      2.572528e-10      8.716062e-04     -3.934688e-09
[itstep]        61    2.000         1.049e-01     -2.0047501221      7.167858e-08      5.929113e-01     -1.370407e-06
[itstep]        62    2.000         1.049e-01     -2.0047502063      4.196147e-08      3.470971e-01     -8.022524e-07
[itstep]        63    2.000         1.049e-01     -2.0047502571      2.535269e-08      2.097126e-01     -4.847128e-07
[itstep]        64    2.000         1.049e-01     -2.0047502885      1.569913e-08      1.298602e-01     -3.001484e-07
[itstep]        65    2.000         1.049e-01     -2.0047503084      9.900139e-09      8.189203e-02     -1.892787e-07
[itstep]        66    2.000         1.049e-01     -2.0047503211      6.324978e-09      5.231899e-02     -1.209259e-07
[itstep]        67    2.000         1.049e-01     -2.0047503293      4.077623e-09      3.372931e-02     -7.795922e-08
[itstep]        68    2.000         1.049e-01     -2.0047503346      2.645077e-09      2.187956e-02     -5.057066e-08
[itstep]        69    2.000         1.049e-01     -2.0047503380      1.722968e-09      1.425206e-02     -3.294106e-08
[itstep]        70    2.000         1.049e-01     -2.0047503403      1.125444e-09      9.309459e-03     -2.151714e-08
[itstep]        71    2.000         1.049e-01     -2.0047503417      7.365015e-10      6.092197e-03     -1.408102e-08
[itstep]        72    2.000         1.049e-01     -2.0047503427      4.825616e-10      3.991656e-03     -9.225993e-09
[itstep]        73    2.000         1.049e-01     -2.0047503433      3.164351e-10      2.617490e-03     -6.049857e-09
[itstep]        74    2.000         1.049e-01     -2.0047503438      2.076089e-10      1.717300e-03     -3.969230e-09
[itstep]        75    2.000         1.049e-01     -2.0047503440      1.362562e-10      1.127085e-03     -2.605054e-09
[update_dt]  (i= 76) Reduced time step from   0.104858 to   0.083886
[update_E0]  (i= 76) Extrapolated energy ground state E0:  -2.004751
[itstep]        76    2.000         8.389e-02     -2.0047503442      8.944849e-11      7.399006e-04     -1.710147e-09

[info]       steps       dt                E0                 E
[output]        77    0.084     -2.0047505980     -2.0047503442
