[conf]                N               2
[conf]                J            2.069
[conf]             beta           1.000
[conf]              dt0       4.000e-01
[conf]        eps_trunc       1.000e-04
[conf]           eps_dt       9.000e-02
[conf]          eps_tol       1.000e-03
[conf]             Dmax              10
[conf]           dt_red           0.800
[conf]         phys_gap       1.000e-03
[info]           i      MBD                dt                 E           rel_err           exp_err             slope
[itstep]         0    2.000         4.000e-01     -2.3358531664      1.000000e+00      1.000000e-03     -5.732332e+00
[itstep]         1    2.000         4.000e-01     -2.5766066724      1.030688e-01      4.026124e+03     -6.018838e-01
[itstep]         2    2.000         4.000e-01     -2.6948136947      4.587701e-02      1.792071e+03     -2.955176e-01
[itstep]         3    2.000         4.000e-01     -2.7671665129      2.684891e-02      1.048786e+03     -1.808820e-01
[itstep]         4    2.000         4.000e-01     -2.8068189337      1.432961e-02      5.597504e+02     -9.913105e-02
[itstep]         5    2.000         4.000e-01     -2.8269302330      7.165157e-03      2.798890e+02     -5.027825e-02
[itstep]         6    2.000         4.000e-01     -2.8367146936      3.461161e-03      1.352016e+02     -2.446115e-02
[itstep]         7    2.000         4.000e-01     -2.8413774769      1.643727e-03      6.420807e+01     -1.165696e-02
[itstep]         8    2.000         4.000e-01     -2.8435775122      7.742848e-04      3.024550e+01     -5.500088e-03
[itstep]         9    2.000         4.000e-01     -2.8446106670      3.633292e-04      1.419255e+01     -2.582887e-03
[itstep]        10    2.000         4.000e-01     -2.8450947694      1.701823e-04      6.647747e+00     -1.210256e-03
[itstep]        11    2.000         4.000e-01     -2.8453213680      7.964535e-05      3.111146e+00     -5.664964e-04
[itstep]        12    2.000         4.000e-01     -2.8454273825      3.725925e-05      1.455439e+00     -2.650363e-04
[itstep]        13    2.000         4.000e-01     -2.8454769703      1.742718e-05      6.807491e-01     -1.239694e-04
[itstep]        14    2.000         4.000e-01     -2.8455001623      8.150464e-06      3.183775e-01     -5.797989e-05
[itstep]        15    2.000         4.000e-01     -2.8455110085      3.811711e-06      1.488950e-01     -2.711556e-05
[itstep]        16    2.000         4.000e-01     -2.8455160808      1.782581e-06      6.963209e-02     -1.268089e-05
[itstep]        17    2.000         4.000e-01     -2.8455184530      8.336330e-07      3.256379e-02     -5.930290e-06
[itstep]        18    2.000         4.000e-01     -2.8455195623      3.898510e-07      1.522855e-02     -2.773320e-06
[itstep]        19    2.000         4.000e-01     -2.8455200811      1.823146e-07      7.121665e-03     -1.296950e-06
[itstep]        20    2.000         4.000e-01     -2.8455203237      8.525974e-08      3.330459e-03     -6.065208e-07
[itstep]        21    2.000         4.000e-01     -2.8455204371      3.987185e-08      1.557494e-03     -2.836404e-07
[update_dt]  (i= 22) Reduced time step from   0.400000 to   0.320000
[update_E0]  (i= 22) Extrapolated energy ground state E0:  -4.789872
[itstep]        22    2.000         3.200e-01     -2.8455204902      1.864612e-08      7.283642e-04     -1.326448e-07
[itstep]        23    2.000         3.200e-01     -2.8611111283      5.479011e-03      5.225192e+02     -4.872074e-02
[itstep]        24    2.000         3.200e-01     -2.8629992446      6.599242e-04      6.293527e+01     -5.900364e-03
[itstep]        25    2.000         3.200e-01     -2.8632712681      9.501347e-05      9.061190e+00     -8.500734e-04
[itstep]        26    2.000         3.200e-01     -2.8633116561      1.410553e-05      1.345208e+00     -1.262123e-04
[itstep]        27    2.000         3.200e-01     -2.8633176813      2.104282e-06      2.006799e-01     -1.882879e-05
[itstep]        28    2.000         3.200e-01     -2.8633185814      3.143585e-07      2.997956e-02     -2.812838e-06
[itstep]        29    2.000         3.200e-01     -2.8633187162      4.708978e-08      4.490832e-03     -4.213533e-07
[update_dt]  (i= 30) Reduced time step from   0.320000 to   0.256000
[update_E0]  (i= 30) Extrapolated energy ground state E0:  -2.875667
[itstep]        30    2.000         2.560e-01     -2.8633187366      7.122871e-09      6.792899e-04     -6.373453e-08
[itstep]        31    2.000         2.560e-01     -2.8699239409      2.306835e-03      5.371019e+02     -2.580158e-02
[itstep]        32    2.000         2.560e-01     -2.8711150720      4.150393e-04      9.663386e+01     -4.652856e-03
[itstep]        33    2.000         2.560e-01     -2.8713659205      8.736970e-05      2.034234e+01     -9.798768e-04
[itstep]        34    2.000         2.560e-01     -2.8714209397      1.916133e-05      4.461345e+00     -2.149187e-04
[itstep]        35    2.000         2.560e-01     -2.8714331211      4.242284e-06      9.877338e-01     -4.758353e-05
[itstep]        36    2.000         2.560e-01     -2.8714358237      9.412296e-07      2.191471e-01     -1.055734e-05
[itstep]        37    2.000         2.560e-01     -2.8714364237      2.089295e-07      4.864519e-02     -2.343467e-06
[itstep]        38    2.000         2.560e-01     -2.8714365569      4.638311e-08      1.079941e-02     -5.202584e-07
[itstep]        39    2.000         2.560e-01     -2.8714365864      1.029817e-08      2.397731e-03     -1.155100e-07
[update_dt]  (i= 40) Reduced time step from   0.256000 to   0.204800
[update_E0]  (i= 40) Extrapolated energy ground state E0:  -2.877068
[itstep]        40    2.000         2.048e-01     -2.8714365930      2.286914e-09      5.324637e-04     -2.565128e-08
[itstep]        41    2.000         2.048e-01     -2.8740755402      9.190338e-04      5.224102e+02     -1.288548e-02
[itstep]        42    2.000         2.048e-01     -2.8747300924      2.277436e-04      1.294572e+02     -3.196056e-03
[itstep]        43    2.000         2.048e-01     -2.8749149809      6.431508e-05      3.655889e+01     -9.027758e-04
[itstep]        44    2.000         2.048e-01     -2.8749697265      1.904250e-05      1.082441e+01     -2.673123e-04
[itstep]        45    2.000         2.048e-01     -2.8749861841      5.724453e-06      3.253975e+00     -8.035952e-05
[itstep]        46    2.000         2.048e-01     -2.8749911548      1.728936e-06      9.827861e-01     -2.427083e-05
[itstep]        47    2.000         2.048e-01     -2.8749926582      5.229293e-07      2.972509e-01     -7.340903e-06
[itstep]        48    2.000         2.048e-01     -2.8749931131      1.582322e-07      8.994459e-02     -2.221271e-06
[itstep]        49    2.000         2.048e-01     -2.8749932508      4.788547e-08      2.721974e-02     -6.722187e-07
[itstep]        50    2.000         2.048e-01     -2.8749932924      1.449206e-08      8.237781e-03     -2.034403e-07
[itstep]        51    2.000         2.048e-01     -2.8749933050      4.385934e-09      2.493115e-03     -6.156997e-08
[update_dt]  (i= 52) Reduced time step from   0.204800 to   0.163840
[update_E0]  (i= 52) Extrapolated energy ground state E0:  -2.877461
[itstep]        52    2.000         1.638e-01     -2.8749933089      1.327386e-09      7.545316e-04     -1.863392e-08
[itstep]        53    2.000         1.638e-01     -2.8760034516      3.513548e-04      4.876028e+02     -6.165422e-03
[itstep]        54    2.000         1.638e-01     -2.8763278230      1.127855e-04      1.565213e+02     -1.979806e-03
[itstep]        55    2.000         1.638e-01     -2.8764432823      4.014120e-05      5.570711e+01     -7.047074e-04
[itstep]        56    2.000         1.638e-01     -2.8764864069      1.499233e-05      2.080603e+01     -2.632115e-04
[itstep]        57    2.000         1.638e-01     -2.8765028421      5.713647e-06      7.929277e+00     -1.003127e-04
[itstep]        58    2.000         1.638e-01     -2.8765091563      2.195099e-06      3.046312e+00     -3.853887e-05
[itstep]        59    2.000         1.638e-01     -2.8765115898      8.459844e-07      1.174039e+00     -1.485279e-05
[itstep]        60    2.000         1.638e-01     -2.8765125288      3.264384e-07      4.530243e-01     -5.731225e-06
[itstep]        61    2.000         1.638e-01     -2.8765128913      1.260217e-07      1.748903e-01     -2.212543e-06
[itstep]        62    2.000         1.638e-01     -2.8765130313      4.865965e-08      6.752883e-02     -8.543098e-07
[itstep]        63    2.000         1.638e-01     -2.8765130853      1.878985e-08      2.607615e-02     -3.298904e-07
[itstep]        64    2.000         1.638e-01     -2.8765131062      7.255867e-09      1.006954e-02     -1.273901e-07
[itstep]        65    2.000         1.638e-01     -2.8765131143      2.801947e-09      3.888482e-03     -4.919334e-08
[itstep]        66    2.000         1.638e-01     -2.8765131174      1.082013e-09      1.501595e-03     -1.899673e-08
[update_dt]  (i= 67) Reduced time step from   0.163840 to   0.131072
[update_E0]  (i= 67) Extrapolated energy ground state E0:  -2.877568
[itstep]        67    2.000         1.311e-01     -2.8765131186      4.178355e-10      5.798632e-04     -7.335872e-09
[itstep]        68    2.000         1.311e-01     -2.8768875339      1.301629e-04      4.410091e+02     -2.856562e-03
[itstep]        69    2.000         1.311e-01     -2.8770359735      5.159731e-05      1.748185e+02     -1.132505e-03
[itstep]        70    2.000         1.311e-01     -2.8770995859      2.211038e-05      7.491288e+01     -4.853238e-04
[itstep]        71    2.000         1.311e-01     -2.8771280798      9.903705e-06      3.355506e+01     -2.173915e-04
[itstep]        72    2.000         1.311e-01     -2.8771411387      4.538849e-06      1.537822e+01     -9.963113e-05
[itstep]        73    2.000         1.311e-01     -2.8771471913      2.103701e-06      7.127615e+00     -4.617801e-05
[itstep]        74    2.000         1.311e-01     -2.8771500119      9.803158e-07      3.321439e+00     -2.151881e-05
[itstep]        75    2.000         1.311e-01     -2.8771513296      4.579919e-07      1.551737e+00     -1.005334e-05
[itstep]        76    2.000         1.311e-01     -2.8771519459      2.142258e-07      7.258254e-01     -4.702455e-06
[itstep]        77    2.000         1.311e-01     -2.8771522344      1.002608e-07      3.396968e-01     -2.200817e-06
[itstep]        78    2.000         1.311e-01     -2.8771523694      4.693592e-08      1.590251e-01     -1.030287e-06
[itstep]        79    2.000         1.311e-01     -2.8771524327      2.197523e-08      7.445497e-02     -4.823767e-07
[itstep]        80    2.000         1.311e-01     -2.8771524623      1.028932e-08      3.486157e-02     -2.258601e-07
[itstep]        81    2.000         1.311e-01     -2.8771524761      4.817833e-09      1.632345e-02     -1.057559e-07
[itstep]        82    2.000         1.311e-01     -2.8771524826      2.255914e-09      7.643333e-03     -4.951941e-08
[itstep]        83    2.000         1.311e-01     -2.8771524857      1.056320e-09      3.578950e-03     -2.318720e-08
[itstep]        84    2.000         1.311e-01     -2.8771524871      4.946179e-10      1.675830e-03     -1.085732e-08
[update_dt]  (i= 85) Reduced time step from   0.131072 to   0.104858
[update_E0]  (i= 85) Extrapolated energy ground state E0:  -2.877596
[itstep]        85    2.000         1.049e-01     -2.8771524877      2.316033e-10      7.847026e-04     -5.083909e-09
[itstep]        86    2.000         1.049e-01     -2.8772878624      4.705162e-05      3.892018e+02     -1.291033e-03
[itstep]        87    2.000         1.049e-01     -2.8773516483      2.216876e-05      1.833757e+02     -6.083099e-04
[itstep]        88    2.000         1.049e-01     -2.8773834517      1.105298e-05      9.142813e+01     -3.033001e-04
[itstep]        89    2.000         1.049e-01     -2.8773999116      5.720470e-06      4.731862e+01     -1.569747e-04
[itstep]        90    2.000         1.049e-01     -2.8774086271      3.028938e-06      2.505479e+01     -8.311717e-05
[itstep]        91    2.000         1.049e-01     -2.8774133036      1.625240e-06      1.344367e+01     -4.459838e-05
[itstep]        92    2.000         1.049e-01     -2.8774158318      8.786362e-07      7.267908e+00     -2.411079e-05
[itstep]        93    2.000         1.049e-01     -2.8774172043      4.770001e-07      3.945653e+00     -1.308944e-05
[itstep]        94    2.000         1.049e-01     -2.8774179512      2.595559e-07      2.146996e+00     -7.122524e-06
[itstep]        95    2.000         1.049e-01     -2.8774183581      1.414146e-07      1.169754e+00     -3.880585e-06
[itstep]        96    2.000         1.049e-01     -2.8774185799      7.710078e-08      6.377627e-01     -2.115738e-06
[itstep]        97    2.000         1.049e-01     -2.8774187009      4.205215e-08      3.478472e-01     -1.153962e-06
[itstep]        98    2.000         1.049e-01     -2.8774187669      2.294076e-08      1.897615e-01     -6.295219e-07
[itstep]        99    2.000         1.049e-01     -2.8774188030      1.251631e-08      1.035325e-01     -3.434626e-07
[itstep]       100    2.000         1.049e-01     -2.8774188226      6.829231e-09      5.649007e-02     -1.874023e-07
[itstep]       101    2.000         1.049e-01     -2.8774188333      3.726336e-09      3.082353e-02     -1.022551e-07
[itstep]       102    2.000         1.049e-01     -2.8774188392      2.033293e-09      1.681901e-02     -5.579602e-08
[itstep]       103    2.000         1.049e-01     -2.8774188424      1.109488e-09      9.177466e-03     -3.044568e-08
[itstep]       104    2.000         1.049e-01     -2.8774188441      6.054072e-10      5.007811e-03     -1.661310e-08
[itstep]       105    2.000         1.049e-01     -2.8774188451      3.303487e-10      2.732581e-03     -9.065167e-09
[itstep]       106    2.000         1.049e-01     -2.8774188456      1.802607e-10      1.491082e-03     -4.946571e-09
[update_dt]  (i=107) Reduced time step from   0.104858 to   0.083886
[update_E0]  (i=107) Extrapolated energy ground state E0:  -2.877604
[itstep]       107    2.000         8.389e-02     -2.8774188459      9.836201e-11      8.136315e-04     -2.699172e-09

[info]       steps       dt                E0                 E
[output]       108    0.084     -2.8776036363     -2.8774188459
