[conf]                N               2
[conf]                J            1.103
[conf]             beta           1.000
[conf]              dt0       4.000e-01
[conf]        eps_trunc       1.000e-04
[conf]           eps_dt       9.000e-02
[conf]          eps_tol       1.000e-03
[conf]             Dmax              10
[conf]           dt_red           0.800
[conf]         phys_gap       1.000e-03
[info]           i      MBD                dt                 E           rel_err           exp_err             slope
[itstep]         0    2.000         4.000e-01     -1.0512530040      1.000000e+00      1.000000e-03     -6.782909e+00
[itstep]         1    2.000         4.000e-01     -2.1570027891      1.051840e+00      4.108749e+04     -2.764374e+00
[itstep]         2    2.000         4.000e-01     -2.2483067746      4.232910e-02      1.653480e+03     -2.282600e-01
[itstep]         3    2.000         4.000e-01     -2.2676171767      8.588864e-03      3.355025e+02     -4.827601e-02
[itstep]         4    2.000         4.000e-01     -2.2746935698      3.120630e-03      1.218996e+02     -1.769098e-02
[itstep]         5    2.000         4.000e-01     -2.2774051674      1.192072e-03      4.656530e+01     -6.778994e-03
[itstep]         6    2.000         4.000e-01     -2.2784316733      4.507349e-04      1.760683e+01     -2.566265e-03
[itstep]         7    2.000         4.000e-01     -2.2788168995      1.690752e-04      6.604498e+00     -9.630655e-04
[itstep]         8    2.000         4.000e-01     -2.2789608789      6.318161e-05      2.468032e+00     -3.599483e-04
[itstep]         9    2.000         4.000e-01     -2.2790145978      2.357169e-05      9.207691e-01     -1.342974e-04
[itstep]        10    2.000         4.000e-01     -2.2790346260      8.788072e-06      3.432841e-01     -5.007036e-05
[itstep]        11    2.000         4.000e-01     -2.2790420909      3.275471e-06      1.279481e-01     -1.866228e-05
[itstep]        12    2.000         4.000e-01     -2.2790448729      1.220684e-06      4.768297e-02     -6.954976e-06
[itstep]        13    2.000         4.000e-01     -2.2790459096      4.548960e-07      1.776937e-02     -2.591821e-06
[itstep]        14    2.000         4.000e-01     -2.2790462959      1.695167e-07      6.621745e-03     -9.658406e-07
[itstep]        15    2.000         4.000e-01     -2.2790464399      6.316975e-08      2.467568e-03     -3.599170e-07
[update_dt]  (i= 16) Reduced time step from   0.400000 to   0.320000
[update_E0]  (i= 16) Extrapolated energy ground state E0:  -5.013152
[itstep]        16    2.000         3.200e-01     -2.2790464935      2.353989e-08      9.195271e-04     -1.341213e-07
[itstep]        17    2.000         3.200e-01     -2.2814145777      1.039068e-03      9.909324e+01     -7.400263e-03
[itstep]        18    2.000         3.200e-01     -2.2818511422      1.913569e-04      1.824922e+01     -1.364264e-03
[itstep]        19    2.000         3.200e-01     -2.2819449518      4.111117e-05      3.920667e+00     -2.931549e-04
[itstep]        20    2.000         3.200e-01     -2.2819659530      9.203174e-06      8.776831e-01     -6.562855e-05
[itstep]        21    2.000         3.200e-01     -2.2819707004      2.080406e-06      1.984029e-01     -1.483567e-05
[itstep]        22    2.000         3.200e-01     -2.2819717760      4.713673e-07      4.495308e-02     -3.361395e-06
[itstep]        23    2.000         3.200e-01     -2.2819720199      1.068720e-07      1.019211e-02     -7.621216e-07
[itstep]        24    2.000         3.200e-01     -2.2819720752      2.424199e-08      2.311896e-03     -1.728736e-07
[update_dt]  (i= 25) Reduced time step from   0.320000 to   0.256000
[update_E0]  (i= 25) Extrapolated energy ground state E0:  -2.284002
[itstep]        25    2.000         2.560e-01     -2.2819720878      5.502846e-09      5.247923e-04     -3.924169e-08
[itstep]        26    2.000         2.560e-01     -2.2829210839      4.158667e-04      9.682651e+01     -3.707016e-03
[itstep]        27    2.000         2.560e-01     -2.2831600904      1.046933e-04      2.437580e+01     -9.336191e-04
[itstep]        28    2.000         2.560e-01     -2.2832285240      2.997321e-05      6.978682e+00     -2.673189e-04
[itstep]        29    2.000         2.560e-01     -2.2832490647      8.996338e-06      2.094623e+00     -8.023709e-05
[itstep]        30    2.000         2.560e-01     -2.2832553257      2.742137e-06      6.384535e-01     -2.445696e-05
[itstep]        31    2.000         2.560e-01     -2.2832572433      8.398581e-07      1.955447e-01     -7.490666e-06
[itstep]        32    2.000         2.560e-01     -2.2832578315      2.576138e-07      5.998039e-02     -2.297651e-06
[itstep]        33    2.000         2.560e-01     -2.2832580120      7.905535e-08      1.840651e-02     -7.050927e-07
[itstep]        34    2.000         2.560e-01     -2.2832580674      2.426356e-08      5.649301e-03     -2.164061e-07
[itstep]        35    2.000         2.560e-01     -2.2832580844      7.447265e-09      1.733951e-03     -6.642198e-08
[update_dt]  (i= 36) Reduced time step from   0.256000 to   0.204800
[update_E0]  (i= 36) Extrapolated energy ground state E0:  -2.284150
[itstep]        36    2.000         2.048e-01     -2.2832580897      2.285837e-09      5.322129e-04     -2.038733e-08
[itstep]        37    2.000         2.048e-01     -2.2836221902      1.594653e-04      9.064554e+01     -1.777834e-03
[itstep]        38    2.000         2.048e-01     -2.2837404006      5.176444e-05      2.942468e+01     -5.771993e-04
[itstep]        39    2.000         2.048e-01     -2.2837828839      1.860252e-05      1.057431e+01     -2.074381e-04
[itstep]        40    2.000         2.048e-01     -2.2837989020      7.013832e-06      3.986902e+00     -7.821323e-05
[itstep]        41    2.000         2.048e-01     -2.2838050653      2.698717e-06      1.534043e+00     -3.009437e-05
[itstep]        42    2.000         2.048e-01     -2.2838074563      1.046921e-06      5.951058e-01     -1.167463e-05
[itstep]        43    2.000         2.048e-01     -2.2838083868      4.074508e-07      2.316090e-01     -4.543649e-06
[itstep]        44    2.000         2.048e-01     -2.2838087494      1.587768e-07      9.025416e-02     -1.770585e-06
[itstep]        45    2.000         2.048e-01     -2.2838088908      6.190334e-08      3.518797e-02     -6.903095e-07
[itstep]        46    2.000         2.048e-01     -2.2838089459      2.413932e-08      1.372162e-02     -2.691875e-07
[itstep]        47    2.000         2.048e-01     -2.2838089674      9.413884e-09      5.351174e-03     -1.049781e-07
[itstep]        48    2.000         2.048e-01     -2.2838089758      3.671346e-09      2.086919e-03     -4.094069e-08
[update_dt]  (i= 49) Reduced time step from   0.204800 to   0.163840
[update_E0]  (i= 49) Extrapolated energy ground state E0:  -2.284191
[itstep]        49    2.000         1.638e-01     -2.2838089791      1.431815e-09      8.138926e-04     -1.596676e-08
[itstep]        50    2.000         1.638e-01     -2.2839441516      5.918730e-05      8.213888e+01     -8.250274e-04
[itstep]        51    2.000         1.638e-01     -2.2839981824      2.365682e-05      3.283043e+01     -3.297782e-04
[itstep]        52    2.000         1.638e-01     -2.2840215026      1.021023e-05      1.416954e+01     -1.423348e-04
[itstep]        53    2.000         1.638e-01     -2.2840320200      4.604766e-06      6.390397e+00     -6.419302e-05
[itstep]        54    2.000         1.638e-01     -2.2840368732      2.124865e-06      2.948842e+00     -2.962194e-05
[itstep]        55    2.000         1.638e-01     -2.2840391383      9.917128e-07      1.376278e+00     -1.382513e-05
[itstep]        56    2.000         1.638e-01     -2.2840402013      4.653954e-07      6.458659e-01     -6.487924e-06
[itstep]        57    2.000         1.638e-01     -2.2840407015      2.189749e-07      3.038888e-01     -3.052658e-06
[itstep]        58    2.000         1.638e-01     -2.2840409371      1.031586e-07      1.431613e-01     -1.438101e-06
[itstep]        59    2.000         1.638e-01     -2.2840410481      4.862627e-08      6.748251e-02     -6.778833e-07
[itstep]        60    2.000         1.638e-01     -2.2840411005      2.292751e-08      3.181831e-02     -3.196251e-07
[itstep]        61    2.000         1.638e-01     -2.2840411252      1.081184e-08      1.500444e-02     -1.507244e-07
[itstep]        62    2.000         1.638e-01     -2.2840411368      5.098813e-09      7.076024e-03     -7.108092e-08
[itstep]        63    2.000         1.638e-01     -2.2840411423      2.404645e-09      3.337115e-03     -3.352238e-08
[itstep]        64    2.000         1.638e-01     -2.2840411449      1.134070e-09      1.573838e-03     -1.580970e-08
[update_dt]  (i= 65) Reduced time step from   0.163840 to   0.131072
[update_E0]  (i= 65) Extrapolated energy ground state E0:  -2.284202
[itstep]        65    2.000         1.311e-01     -2.2840411462      5.348470e-10      7.422493e-04     -7.456132e-09
[itstep]        66    2.000         1.311e-01     -2.2840900697      2.141973e-05      7.257287e+01     -3.732570e-04
[itstep]        67    2.000         1.311e-01     -2.2841132665      1.015584e-05      3.440932e+01     -1.769779e-04
[itstep]        68    2.000         1.311e-01     -2.2841248960      5.091471e-06      1.725057e+01     -8.872602e-05
[itstep]        69    2.000         1.311e-01     -2.2841309460      2.648720e-06      8.974211e+00     -4.615789e-05
[itstep]        70    2.000         1.311e-01     -2.2841341658      1.409614e-06      4.775957e+00     -2.456468e-05
[itstep]        71    2.000         1.311e-01     -2.2841359023      7.602320e-07      2.575766e+00     -1.324823e-05
[itstep]        72    2.000         1.311e-01     -2.2841368459      4.131271e-07      1.399729e+00     -7.199390e-06
[itstep]        73    2.000         1.311e-01     -2.2841373609      2.254575e-07      7.638797e-01     -3.928953e-06
[itstep]        74    2.000         1.311e-01     -2.2841376426      1.233300e-07      4.178581e-01     -2.149220e-06
[itstep]        75    2.000         1.311e-01     -2.2841377969      6.755185e-08      2.288746e-01     -1.177198e-06
[itstep]        76    2.000         1.311e-01     -2.2841378815      3.702685e-08      1.254518e-01     -6.452516e-07
[itstep]        77    2.000         1.311e-01     -2.2841379278      2.030332e-08      6.879034e-02     -3.538177e-07
[itstep]        78    2.000         1.311e-01     -2.2841379533      1.113554e-08      3.772869e-02     -1.940545e-07
[itstep]        79    2.000         1.311e-01     -2.2841379672      6.108114e-09      2.069509e-02     -1.064436e-07
[itstep]        80    2.000         1.311e-01     -2.2841379749      3.350667e-09      1.135250e-02     -5.839070e-08
[itstep]        81    2.000         1.311e-01     -2.2841379791      1.838106e-09      6.227746e-03     -3.203192e-08
[itstep]        82    2.000         1.311e-01     -2.2841379814      1.008367e-09      3.416481e-03     -1.757240e-08
[itstep]        83    2.000         1.311e-01     -2.2841379826      5.531864e-10      1.874269e-03     -9.640153e-09
[itstep]        84    2.000         1.311e-01     -2.2841379833      3.034778e-10      1.028223e-03     -5.288582e-09
[update_dt]  (i= 85) Reduced time step from   0.131072 to   0.104858
[update_E0]  (i= 85) Extrapolated energy ground state E0:  -2.284205
[itstep]        85    2.000         1.049e-01     -2.2841379837      1.664886e-10      5.640853e-04     -2.901328e-09
[itstep]        86    2.000         1.049e-01     -2.2841553412      7.599151e-06      6.285870e+01     -1.655341e-04
[itstep]        87    2.000         1.049e-01     -2.2841648097      4.145309e-06      3.428919e+01     -9.029893e-05
[itstep]        88    2.000         1.049e-01     -2.2841701818      2.351861e-06      1.945414e+01     -5.123175e-05
[itstep]        89    2.000         1.049e-01     -2.2841733196      1.373712e-06      1.136308e+01     -2.992432e-05
[itstep]        90    2.000         1.049e-01     -2.2841751899      8.188287e-07      6.773192e+00     -1.783702e-05
[itstep]        91    2.000         1.049e-01     -2.2841763200      4.947546e-07      4.092514e+00     -1.077753e-05
[itstep]        92    2.000         1.049e-01     -2.2841770089      3.015963e-07      2.494746e+00     -6.569855e-06
[itstep]        93    2.000         1.049e-01     -2.2841774313      1.848908e-07      1.529381e+00     -4.027589e-06
[itstep]        94    2.000         1.049e-01     -2.2841776911      1.137505e-07      9.409219e-01     -2.477896e-06
[itstep]        95    2.000         1.049e-01     -2.2841778513      7.013935e-08      5.801791e-01     -1.527889e-06
[itstep]        96    2.000         1.049e-01     -2.2841779502      4.330874e-08      3.582415e-01     -9.434210e-07
[itstep]        97    2.000         1.049e-01     -2.2841780113      2.676491e-08      2.213942e-01     -5.830366e-07
[itstep]        98    2.000         1.049e-01     -2.2841780492      1.654969e-08      1.368958e-01     -3.605120e-07
[itstep]        99    2.000         1.049e-01     -2.2841780725      1.023667e-08      8.467572e-02     -2.229916e-07
[itstep]       100    2.000         1.049e-01     -2.2841780870      6.333111e-09      5.238627e-02     -1.379581e-07
[itstep]       101    2.000         1.049e-01     -2.2841780960      3.918603e-09      3.241392e-02     -8.536135e-08
[itstep]       102    2.000         1.049e-01     -2.2841781015      2.424822e-09      2.005766e-02     -5.282141e-08
[itstep]       103    2.000         1.049e-01     -2.2841781049      1.500548e-09      1.241224e-02     -3.268736e-08
[itstep]       104    2.000         1.049e-01     -2.2841781070      9.286087e-10      7.681271e-03     -2.022846e-08
[itstep]       105    2.000         1.049e-01     -2.2841781084      5.746778e-10      4.753623e-03     -1.251856e-08
[itstep]       106    2.000         1.049e-01     -2.2841781092      3.556483e-10      2.941853e-03     -7.747306e-09
[itstep]       107    2.000         1.049e-01     -2.2841781097      2.200998e-10      1.820623e-03     -4.794571e-09
[itstep]       108    2.000         1.049e-01     -2.2841781100      1.362137e-10      1.126734e-03     -2.967228e-09
[update_dt]  (i=109) Reduced time step from   0.104858 to   0.083886
[update_E0]  (i=109) Extrapolated energy ground state E0:  -2.284206
[itstep]       109    2.000         8.389e-02     -2.2841781102      8.429882e-11      6.973035e-04     -1.836334e-09

[info]       steps       dt                E0                 E
[output]       110    0.084     -2.2842059486     -2.2841781102
