[conf]                N               2
[conf]                J            2.759
[conf]             beta           1.000
[conf]              dt0       4.000e-01
[conf]        eps_trunc       1.000e-04
[conf]           eps_dt       9.000e-02
[conf]          eps_tol       1.000e-03
[conf]             Dmax              10
[conf]           dt_red           0.800
[conf]         phys_gap       1.000e-03
[info]           i      MBD                dt                 E           rel_err           exp_err             slope
[itstep]         0    2.000         4.000e-01     -3.1712367238      1.000000e+00      1.000000e-03     -5.481339e+00
[itstep]         1    2.000         4.000e-01     -3.2564428261      2.686841e-02      1.049547e+03     -2.130153e-01
[itstep]         2    2.000         4.000e-01     -3.2920160009      1.092394e-02      4.267163e+02     -8.893294e-02
[itstep]         3    2.000         4.000e-01     -3.3115794600      5.942699e-03      2.321367e+02     -4.890865e-02
[itstep]         4    2.000         4.000e-01     -3.3220074329      3.148942e-03      1.230056e+02     -2.606993e-02
[itstep]         5    2.000         4.000e-01     -3.3274298724      1.632278e-03      6.376086e+01     -1.355610e-02
[itstep]         6    2.000         4.000e-01     -3.3302113099      8.359117e-04      3.265280e+01     -6.953594e-03
[itstep]         7    2.000         4.000e-01     -3.3316279745      4.253978e-04      1.661710e+01     -3.541662e-03
[itstep]         8    2.000         4.000e-01     -3.3323469130      2.157919e-04      8.429373e+00     -1.797346e-03
[itstep]         9    2.000         4.000e-01     -3.3327110938      1.092866e-04      4.269007e+00     -9.104520e-04
[itstep]        10    2.000         4.000e-01     -3.3328953988      5.530184e-05      2.160228e+00     -4.607626e-04
[itstep]        11    2.000         4.000e-01     -3.3329886281      2.797246e-05      1.092674e+00     -2.330732e-04
[itstep]        12    2.000         4.000e-01     -3.3330357762      1.414587e-05      5.525732e-01     -1.178701e-04
[itstep]        13    2.000         4.000e-01     -3.3330596170      7.152906e-06      2.794104e-01     -5.960223e-05
[itstep]        14    2.000         4.000e-01     -3.3330716717      3.616694e-06      1.412771e-01     -3.013664e-05
[itstep]        15    2.000         4.000e-01     -3.3330777667      1.828644e-06      7.143139e-02     -1.523750e-05
[itstep]        16    2.000         4.000e-01     -3.3330808484      9.245713e-07      3.611606e-02     -7.704170e-06
[itstep]        17    2.000         4.000e-01     -3.3330824065      4.674645e-07      1.826033e-02     -3.895243e-06
[itstep]        18    2.000         4.000e-01     -3.3330831942      2.363499e-07      9.232418e-03     -1.969434e-06
[itstep]        19    2.000         4.000e-01     -3.3330835925      1.194982e-07      4.667899e-03     -9.957437e-07
[itstep]        20    2.000         4.000e-01     -3.3330837939      6.041809e-08      2.360082e-03     -5.034464e-07
[itstep]        21    2.000         4.000e-01     -3.3330838957      3.054727e-08      1.193253e-03     -2.545415e-07
[update_dt]  (i= 22) Reduced time step from   0.400000 to   0.320000
[update_E0]  (i= 22) Extrapolated energy ground state E0:  -4.966477
[itstep]        22    2.000         3.200e-01     -3.3330839472      1.544463e-08      6.033060e-04     -1.286957e-07
[itstep]        23    2.000         3.200e-01     -3.3698756527      1.103834e-02      1.052698e+03     -1.149741e-01
[itstep]        24    2.000         3.200e-01     -3.3729751634      9.197700e-04      8.771611e+01     -9.685971e-03
[itstep]        25    2.000         3.200e-01     -3.3732881386      9.278905e-05      8.849054e+00     -9.780474e-04
[itstep]        26    2.000         3.200e-01     -3.3733204304      9.572801e-06      9.129334e-01     -1.009119e-04
[itstep]        27    2.000         3.200e-01     -3.3733237717      9.905176e-07      9.446312e-02     -1.044167e-05
[itstep]        28    2.000         3.200e-01     -3.3733241188      1.028823e-07      9.811622e-03     -1.084548e-06
[itstep]        29    2.000         3.200e-01     -3.3733241556      1.090780e-08      1.040249e-03     -1.149860e-07
[update_dt]  (i= 30) Reduced time step from   0.320000 to   0.256000
[update_E0]  (i= 30) Extrapolated energy ground state E0:  -3.401241
[itstep]        30    2.000         2.560e-01     -3.3733241599      1.289742e-09      1.229994e-04     -1.359599e-08
[itstep]        31    2.000         2.560e-01     -3.3897345256      4.864746e-03      1.132662e+03     -6.410299e-02
[itstep]        32    2.000         2.560e-01     -3.3919516273      6.540635e-04      1.522860e+02     -8.660553e-03
[itstep]        33    2.000         2.560e-01     -3.3923068133      1.047143e-04      2.438071e+01     -1.387445e-03
[itstep]        34    2.000         2.560e-01     -3.3923656307      1.733848e-05      4.036931e+00     -2.297557e-04
[itstep]        35    2.000         2.560e-01     -3.3923754261      2.887494e-06      6.722971e-01     -3.826342e-05
[itstep]        36    2.000         2.560e-01     -3.3923770591      4.813465e-07      1.120722e-01     -6.378547e-06
[itstep]        37    2.000         2.560e-01     -3.3923773313      8.025927e-08      1.868682e-02     -1.063554e-06
[itstep]        38    2.000         2.560e-01     -3.3923773767      1.338660e-08      3.116811e-03     -1.773922e-07
[update_dt]  (i= 39) Reduced time step from   0.256000 to   0.204800
[update_E0]  (i= 39) Extrapolated energy ground state E0:  -3.405596
[itstep]        39    2.000         2.048e-01     -3.3923773843      2.235449e-09      5.204811e-04     -2.962300e-08
[itstep]        40    2.000         2.048e-01     -3.3991885881      2.007797e-03      1.141300e+03     -3.325783e-02
[itstep]        41    2.000         2.048e-01     -3.4005272618      3.938216e-04      2.238616e+02     -6.536493e-03
[itstep]        42    2.000         2.048e-01     -3.4008328016      8.985070e-05      5.107421e+01     -1.491893e-03
[itstep]        43    2.000         2.048e-01     -3.4009055909      2.140338e-05      1.216641e+01     -3.554166e-04
[itstep]        44    2.000         2.048e-01     -3.4009231205      5.154386e-06      2.929929e+00     -8.559365e-05
[itstep]        45    2.000         2.048e-01     -3.4009273532      1.244595e-06      7.074705e-01     -2.066784e-05
[itstep]        46    2.000         2.048e-01     -3.4009283760      3.007184e-07      1.709386e-01     -4.993757e-06
[itstep]        47    2.000         2.048e-01     -3.4009286231      7.267089e-08      4.130862e-02     -1.206780e-06
[itstep]        48    2.000         2.048e-01     -3.4009286828      1.756225e-08      9.982986e-03     -2.916405e-07
[itstep]        49    2.000         2.048e-01     -3.4009286973      4.244366e-09      2.412643e-03     -7.048235e-08
[update_dt]  (i= 50) Reduced time step from   0.204800 to   0.163840
[update_E0]  (i= 50) Extrapolated energy ground state E0:  -3.406861
[itstep]        50    2.000         1.638e-01     -3.4009287008      1.025827e-09      5.831150e-04     -1.703498e-08
[itstep]        51    2.000         1.638e-01     -3.4036120623      7.890085e-04      1.094969e+03     -1.637794e-02
[itstep]        52    2.000         1.638e-01     -3.4043250783      2.094880e-04      2.907230e+02     -4.351904e-03
[itstep]        53    2.000         1.638e-01     -3.4045394263      6.296343e-05      8.737932e+01     -1.308276e-03
[itstep]        54    2.000         1.638e-01     -3.4046070306      1.985710e-05      2.755726e+01     -4.126237e-04
[itstep]        55    2.000         1.638e-01     -3.4046287085      6.367246e-06      8.836328e+00     -1.323118e-04
[itstep]        56    2.000         1.638e-01     -3.4046356979      2.052905e-06      2.848978e+00     -4.265978e-05
[itstep]        57    2.000         1.638e-01     -3.4046379554      6.630729e-07      9.201985e-01     -1.377882e-05
[itstep]        58    2.000         1.638e-01     -3.4046386850      2.142915e-07      2.973892e-01     -4.453034e-06
[itstep]        59    2.000         1.638e-01     -3.4046389208      6.926757e-08      9.612807e-02     -1.439399e-06
[itstep]        60    2.000         1.638e-01     -3.4046389971      2.239140e-08      3.107432e-02     -4.652994e-07
[itstep]        61    2.000         1.638e-01     -3.4046390217      7.238380e-09      1.004527e-02     -1.504155e-07
[itstep]        62    2.000         1.638e-01     -3.4046390297      2.339939e-09      3.247318e-03     -4.862456e-08
[itstep]        63    2.000         1.638e-01     -3.4046390323      7.564325e-10      1.049761e-03     -1.571887e-08
[update_dt]  (i= 64) Reduced time step from   0.163840 to   0.131072
[update_E0]  (i= 64) Extrapolated energy ground state E0:  -3.407213
[itstep]        64    2.000         1.311e-01     -3.4046390331      2.445337e-10      3.393587e-04     -5.081477e-09
[itstep]        65    2.000         1.311e-01     -3.4056559922      2.986981e-04      1.012028e+03     -7.758782e-03
[itstep]        66    2.000         1.311e-01     -3.4060012768      1.013857e-04      3.435080e+02     -2.634313e-03
[itstep]        67    2.000         1.311e-01     -3.4061303958      3.790926e-05      1.284416e+02     -9.850996e-04
[itstep]        68    2.000         1.311e-01     -3.4061810347      1.486697e-05      5.037125e+01     -3.863436e-04
[itstep]        69    2.000         1.311e-01     -3.4062013181      5.954886e-06      2.017594e+01     -1.547502e-04
[itstep]        70    2.000         1.311e-01     -3.4062095152      2.406539e-06      8.153672e+00     -6.253934e-05
[itstep]        71    2.000         1.311e-01     -3.4062128401      9.761336e-07      3.307269e+00     -2.536709e-05
[itstep]        72    2.000         1.311e-01     -3.4062141908      3.965327e-07      1.343505e+00     -1.030483e-05
[itstep]        73    2.000         1.311e-01     -3.4062147398      1.611814e-07      5.461040e-01     -4.188679e-06
[itstep]        74    2.000         1.311e-01     -3.4062149631      6.553292e-08      2.220342e-01     -1.703027e-06
[itstep]        75    2.000         1.311e-01     -3.4062150538      2.664699e-08      9.028351e-02     -6.924848e-07
[itstep]        76    2.000         1.311e-01     -3.4062150907      1.083564e-08      3.671259e-02     -2.815897e-07
[itstep]        77    2.000         1.311e-01     -3.4062151057      4.406244e-09      1.492894e-02     -1.145067e-07
[itstep]        78    2.000         1.311e-01     -3.4062151118      1.791783e-09      6.070798e-03     -4.656372e-08
[itstep]        79    2.000         1.311e-01     -3.4062151143      7.286231e-10      2.468671e-03     -1.893499e-08
[itstep]        80    2.000         1.311e-01     -3.4062151153      2.962941e-10      1.003884e-03     -7.699902e-09
[update_dt]  (i= 81) Reduced time step from   0.131072 to   0.104858
[update_E0]  (i= 81) Extrapolated energy ground state E0:  -3.407309
[itstep]        81    2.000         1.049e-01     -3.4062151157      1.204867e-10      4.082249e-04     -3.131132e-09
[itstep]        82    2.000         1.049e-01     -3.4065892952      1.098520e-04      9.086741e+02     -3.568453e-03
[itstep]        83    2.000         1.049e-01     -3.4067445404      4.557206e-05      3.769632e+02     -1.480534e-03
[itstep]        84    2.000         1.049e-01     -3.4068137750      2.032281e-05      1.681063e+02     -6.602727e-04
[itstep]        85    2.000         1.049e-01     -3.4068460009      9.459230e-06      7.824492e+01     -3.073295e-04
[itstep]        86    2.000         1.049e-01     -3.4068613518      4.505891e-06      3.727185e+01     -1.463974e-04
[itstep]        87    2.000         1.049e-01     -3.4068687517      2.172075e-06      1.796699e+01     -7.057151e-05
[itstep]        88    2.000         1.049e-01     -3.4068723402      1.053314e-06      8.712810e+00     -3.422263e-05
[itstep]        89    2.000         1.049e-01     -3.4068740855      5.122951e-07      4.237605e+00     -1.664471e-05
[itstep]        90    2.000         1.049e-01     -3.4068749356      2.495229e-07      2.064005e+00     -8.107119e-06
[itstep]        91    2.000         1.049e-01     -3.4068753500      1.216208e-07      1.006024e+00     -3.951520e-06
[itstep]        92    2.000         1.049e-01     -3.4068755520      5.930010e-08      4.905189e-01     -1.926690e-06
[itstep]        93    2.000         1.049e-01     -3.4068756505      2.891853e-08      2.392085e-01     -9.395775e-07
[itstep]        94    2.000         1.049e-01     -3.4068756986      1.410369e-08      1.166630e-01     -4.582360e-07
[itstep]        95    2.000         1.049e-01     -3.4068757220      6.878706e-09      5.689932e-02     -2.234926e-07
[itstep]        96    2.000         1.049e-01     -3.4068757334      3.354976e-09      2.775171e-02     -1.090048e-07
[itstep]        97    2.000         1.049e-01     -3.4068757390      1.636350e-09      1.353557e-02     -5.316581e-08
[itstep]        98    2.000         1.049e-01     -3.4068757417      7.981126e-10      6.601832e-03     -2.593108e-08
[itstep]        99    2.000         1.049e-01     -3.4068757431      3.892733e-10      3.219993e-03     -1.264768e-08
[itstep]       100    2.000         1.049e-01     -3.4068757437      1.898644e-10      1.570521e-03     -6.168788e-09
[update_dt]  (i=101) Reduced time step from   0.104858 to   0.083886
[update_E0]  (i=101) Extrapolated energy ground state E0:  -3.407334
[itstep]       101    2.000         8.389e-02     -3.4068757440      9.260543e-11      7.660141e-04     -3.008797e-09

[info]       steps       dt                E0                 E
[output]       102    0.084     -3.4073340661     -3.4068757440
