[conf]                N               2
[conf]                J            1.379
[conf]             beta           1.000
[conf]              dt0       4.000e-01
[conf]        eps_trunc       1.000e-04
[conf]           eps_dt       9.000e-02
[conf]          eps_tol       1.000e-03
[conf]             Dmax              10
[conf]           dt_red           0.800
[conf]         phys_gap       1.000e-03
[info]           i      MBD                dt                 E           rel_err           exp_err             slope
[itstep]         0    2.000         4.000e-01     -0.1954629780      1.000000e+00      1.000000e-03     -3.397419e+00
[itstep]         1    2.000         4.000e-01     -1.3667869257      5.992562e+00      2.340844e+05     -2.928310e+00
[itstep]         2    2.000         4.000e-01     -1.7351055747      2.694777e-01      1.052647e+04     -9.207966e-01
[itstep]         3    2.000         4.000e-01     -1.9833739805      1.430855e-01      5.589276e+03     -6.206710e-01
[itstep]         4    2.000         4.000e-01     -2.1848996331      1.016075e-01      3.969043e+03     -5.038141e-01
[itstep]         5    2.000         4.000e-01     -2.3097498609      5.714232e-02      2.232122e+03     -3.121256e-01
[itstep]         6    2.000         4.000e-01     -2.3721449191      2.701377e-02      1.055226e+03     -1.559876e-01
[itstep]         7    2.000         4.000e-01     -2.3999174391      1.170777e-02      4.573346e+02     -6.943130e-02
[itstep]         8    2.000         4.000e-01     -2.4116360828      4.882936e-03      1.907397e+02     -2.929661e-02
[itstep]         9    2.000         4.000e-01     -2.4164687686      2.003903e-03      7.827748e+01     -1.208171e-02
[itstep]        10    2.000         4.000e-01     -2.4184428614      8.169329e-04      3.191144e+01     -4.935232e-03
[itstep]        11    2.000         4.000e-01     -2.4192461171      3.321375e-04      1.297412e+01     -2.008139e-03
[itstep]        12    2.000         4.000e-01     -2.4195724421      1.348871e-04      5.269027e+00     -8.158127e-04
[itstep]        13    2.000         4.000e-01     -2.4197049271      5.475555e-05      2.138889e+00     -3.312126e-04
[itstep]        14    2.000         4.000e-01     -2.4197587008      2.222322e-05      8.680944e-01     -1.344341e-04
[itstep]        15    2.000         4.000e-01     -2.4197805243      9.018901e-06      3.523008e-01     -5.455891e-05
[itstep]        16    2.000         4.000e-01     -2.4197893809      3.660052e-06      1.429708e-01     -2.214131e-05
[itstep]        17    2.000         4.000e-01     -2.4197929750      1.485305e-06      5.801973e-02     -8.985314e-06
[itstep]        18    2.000         4.000e-01     -2.4197944335      6.027565e-07      2.354518e-02     -3.646365e-06
[itstep]        19    2.000         4.000e-01     -2.4197950254      2.446061e-07      9.554926e-03     -1.479741e-06
[itstep]        20    2.000         4.000e-01     -2.4197952656      9.926413e-08      3.877505e-03     -6.004971e-07
[itstep]        21    2.000         4.000e-01     -2.4197953631      4.028257e-08      1.573538e-03     -2.436890e-07
[update_dt]  (i= 22) Reduced time step from   0.400000 to   0.320000
[update_E0]  (i= 22) Extrapolated energy ground state E0:  -4.905771
[itstep]        22    2.000         3.200e-01     -2.4197954027      1.634715e-08      6.385606e-04     -9.889190e-08
[itstep]        23    2.000         3.200e-01     -2.4243381544      1.877329e-03      1.790360e+02     -1.419610e-02
[itstep]        24    2.000         3.200e-01     -2.4250922442      3.110498e-04      2.966402e+01     -2.356531e-03
[itstep]        25    2.000         3.200e-01     -2.4252391137      6.056242e-05      5.775682e+00     -4.589670e-04
[itstep]        26    2.000         3.200e-01     -2.4252688376      1.225607e-05      1.168830e+00     -9.288716e-05
[itstep]        27    2.000         3.200e-01     -2.4252749026      2.500750e-06      2.384901e-01     -1.895310e-05
[itstep]        28    2.000         3.200e-01     -2.4252761423      5.111751e-07      4.874946e-02     -3.874188e-06
[itstep]        29    2.000         3.200e-01     -2.4252763959      1.045531e-07      9.970960e-03     -7.924066e-07
[itstep]        30    2.000         3.200e-01     -2.4252764478      2.140029e-08      2.040890e-03     -1.621925e-07
[update_dt]  (i= 31) Reduced time step from   0.320000 to   0.256000
[update_E0]  (i= 31) Extrapolated energy ground state E0:  -2.429079
[itstep]        31    2.000         2.560e-01     -2.4252764584      4.387282e-09      4.184038e-04     -3.325116e-08
[itstep]        32    2.000         2.560e-01     -2.4271199339      7.601094e-04      1.769768e+02     -7.201076e-03
[itstep]        33    2.000         2.560e-01     -2.4275471318      1.760102e-04      4.098057e+01     -1.668742e-03
[itstep]        34    2.000         2.560e-01     -2.4276605485      4.672069e-05      1.087801e+01     -4.430339e-04
[itstep]        35    2.000         2.560e-01     -2.4276920769      1.298719e-05      3.023815e+00     -1.231581e-04
[itstep]        36    2.000         2.560e-01     -2.4277009630      3.660308e-06      8.522319e-01     -3.471133e-05
[itstep]        37    2.000         2.560e-01     -2.4277034775      1.035731e-06      2.411500e-01     -9.822055e-06
[itstep]        38    2.000         2.560e-01     -2.4277041898      2.934056e-07      6.831381e-02     -2.782429e-06
[itstep]        39    2.000         2.560e-01     -2.4277043916      8.314371e-08      1.935840e-02     -7.884700e-07
[itstep]        40    2.000         2.560e-01     -2.4277044488      2.356299e-08      5.486186e-03     -2.234530e-07
[itstep]        41    2.000         2.560e-01     -2.4277044650      6.677956e-09      1.554833e-03     -6.332853e-08
[update_dt]  (i= 42) Reduced time step from   0.256000 to   0.204800
[update_E0]  (i= 42) Extrapolated energy ground state E0:  -2.429389
[itstep]        42    2.000         2.048e-01     -2.4277044696      1.892614e-09      4.406585e-04     -1.794808e-08
[itstep]        43    2.000         2.048e-01     -2.4284182371      2.940092e-04      1.671249e+02     -3.485193e-03
[itstep]        44    2.000         2.048e-01     -2.4286349502      8.924045e-05      5.072733e+01     -1.058170e-03
[itstep]        45    2.000         2.048e-01     -2.4287083406      3.021878e-05      1.717739e+01     -3.583515e-04
[itstep]        46    2.000         2.048e-01     -2.4287344253      1.074014e-05      6.105065e+00     -1.273666e-04
[itstep]        47    2.000         2.048e-01     -2.4287438753      3.890905e-06      2.211723e+00     -4.614246e-05
[itstep]        48    2.000         2.048e-01     -2.4287473236      1.419790e-06      8.070574e-01     -1.683744e-05
[itstep]        49    2.000         2.048e-01     -2.4287485852      5.194674e-07      2.952830e-01     -6.160425e-06
[itstep]        50    2.000         2.048e-01     -2.4287490473      1.902476e-07      1.081432e-01     -2.256170e-06
[itstep]        51    2.000         2.048e-01     -2.4287492166      6.970065e-08      3.962023e-02     -8.265889e-07
[itstep]        52    2.000         2.048e-01     -2.4287492786      2.553947e-08      1.451751e-02     -3.028759e-07
[itstep]        53    2.000         2.048e-01     -2.4287493013      9.358539e-09      5.319713e-03     -1.109841e-07
[itstep]        54    2.000         2.048e-01     -2.4287493097      3.429350e-09      1.949360e-03     -4.066910e-08
[update_dt]  (i= 55) Reduced time step from   0.204800 to   0.163840
[update_E0]  (i= 55) Extrapolated energy ground state E0:  -2.429474
[itstep]        55    2.000         1.638e-01     -2.4287493127      1.256662e-09      7.143295e-04     -1.490291e-08
[itstep]        56    2.000         1.638e-01     -2.4290161474      1.098651e-04      1.524684e+02     -1.628630e-03
[itstep]        57    2.000         1.638e-01     -2.4291171547      4.158362e-05      5.770886e+01     -6.164995e-04
[itstep]        58    2.000         1.638e-01     -2.4291587176      1.711028e-05      2.374529e+01     -2.536797e-04
[itstep]        59    2.000         1.638e-01     -2.4291766162      7.368218e-06      1.022546e+01     -1.092442e-04
[itstep]        60    2.000         1.638e-01     -2.4291844992      3.245134e-06      4.503528e+00     -4.811403e-05
[itstep]        61    2.000         1.638e-01     -2.4291880079      1.444402e-06      2.004511e+00     -2.141553e-05
[itstep]        62    2.000         1.638e-01     -2.4291895772      6.460192e-07      8.965318e-01     -9.578260e-06
[itstep]        63    2.000         1.638e-01     -2.4291902806      2.895712e-07      4.018607e-01     -4.293355e-06
[itstep]        64    2.000         1.638e-01     -2.4291905962      1.299256e-07      1.803080e-01     -1.926355e-06
[itstep]        65    2.000         1.638e-01     -2.4291907379      5.832132e-08      8.093710e-02     -8.647071e-07
[itstep]        66    2.000         1.638e-01     -2.4291908015      2.618466e-08      3.633851e-02     -3.882295e-07
[itstep]        67    2.000         1.638e-01     -2.4291908301      1.175724e-08      1.631645e-02     -1.743199e-07
[itstep]        68    2.000         1.638e-01     -2.4291908429      5.279362e-09      7.326587e-03     -7.827502e-08
[itstep]        69    2.000         1.638e-01     -2.4291908487      2.370638e-09      3.289921e-03     -3.514851e-08
[itstep]        70    2.000         1.638e-01     -2.4291908512      1.064517e-09      1.477314e-03     -1.578317e-08
[update_dt]  (i= 71) Reduced time step from   0.163840 to   0.131072
[update_E0]  (i= 71) Extrapolated energy ground state E0:  -2.429497
[itstep]        71    2.000         1.311e-01     -2.4291908524      4.780162e-10      6.633807e-04     -7.087356e-09
[itstep]        72    2.000         1.311e-01     -2.4292879595      3.997508e-05      1.354408e+02     -7.408684e-04
[itstep]        73    2.000         1.311e-01     -2.4293320017      1.812966e-05      6.142569e+01     -3.360151e-04
[itstep]        74    2.000         1.311e-01     -2.4293532374      8.741392e-06      2.961699e+01     -1.620159e-04
[itstep]        75    2.000         1.311e-01     -2.4293638852      4.382951e-06      1.485002e+01     -8.123579e-05
[itstep]        76    2.000         1.311e-01     -2.4293693485      2.248884e-06      7.619516e+00     -4.168212e-05
[itstep]        77    2.000         1.311e-01     -2.4293721883      1.168923e-06      3.960465e+00     -2.166554e-05
[itstep]        78    2.000         1.311e-01     -2.4293736748      6.118846e-07      2.073146e+00     -1.134106e-05
[itstep]        79    2.000         1.311e-01     -2.4293744558      3.215138e-07      1.089331e+00     -5.959146e-06
[itstep]        80    2.000         1.311e-01     -2.4293748671      1.692805e-07      5.735445e-01     -3.137555e-06
[itstep]        81    2.000         1.311e-01     -2.4293750838      8.922349e-08      3.023010e-01     -1.653727e-06
[itstep]        82    2.000         1.311e-01     -2.4293751981      4.705413e-08      1.594256e-01     -8.721324e-07
[itstep]        83    2.000         1.311e-01     -2.4293752585      2.482255e-08      8.410206e-02     -4.600775e-07
[itstep]        84    2.000         1.311e-01     -2.4293752903      1.309675e-08      4.437352e-02     -2.427439e-07
[itstep]        85    2.000         1.311e-01     -2.4293753071      6.910622e-09      2.341410e-02     -1.280860e-07
[itstep]        86    2.000         1.311e-01     -2.4293753159      3.646615e-09      1.235521e-02     -6.758877e-08
[itstep]        87    2.000         1.311e-01     -2.4293753206      1.924300e-09      6.519781e-03     -3.566625e-08
[itstep]        88    2.000         1.311e-01     -2.4293753231      1.015455e-09      3.440495e-03     -1.882112e-08
[itstep]        89    2.000         1.311e-01     -2.4293753244      5.358601e-10      1.815565e-03     -9.931986e-09
[update_dt]  (i= 90) Reduced time step from   0.131072 to   0.104858
[update_E0]  (i= 90) Extrapolated energy ground state E0:  -2.429503
[itstep]        90    2.000         1.049e-01     -2.4293753250      2.827773e-10      9.580868e-04     -5.241182e-09
[itstep]        91    2.000         1.049e-01     -2.4294099298      1.424430e-05      1.178261e+02     -3.300167e-04
[itstep]        92    2.000         1.049e-01     -2.4294281338      7.493165e-06      6.198201e+01     -1.736066e-04
[itstep]        93    2.000         1.049e-01     -2.4294381351      4.116758e-06      3.405303e+01     -9.538048e-05
[itstep]        94    2.000         1.049e-01     -2.4294438046      2.333638e-06      1.930340e+01     -5.406788e-05
[itstep]        95    2.000         1.049e-01     -2.4294470871      1.351124e-06      1.117623e+01     -3.130416e-05
[itstep]        96    2.000         1.049e-01     -2.4294490137      7.930469e-07      6.559930e+00     -1.837411e-05
[itstep]        97    2.000         1.049e-01     -2.4294501544      4.695035e-07      3.883642e+00     -1.087794e-05
[itstep]        98    2.000         1.049e-01     -2.4294508332      2.794384e-07      2.311461e+00     -6.474321e-06
[itstep]        99    2.000         1.049e-01     -2.4294512386      1.668562e-07      1.380202e+00     -3.865898e-06
[itstep]       100    2.000         1.049e-01     -2.4294514811      9.982807e-08      8.257584e-01     -2.312922e-06
[itstep]       101    2.000         1.049e-01     -2.4294516264      5.979696e-08      4.946288e-01     -1.385439e-06
[itstep]       102    2.000         1.049e-01     -2.4294517135      3.584398e-08      2.964945e-01     -8.304713e-07
[itstep]       103    2.000         1.049e-01     -2.4294517657      2.149514e-08      1.778037e-01     -4.980222e-07
[itstep]       104    2.000         1.049e-01     -2.4294517970      1.289368e-08      1.066540e-01     -2.987344e-07
[itstep]       105    2.000         1.049e-01     -2.4294518158      7.735363e-09      6.398542e-02     -1.792211e-07
[itstep]       106    2.000         1.049e-01     -2.4294518271      4.641145e-09      3.839065e-02     -1.075310e-07
[itstep]       107    2.000         1.049e-01     -2.4294518339      2.784799e-09      2.303532e-02     -6.452117e-08
[itstep]       108    2.000         1.049e-01     -2.4294518379      1.671003e-09      1.382221e-02     -3.871556e-08
[itstep]       109    2.000         1.049e-01     -2.4294518404      1.002696e-09      8.294110e-03     -2.323153e-08
[itstep]       110    2.000         1.049e-01     -2.4294518418      6.016814e-10      4.976992e-03     -1.394039e-08
[itstep]       111    2.000         1.049e-01     -2.4294518427      3.610498e-10      2.986534e-03     -8.365183e-09
[itstep]       112    2.000         1.049e-01     -2.4294518432      2.166548e-10      1.792126e-03     -5.019687e-09
[itstep]       113    2.000         1.049e-01     -2.4294518435      1.300097e-10      1.075415e-03     -3.012202e-09
[update_dt]  (i=114) Reduced time step from   0.104858 to   0.083886
[update_E0]  (i=114) Extrapolated energy ground state E0:  -2.429505
[itstep]       114    2.000         8.389e-02     -2.4294518437      7.801465e-11      6.453221e-04     -1.807526e-09

[info]       steps       dt                E0                 E
[output]       115    0.084     -2.4295049299     -2.4294518437
