[conf]                N               2
[conf]                J            0.966
[conf]             beta           1.000
[conf]              dt0       4.000e-01
[conf]        eps_trunc       1.000e-04
[conf]           eps_dt       9.000e-02
[conf]          eps_tol       1.000e-03
[conf]             Dmax              10
[conf]           dt_red           0.800
[conf]         phys_gap       1.000e-03
[info]           i      MBD                dt                 E           rel_err           exp_err             slope
[itstep]         0    2.000         4.000e-01     -1.7693002476      1.000000e+00      1.000000e-03     -6.692264e+00
[itstep]         1    2.000         4.000e-01     -2.1829967989      2.338193e-01      9.133567e+03     -1.034241e+00
[itstep]         2    2.000         4.000e-01     -2.2126251618      1.357233e-02      5.301693e+02     -7.407091e-02
[itstep]         3    2.000         4.000e-01     -2.2162241149      1.626553e-03      6.353725e+01     -8.997383e-03
[itstep]         4    2.000         4.000e-01     -2.2169659928      3.347486e-04      1.307612e+01     -1.854695e-03
[itstep]         5    2.000         4.000e-01     -2.2171728256      9.329545e-05      3.644353e+00     -5.170821e-04
[itstep]         6    2.000         4.000e-01     -2.2172389089      2.980519e-05      1.164265e+00     -1.652082e-04
[itstep]         7    2.000         4.000e-01     -2.2172612797      1.008950e-05      3.941210e-01     -5.592707e-05
[itstep]         8    2.000         4.000e-01     -2.2172690440      3.501734e-06      1.367865e-01     -1.941065e-05
[itstep]         9    2.000         4.000e-01     -2.2172717687      1.228850e-06      4.800195e-02     -6.811727e-06
[itstep]        10    2.000         4.000e-01     -2.2172727296      4.333963e-07      1.692954e-02     -2.402393e-06
[itstep]        11    2.000         4.000e-01     -2.2172730693      1.532018e-07      5.984444e-03     -8.492252e-07
[itstep]        12    2.000         4.000e-01     -2.2172731895      5.421236e-08      2.117670e-03     -3.005090e-07
[update_dt]  (i= 13) Reduced time step from   0.400000 to   0.320000
[update_E0]  (i= 13) Extrapolated energy ground state E0:  -4.385211
[itstep]        13    2.000         3.200e-01     -2.2172732321      1.919301e-08      7.497268e-04     -1.063903e-07
[itstep]        14    2.000         3.200e-01     -2.2189036394      7.353209e-04      7.012566e+01     -5.095023e-03
[itstep]        15    2.000         3.200e-01     -2.2192184509      1.418771e-04      1.353045e+01     -9.837860e-04
[itstep]        16    2.000         3.200e-01     -2.2192890711      3.182213e-05      3.034794e+00     -2.206883e-04
[itstep]        17    2.000         3.200e-01     -2.2193055931      7.444731e-06      7.099849e-01     -5.163128e-05
[itstep]        18    2.000         3.200e-01     -2.2193094991      1.759992e-06      1.678460e-01     -1.220613e-05
[itstep]        19    2.000         3.200e-01     -2.2193104249      4.171381e-07      3.978139e-02     -2.892996e-06
[itstep]        20    2.000         3.200e-01     -2.2193106444      9.893432e-08      9.435112e-03     -6.861436e-07
[itstep]        21    2.000         3.200e-01     -2.2193106965      2.347196e-08      2.238460e-03     -1.627861e-07
[update_dt]  (i= 22) Reduced time step from   0.320000 to   0.256000
[update_E0]  (i= 22) Extrapolated energy ground state E0:  -2.220724
[itstep]        22    2.000         2.560e-01     -2.2193107089      5.570616e-09      5.312554e-04     -3.863415e-08
[itstep]        23    2.000         2.560e-01     -2.2199609023      2.929709e-04      6.821260e+01     -2.539818e-03
[itstep]        24    2.000         2.560e-01     -2.2201307739      7.652011e-05      1.781623e+01     -6.635611e-04
[itstep]        25    2.000         2.560e-01     -2.2201810482      2.264476e-05      5.272395e+00     -1.963841e-04
[itstep]        26    2.000         2.560e-01     -2.2201966516      7.027961e-06      1.636325e+00     -6.095057e-05
[itstep]        27    2.000         2.560e-01     -2.2202015729      2.216610e-06      5.160948e-01     -1.922387e-05
[itstep]        28    2.000         2.560e-01     -2.2202031332      7.027815e-07      1.636291e-01     -6.094987e-06
[itstep]        29    2.000         2.560e-01     -2.2202036287      2.231917e-07      5.196586e-02     -1.935667e-06
[itstep]        30    2.000         2.560e-01     -2.2202037862      7.091972e-08      1.651228e-02     -6.150634e-07
[itstep]        31    2.000         2.560e-01     -2.2202038362      2.253875e-08      5.247712e-03     -1.954712e-07
[itstep]        32    2.000         2.560e-01     -2.2202038521      7.163347e-09      1.667847e-03     -6.212536e-08
[update_dt]  (i= 33) Reduced time step from   0.256000 to   0.204800
[update_E0]  (i= 33) Extrapolated energy ground state E0:  -2.220823
[itstep]        33    2.000         2.048e-01     -2.2202038572      2.276721e-09      5.300904e-04     -1.974525e-08
[itstep]        34    2.000         2.048e-01     -2.2204524259      1.119576e-04      6.364052e+01     -1.213714e-03
[itstep]        35    2.000         2.048e-01     -2.2205355433      3.743266e-05      2.127800e+01     -4.058469e-04
[itstep]        36    2.000         2.048e-01     -2.2205662033      1.380748e-05      7.848646e+00     -1.497071e-04
[itstep]        37    2.000         2.048e-01     -2.2205780650      5.341723e-06      3.036418e+00     -5.791821e-05
[itstep]        38    2.000         2.048e-01     -2.2205827503      2.109948e-06      1.199367e+00     -2.287747e-05
[itstep]        39    2.000         2.048e-01     -2.2205846170      8.406354e-07      4.778459e-01     -9.114748e-06
[itstep]        40    2.000         2.048e-01     -2.2205853633      3.360981e-07      1.910496e-01     -3.644210e-06
[itstep]        41    2.000         2.048e-01     -2.2205856621      1.345669e-07      7.649241e-02     -1.459068e-06
[itstep]        42    2.000         2.048e-01     -2.2205857818      5.390844e-08      3.064340e-02     -5.845132e-07
[itstep]        43    2.000         2.048e-01     -2.2205858298      2.160102e-08      1.227876e-02     -2.342135e-07
[itstep]        44    2.000         2.048e-01     -2.2205858490      8.656281e-09      4.920526e-03     -9.385750e-08
[itstep]        45    2.000         2.048e-01     -2.2205858567      3.469001e-09      1.971899e-03     -3.761335e-08
[update_dt]  (i= 46) Reduced time step from   0.204800 to   0.163840
[update_E0]  (i= 46) Extrapolated energy ground state E0:  -2.220851
[itstep]        46    2.000         1.638e-01     -2.2205858598      1.390221e-09      7.902490e-04     -1.507375e-08
[itstep]        47    2.000         1.638e-01     -2.2206778864      4.144247e-05      5.751298e+01     -5.616856e-04
[itstep]        48    2.000         1.638e-01     -2.2207155621      1.696586e-05      2.354486e+01     -2.299543e-04
[itstep]        49    2.000         1.638e-01     -2.2207321679      7.477663e-06      1.037734e+01     -1.013535e-04
[itstep]        50    2.000         1.638e-01     -2.2207398097      3.441146e-06      4.775550e+00     -4.664224e-05
[itstep]        51    2.000         1.638e-01     -2.2207434084      1.620478e-06      2.248865e+00     -2.196448e-05
[itstep]        52    2.000         1.638e-01     -2.2207451230      7.720714e-07      1.071464e+00     -1.046492e-05
[itstep]        53    2.000         1.638e-01     -2.2207459446      3.699813e-07      5.134522e-01     -5.014857e-06
[itstep]        54    2.000         1.638e-01     -2.2207463394      1.777974e-07      2.467435e-01     -2.409930e-06
[itstep]        55    2.000         1.638e-01     -2.2207465294      8.555870e-08      1.187365e-01     -1.159693e-06
[itstep]        56    2.000         1.638e-01     -2.2207466209      4.119927e-08      5.717547e-02     -5.584298e-07
[itstep]        57    2.000         1.638e-01     -2.2207466650      1.984509e-08      2.754060e-02     -2.689875e-07
[itstep]        58    2.000         1.638e-01     -2.2207466862      9.560560e-09      1.326794e-02     -1.295873e-07
[itstep]        59    2.000         1.638e-01     -2.2207466965      4.606231e-09      6.392429e-03     -6.243452e-08
[itstep]        60    2.000         1.638e-01     -2.2207467014      2.219339e-09      3.079952e-03     -3.008173e-08
[itstep]        61    2.000         1.638e-01     -2.2207467038      1.069323e-09      1.483984e-03     -1.449399e-08
[update_dt]  (i= 62) Reduced time step from   0.163840 to   0.131072
[update_E0]  (i= 62) Extrapolated energy ground state E0:  -2.220858
[itstep]        62    2.000         1.311e-01     -2.2207467049      5.152262e-10      7.150200e-04     -6.983563e-09
[itstep]        63    2.000         1.311e-01     -2.2207799388      1.496518e-05      5.070399e+01     -2.535543e-04
[itstep]        64    2.000         1.311e-01     -2.2207960069      7.235343e-06      2.451430e+01     -1.225899e-04
[itstep]        65    2.000         1.311e-01     -2.2208042017      3.690057e-06      1.250240e+01     -6.252186e-05
[itstep]        66    2.000         1.311e-01     -2.2208085343      1.950904e-06      6.609919e+00     -3.305492e-05
[itstep]        67    2.000         1.311e-01     -2.2208108771      1.054915e-06      3.574192e+00     -1.787388e-05
[itstep]        68    2.000         1.311e-01     -2.2208121610      5.781439e-07      1.958828e+00     -9.795748e-06
[itstep]        69    2.000         1.311e-01     -2.2208128702      3.193299e-07      1.081932e+00     -5.410551e-06
[itstep]        70    2.000         1.311e-01     -2.2208132637      1.771635e-07      6.002532e-01     -3.001762e-06
[itstep]        71    2.000         1.311e-01     -2.2208134825      9.853706e-08      3.338566e-01     -1.669559e-06
[itstep]        72    2.000         1.311e-01     -2.2208136044      5.488302e-08      1.859509e-01     -9.299083e-07
[itstep]        73    2.000         1.311e-01     -2.2208136723      3.059283e-08      1.036525e-01     -5.183485e-07
[itstep]        74    2.000         1.311e-01     -2.2208137102      1.706056e-08      5.780343e-02     -2.890650e-07
[itstep]        75    2.000         1.311e-01     -2.2208137313      9.516433e-09      3.224293e-02     -1.612413e-07
[itstep]        76    2.000         1.311e-01     -2.2208137431      5.309027e-09      1.798768e-02     -8.995332e-08
[itstep]        77    2.000         1.311e-01     -2.2208137497      2.962028e-09      1.003574e-02     -5.018701e-08
[itstep]        78    2.000         1.311e-01     -2.2208137534      1.652655e-09      5.599414e-03     -2.800171e-08
[itstep]        79    2.000         1.311e-01     -2.2208137554      9.221159e-10      3.124250e-03     -1.562384e-08
[itstep]        80    2.000         1.311e-01     -2.2208137566      5.145102e-10      1.743228e-03     -8.717585e-09
[update_dt]  (i= 81) Reduced time step from   0.131072 to   0.104858
[update_E0]  (i= 81) Extrapolated energy ground state E0:  -2.220860
[itstep]        81    2.000         1.049e-01     -2.2208137572      2.870827e-10      9.726739e-04     -4.864175e-09
[itstep]        82    2.000         1.049e-01     -2.2208255270      5.299788e-06      4.383882e+01     -1.122460e-04
[itstep]        83    2.000         1.049e-01     -2.2208320505      2.937423e-06      2.429780e+01     -6.221299e-05
[itstep]        84    2.000         1.049e-01     -2.2208358044      1.690294e-06      1.398178e+01     -3.579958e-05
[itstep]        85    2.000         1.049e-01     -2.2208380260      1.000357e-06      8.274760e+00     -2.118710e-05
[itstep]        86    2.000         1.049e-01     -2.2208393672      6.039180e-07      4.995493e+00     -1.279072e-05
[itstep]        87    2.000         1.049e-01     -2.2208401879      3.695418e-07      3.056778e+00     -7.826739e-06
[itstep]        88    2.000         1.049e-01     -2.2208406946      2.281511e-07      1.887221e+00     -4.832144e-06
[itstep]        89    2.000         1.049e-01     -2.2208410093      1.416750e-07      1.171908e+00     -3.000617e-06
[itstep]        90    2.000         1.049e-01     -2.2208412054      8.830251e-08      7.304212e-01     -1.870211e-06
[itstep]        91    2.000         1.049e-01     -2.2208413279      5.516658e-08      4.563273e-01     -1.168406e-06
[itstep]        92    2.000         1.049e-01     -2.2208414045      3.451647e-08      2.855135e-01     -7.310447e-07
[itstep]        93    2.000         1.049e-01     -2.2208414525      2.161647e-08      1.788072e-01     -4.578280e-07
[itstep]        94    2.000         1.049e-01     -2.2208414826      1.354565e-08      1.120470e-01     -2.868914e-07
[itstep]        95    2.000         1.049e-01     -2.2208415015      8.491350e-09      7.023880e-02     -1.798433e-07
[itstep]        96    2.000         1.049e-01     -2.2208415133      5.324206e-09      4.404080e-02     -1.127645e-07
[itstep]        97    2.000         1.049e-01     -2.2208415207      3.338848e-09      2.761831e-02     -7.071546e-08
[itstep]        98    2.000         1.049e-01     -2.2208415254      2.094008e-09      1.732123e-02     -4.435025e-08
[itstep]        99    2.000         1.049e-01     -2.2208415283      1.313365e-09      1.086390e-02     -2.781653e-08
[itstep]       100    2.000         1.049e-01     -2.2208415301      8.237729e-10      6.814090e-03     -1.744718e-08
[itstep]       101    2.000         1.049e-01     -2.2208415313      5.167026e-10      4.274063e-03     -1.094355e-08
[itstep]       102    2.000         1.049e-01     -2.2208415320      3.241005e-10      2.680896e-03     -6.864317e-09
[itstep]       103    2.000         1.049e-01     -2.2208415324      2.032924e-10      1.681595e-03     -4.305651e-09
[itstep]       104    2.000         1.049e-01     -2.2208415327      1.275169e-10      1.054795e-03     -2.700756e-09
[update_dt]  (i=105) Reduced time step from   0.104858 to   0.083886
[update_E0]  (i=105) Extrapolated energy ground state E0:  -2.220861
[itstep]       105    2.000         8.389e-02     -2.2208415329      7.998515e-11      6.616217e-04     -1.694053e-09

[info]       steps       dt                E0                 E
[output]       106    0.084     -2.2208608028     -2.2208415329
