[conf]                N              50
[conf]                J            1.100
[conf]             beta           1.000
[conf]              dt0       4.000e-01
[conf]        eps_trunc       1.000e-04
[conf]           eps_dt       9.000e-02
[conf]          eps_tol       1.000e-02
[conf]             Dmax              10
[conf]           dt_red           0.750
[conf]         phys_gap       1.000e-01
[info]           i      MBD                dt                 E           rel_err           exp_err             slope
[itstep]         0    9.347         4.000e-01    -51.0001416419      1.000000e+00      1.000000e-02     -1.329535e+02
[itstep]         1    9.347         4.000e-01    -62.7710646916      2.308018e-01      9.015694e+01     -2.942731e+01
[itstep]         2    9.347         4.000e-01    -64.8969791656      3.386775e-02      1.322959e+01     -5.314786e+00
[itstep]         3    9.347         4.000e-01    -65.4161115036      7.999330e-03      3.124738e+00     -1.297831e+00
[itstep]         4    9.347         4.000e-01    -65.6091660653      2.951178e-03      1.152804e+00     -4.826364e-01
[itstep]         5    9.347         4.000e-01    -65.7057053448      1.471430e-03      5.747772e-01     -2.413482e-01
[itstep]         6    9.347         4.000e-01    -65.7628485962      8.696848e-04      3.397206e-01     -1.428581e-01
[itstep]         7    9.347         4.000e-01    -65.8002752003      5.691147e-04      2.223104e-01     -9.356651e-02
[itstep]         8    9.347         4.000e-01    -65.8267455355      4.022830e-04      1.571418e-01     -6.617584e-02
[itstep]         9    9.347         4.000e-01    -65.8468486284      3.053940e-04      1.192945e-01     -5.025773e-02
[itstep]        10    9.347         4.000e-01    -65.8632363626      2.488765e-04      9.721739e-02     -4.096934e-02
[itstep]        11    9.347         4.000e-01    -65.8775440152      2.172328e-04      8.485655e-02     -3.576913e-02
[itstep]        12    9.347         4.000e-01    -65.8908253483      2.016064e-04      7.875249e-02     -3.320333e-02
[itstep]        13    9.347         4.000e-01    -65.9037729936      1.965015e-04      7.675839e-02     -3.236911e-02
[itstep]        14    9.347         4.000e-01    -65.9168332559      1.981717e-04      7.741082e-02     -3.265066e-02
[itstep]        15    9.347         4.000e-01    -65.9302667127      2.037940e-04      7.960704e-02     -3.358364e-02
[itstep]        16    9.347         4.000e-01    -65.9441820192      2.110610e-04      8.244569e-02     -3.478827e-02
[itstep]        17    9.347         4.000e-01    -65.9585579584      2.180016e-04      8.515689e-02     -3.593985e-02
[itstep]        18    9.347         4.000e-01    -65.9732647974      2.229709e-04      8.709801e-02     -3.676710e-02
[itstep]        19    9.347         4.000e-01    -65.9880914582      2.247374e-04      8.778805e-02     -3.706665e-02
[itstep]        20    9.347         4.000e-01    -66.0027755679      2.225267e-04      8.692448e-02     -3.671027e-02
[itstep]        21    9.347         4.000e-01    -66.0170378382      2.160859e-04      8.440856e-02     -3.565568e-02
[itstep]        22    9.347         4.000e-01    -66.0306150599      2.056624e-04      8.033687e-02     -3.394305e-02
[itstep]        23    9.347         4.000e-01    -66.0432868304      1.919075e-04      7.496387e-02     -3.167943e-02
[itstep]        24    9.347         4.000e-01    -66.0548926107      1.757299e-04      6.864449e-02     -2.901445e-02
[itstep]        25    9.347         4.000e-01    -66.0653380527      1.581328e-04      6.177061e-02     -2.611361e-02
[itstep]        26    9.347         4.000e-01    -66.0745919041      1.400712e-04      5.471531e-02     -2.313463e-02
[itstep]        27    9.347         4.000e-01    -66.0826763216      1.223529e-04      4.779410e-02     -2.021104e-02
[itstep]        28    9.347         4.000e-01    -66.0896538569      1.055880e-04      4.124530e-02     -1.744384e-02
[itstep]        29    9.347         4.000e-01    -66.0956139281      9.018161e-05      3.522719e-02     -1.490018e-02
[itstep]        30    9.347         4.000e-01    -66.1006607044      7.635569e-05      2.982644e-02     -1.261694e-02
[itstep]        31    9.347         4.000e-01    -66.1049033930      6.418527e-05      2.507237e-02     -1.060672e-02
[itstep]        32    9.347         4.000e-01    -66.1084491794      5.363878e-05      2.095265e-02     -8.864466e-03
[itstep]        33    9.347         4.000e-01    -66.1113986007      4.461489e-05      1.742769e-02     -7.373553e-03
[itstep]        34    9.347         4.000e-01    -66.1138429046      3.697250e-05      1.444238e-02     -6.110760e-03
[itstep]        35    9.347         4.000e-01    -66.1158628893      3.055313e-05      1.193482e-02     -5.049962e-03
[update_dt]  (i= 36) Reduced time step from   0.400000 to   0.300000
[update_E0]  (i= 36) Extrapolated energy ground state E0: -113.500957
[itstep]        36    9.347         3.000e-01    -66.1175287637      2.519629e-05      9.842300e-03     -4.164686e-03
[itstep]        37    9.347         3.000e-01    -66.3644556255      3.734666e-03      4.610698e+00     -8.230895e-01
[itstep]        38    9.347         3.000e-01    -66.3988585412      5.183937e-04      6.399922e-01     -1.146764e-01
[itstep]        39    9.347         3.000e-01    -66.4066529113      1.173871e-04      1.449224e-01     -2.598123e-02
[itstep]        40    9.347         3.000e-01    -66.4093075925      3.997613e-05      4.935325e-02     -8.848937e-03
[itstep]        41    9.347         3.000e-01    -66.4106145295      1.968003e-05      2.429633e-02     -4.356457e-03
[itstep]        42    9.347         3.000e-01    -66.4114447985      1.250205e-05      1.543463e-02     -2.767563e-03
[itstep]        43    9.347         3.000e-01    -66.4120527169      9.153819e-06      1.130101e-02     -2.026394e-03
[update_dt]  (i= 44) Reduced time step from   0.300000 to   0.225000
[update_E0]  (i= 44) Extrapolated energy ground state E0: -66.549076
[itstep]        44    9.347         2.250e-01    -66.4125314191      7.208063e-06      8.898843e-03     -1.595674e-03
[itstep]        45    9.347         2.250e-01    -66.4939804770      1.226411e-03      4.785265e+00     -3.619958e-01
[itstep]        46    9.347         2.250e-01    -66.5107525386      2.522343e-04      9.841789e-01     -7.454250e-02
[itstep]        47    9.347         2.250e-01    -66.5154897542      7.122481e-05      2.779081e-01     -2.105429e-02
[itstep]        48    9.347         2.250e-01    -66.5171770826      2.536745e-05      9.897984e-02     -7.499237e-03
[itstep]        49    9.347         2.250e-01    -66.5179315458      1.134238e-05      4.425621e-02     -3.353170e-03
[itstep]        50    9.347         2.250e-01    -66.5183488082      6.272930e-06      2.447600e-02     -1.854499e-03
[itstep]        51    9.347         2.250e-01    -66.5186219893      4.106853e-06      1.602430e-02     -1.214138e-03
[itstep]        52    9.347         2.250e-01    -66.5188227387      3.017944e-06      1.177555e-02     -8.922198e-04
[update_dt]  (i= 53) Reduced time step from   0.225000 to   0.168750
[update_E0]  (i= 53) Extrapolated energy ground state E0: -66.568252
[itstep]        53    9.347         1.688e-01    -66.5189813520      2.384487e-06      9.303895e-03     -7.049477e-04
[itstep]        54    9.347         1.688e-01    -66.5436989744      3.715875e-04      4.582326e+00     -1.464748e-01
[itstep]        55    9.347         1.688e-01    -66.5507652703      1.061903e-04      1.309513e+00     -4.187435e-02
[itstep]        56    9.347         1.688e-01    -66.5532652755      3.756538e-05      4.632471e-01     -1.481485e-02
[itstep]        57    9.347         1.688e-01    -66.5542893543      1.538736e-05      1.897531e-01     -6.068615e-03
[itstep]        58    9.347         1.688e-01    -66.5547681150      7.193537e-06      8.870893e-02     -2.837101e-03
[itstep]        59    9.347         1.688e-01    -66.5550238563      3.842569e-06      4.738562e-02     -1.515504e-03
[itstep]        60    9.347         1.688e-01    -66.5551792897      2.335412e-06      2.879972e-02     -9.210867e-04
[itstep]        61    9.347         1.688e-01    -66.5552850532      1.589110e-06      1.959652e-02     -6.267468e-04
[itstep]        62    9.347         1.688e-01    -66.5553637178      1.181944e-06      1.457545e-02     -4.661609e-04
[itstep]        63    9.347         1.688e-01    -66.5554261408      9.379102e-07      1.156608e-02     -3.699138e-04
[update_dt]  (i= 64) Reduced time step from   0.168750 to   0.126563
[update_E0]  (i= 64) Extrapolated energy ground state E0: -66.572371
[itstep]        64    9.347         1.266e-01    -66.5554779514      7.784584e-07      9.599757e-03     -3.070259e-04
[itstep]        65    9.347         1.266e-01    -66.5625363492      1.060528e-04      4.133350e+00     -5.577006e-02
[itstep]        66    9.347         1.266e-01    -66.5651772432      3.967538e-05      1.546326e+00     -2.086632e-02
[itstep]        67    9.347         1.266e-01    -66.5663162744      1.711152e-05      6.669117e-01     -8.999753e-03
[itstep]        68    9.347         1.266e-01    -66.5668591884      8.155986e-06      3.178750e-01     -4.289691e-03
[itstep]        69    9.347         1.266e-01    -66.5671401143      4.220206e-06      1.644802e-01     -2.219661e-03
[itstep]        70    9.347         1.266e-01    -66.5672973519      2.362090e-06      9.206113e-02     -1.242371e-03
[itstep]        71    9.347         1.266e-01    -66.5673926614      1.431777e-06      5.580269e-02     -7.530628e-04
[itstep]        72    9.347         1.266e-01    -66.5674552103      9.396327e-07      3.662165e-02     -4.942135e-04
[itstep]        73    9.347         1.266e-01    -66.5674994435      6.644870e-07      2.589801e-02     -3.494970e-04
[itstep]        74    9.347         1.266e-01    -66.5675328405      5.017012e-07      1.955352e-02     -2.638775e-04
[itstep]        75    9.347         1.266e-01    -66.5675594476      3.997008e-07      1.557811e-02     -2.102289e-04
[itstep]        76    9.347         1.266e-01    -66.5675815518      3.320576e-07      1.294176e-02     -1.746510e-04
[itstep]        77    9.347         1.266e-01    -66.5676005038      2.847033e-07      1.109615e-02     -1.497443e-04
[update_dt]  (i= 78) Reduced time step from   0.126563 to   0.094922
[update_E0]  (i= 78) Extrapolated energy ground state E0: -66.573236
[itstep]        78    9.347         9.492e-02    -66.5676171366      2.498622e-07      9.738239e-03     -1.314191e-04
[itstep]        79    9.347         9.492e-02    -66.5695442006      2.894897e-05      3.565890e+00     -2.030158e-02
[itstep]        80    9.347         9.492e-02    -66.5704406974      1.346707e-05      1.658853e+00     -9.444575e-03
[itstep]        81    9.347         9.492e-02    -66.5708979958      6.869392e-06      8.461611e-01     -4.817630e-03
[itstep]        82    9.347         9.492e-02    -66.5711480276      3.755873e-06      4.626426e-01     -2.634080e-03
[itstep]        83    9.347         9.492e-02    -66.5712925383      2.170770e-06      2.673921e-01     -1.522417e-03
[itstep]        84    9.347         9.492e-02    -66.5713802764      1.317957e-06      1.623440e-01     -9.243194e-04
[itstep]        85    9.347         9.492e-02    -66.5714361487      8.392844e-07      1.033818e-01     -5.886138e-04
[itstep]        86    9.347         9.492e-02    -66.5714734881      5.608915e-07      6.908976e-02     -3.933693e-04
[itstep]        87    9.347         9.492e-02    -66.5714996913      3.936102e-07      4.848429e-02     -2.760503e-04
[itstep]        88    9.347         9.492e-02    -66.5715189858      2.898312e-07      3.570096e-02     -2.032671e-04
[itstep]        89    9.347         9.492e-02    -66.5715338531      2.233289e-07      2.750932e-02     -1.566272e-04
[itstep]        90    9.347         9.492e-02    -66.5715457876      1.792732e-07      2.208260e-02     -1.257296e-04
[itstep]        91    9.347         9.492e-02    -66.5715557119      1.490772e-07      1.836310e-02     -1.045523e-04
[itstep]        92    9.347         9.492e-02    -66.5715642103      1.276569e-07      1.572458e-02     -8.952959e-05
[itstep]        93    9.347         9.492e-02    -66.5715716620      1.119356e-07      1.378805e-02     -7.850379e-05
[itstep]        94    9.347         9.492e-02    -66.5715783199      1.000110e-07      1.231920e-02     -7.014074e-05
[itstep]        95    9.347         9.492e-02    -66.5715843567      9.068147e-08      1.117000e-02     -6.359765e-05
[itstep]        96    9.347         9.492e-02    -66.5715898935      8.317154e-08      1.024494e-02     -5.833072e-05
[update_dt]  (i= 97) Reduced time step from   0.094922 to   0.071191
[update_E0]  (i= 97) Extrapolated energy ground state E0: -66.573436
[itstep]        97    9.347         7.119e-02    -66.5715950176      7.697027e-08      9.481079e-03     -5.398158e-05

[info]       steps       dt                E0                 E
[output]        98    0.071    -66.5734362082    -66.5715950176
