[conf]                N               2
[conf]                J            3.448
[conf]             beta           1.000
[conf]              dt0       4.000e-01
[conf]        eps_trunc       1.000e-04
[conf]           eps_dt       9.000e-02
[conf]          eps_tol       1.000e-03
[conf]             Dmax              10
[conf]           dt_red           0.800
[conf]         phys_gap       1.000e-03
[info]           i      MBD                dt                 E           rel_err           exp_err             slope
[itstep]         0    2.000         4.000e-01     -3.7931841964      1.000000e+00      1.000000e-03     -6.060538e+00
[itstep]         1    2.000         4.000e-01     -3.8304177141      9.815900e-03      3.834336e+02     -9.308379e-02
[itstep]         2    2.000         4.000e-01     -3.8389892937      2.237766e-03      8.741274e+01     -2.142895e-02
[itstep]         3    2.000         4.000e-01     -3.8433170345      1.127313e-03      4.403565e+01     -1.081935e-02
[itstep]         4    2.000         4.000e-01     -3.8456295494      6.016977e-04      2.350381e+01     -5.781287e-03
[itstep]         5    2.000         4.000e-01     -3.8468612329      3.202814e-04      1.251099e+01     -3.079209e-03
[itstep]         6    2.000         4.000e-01     -3.8475146911      1.698679e-04      6.635464e+00     -1.633645e-03
[itstep]         7    2.000         4.000e-01     -3.8478606118      8.990756e-05      3.512014e+00     -8.648017e-04
[itstep]         8    2.000         4.000e-01     -3.8480435157      4.753393e-05      1.856794e+00     -4.572599e-04
[itstep]         9    2.000         4.000e-01     -3.8481401650      2.511647e-05      9.811119e-01     -2.416231e-04
[itstep]        10    2.000         4.000e-01     -3.8481912191      1.326721e-05      5.182506e-01     -1.276353e-04
[itstep]        11    2.000         4.000e-01     -3.8482181833      7.006973e-06      2.737099e-01     -6.741043e-05
[itstep]        12    2.000         4.000e-01     -3.8482324230      3.700359e-06      1.445453e-01     -3.559947e-05
[itstep]        13    2.000         4.000e-01     -3.8482399427      1.954059e-06      7.633041e-02     -1.879918e-05
[itstep]        14    2.000         4.000e-01     -3.8482439136      1.031860e-06      4.030704e-02     -9.927115e-06
[itstep]        15    2.000         4.000e-01     -3.8482460104      5.448773e-07      2.128427e-02     -5.242052e-06
[itstep]        16    2.000         4.000e-01     -3.8482471176      2.877224e-07      1.123916e-02     -2.768067e-06
[itstep]        17    2.000         4.000e-01     -3.8482477023      1.519313e-07      5.934814e-03     -1.461672e-06
[itstep]        18    2.000         4.000e-01     -3.8482480110      8.022685e-08      3.133861e-03     -7.718319e-07
[itstep]        19    2.000         4.000e-01     -3.8482481740      4.236351e-08      1.654825e-03     -4.075632e-07
[update_dt]  (i= 20) Reduced time step from   0.400000 to   0.320000
[update_E0]  (i= 20) Extrapolated energy ground state E0:  -5.568290
[itstep]        20    2.000         3.200e-01     -3.8482482601      2.236989e-08      8.738239e-04     -2.152122e-07
[itstep]        21    2.000         3.200e-01     -3.9168608140      1.782955e-02      1.700359e+03     -2.144142e-01
[itstep]        22    2.000         3.200e-01     -3.9207759201      9.995520e-04      9.532471e+01     -1.223471e-02
[itstep]        23    2.000         3.200e-01     -3.9210440841      6.839564e-05      6.522717e+00     -8.380124e-04
[itstep]        24    2.000         3.200e-01     -3.9210627270      4.754574e-06      4.534315e-01     -5.825904e-05
[itstep]        25    2.000         3.200e-01     -3.9210640297      3.322265e-07      3.168359e-02     -4.070878e-06
[itstep]        26    2.000         3.200e-01     -3.9210641241      2.407099e-08      2.295589e-03     -2.949497e-07
[update_dt]  (i= 27) Reduced time step from   0.320000 to   0.256000
[update_E0]  (i= 27) Extrapolated energy ground state E0:  -3.971581
[itstep]        27    2.000         2.560e-01     -3.9210641330      2.281959e-09      2.176246e-04     -2.796159e-08
[itstep]        28    2.000         2.560e-01     -3.9533504930      8.234081e-03      1.917146e+03     -1.261186e-01
[itstep]        29    2.000         2.560e-01     -3.9565508851      8.095392e-04      1.884855e+02     -1.250153e-02
[itstep]        30    2.000         2.560e-01     -3.9569307350      9.600532e-05      2.235298e+01     -1.483789e-03
[itstep]        31    2.000         2.560e-01     -3.9569769772      1.168638e-05      2.720947e+00     -1.806335e-04
[itstep]        32    2.000         2.560e-01     -3.9569826247      1.427223e-06      3.323012e-01     -2.206050e-05
[itstep]        33    2.000         2.560e-01     -3.9569833148      1.744174e-07      4.060972e-02     -2.695964e-06
[itstep]        34    2.000         2.560e-01     -3.9569833993      2.134876e-08      4.970645e-03     -3.299871e-07
[update_dt]  (i= 35) Reduced time step from   0.256000 to   0.204800
[update_E0]  (i= 35) Extrapolated energy ground state E0:  -3.981903
[itstep]        35    2.000         2.048e-01     -3.9569834098      2.636385e-09      6.138312e-04     -4.075052e-08
[itstep]        36    2.000         2.048e-01     -3.9709422719      3.527652e-03      2.005238e+03     -6.815851e-02
[itstep]        37    2.000         2.048e-01     -3.9730810259      5.386012e-04      3.061593e+02     -1.044314e-02
[itstep]        38    2.000         2.048e-01     -3.9734676075      9.730021e-05      5.530877e+01     -1.887606e-03
[itstep]        39    2.000         2.048e-01     -3.9735400908      1.824181e-05      1.036927e+01     -3.539221e-04
[itstep]        40    2.000         2.048e-01     -3.9735537790      3.444834e-06      1.958161e+00     -6.683684e-05
[itstep]        41    2.000         2.048e-01     -3.9735563675      6.514325e-07      3.702965e-01     -1.263917e-05
[itstep]        42    2.000         2.048e-01     -3.9735568571      1.232232e-07      7.004430e-02     -2.390793e-06
[itstep]        43    2.000         2.048e-01     -3.9735569497      2.331163e-08      1.325113e-02     -4.522953e-07
[itstep]        44    2.000         2.048e-01     -3.9735569673      4.411656e-09      2.507736e-03     -8.559554e-08
[update_dt]  (i= 45) Reduced time step from   0.204800 to   0.163840
[update_E0]  (i= 45) Extrapolated energy ground state E0:  -3.985055
[itstep]        45    2.000         1.638e-01     -3.9735569706      8.360373e-10      4.752322e-04     -1.622091e-08
[itstep]        46    2.000         1.638e-01     -3.9792302369      1.427755e-03      1.981408e+03     -3.462687e-02
[itstep]        47    2.000         1.638e-01     -3.9804616857      3.094691e-04      4.294746e+02     -7.516167e-03
[itstep]        48    2.000         1.638e-01     -3.9807697933      7.740499e-05      1.074210e+02     -1.880540e-03
[itstep]        49    2.000         1.638e-01     -3.9808504365      2.025820e-05      2.811391e+01     -4.922073e-04
[itstep]        50    2.000         1.638e-01     -3.9808718123      5.369644e-06      7.451878e+00     -1.304672e-04
[itstep]        51    2.000         1.638e-01     -3.9808774976      1.428166e-06      1.981978e+00     -3.470059e-05
[itstep]        52    2.000         1.638e-01     -3.9808790111      3.801979e-07      5.276305e-01     -9.237800e-06
[itstep]        53    2.000         1.638e-01     -3.9808794141      1.012389e-07      1.404972e-01     -2.459838e-06
[itstep]        54    2.000         1.638e-01     -3.9808795215      2.695973e-08      3.741413e-02     -6.550501e-07
[itstep]        55    2.000         1.638e-01     -3.9808795500      7.179546e-09      9.963622e-03     -1.744440e-07
[itstep]        56    2.000         1.638e-01     -3.9808795577      1.912050e-09      2.653503e-03     -4.645778e-08
[update_dt]  (i= 57) Reduced time step from   0.163840 to   0.131072
[update_E0]  (i= 57) Extrapolated energy ground state E0:  -3.985960
[itstep]        57    2.000         1.311e-01     -3.9808795597      5.092842e-10      7.067738e-04     -1.237426e-08
[itstep]        58    2.000         1.311e-01     -3.9830821173      5.532842e-04      1.874600e+03     -1.680418e-02
[itstep]        59    2.000         1.311e-01     -3.9837159024      1.591193e-04      5.391171e+02     -4.835397e-03
[itstep]        60    2.000         1.311e-01     -3.9839205543      5.137210e-05      1.740554e+02     -1.561370e-03
[itstep]        61    2.000         1.311e-01     -3.9839899202      1.741146e-05      5.899234e+01     -5.292198e-04
[itstep]        62    2.000         1.311e-01     -3.9840138624      6.009594e-06      2.036130e+01     -1.826642e-04
[itstep]        63    2.000         1.311e-01     -3.9840221800      2.087766e-06      7.073627e+00     -6.345893e-05
[itstep]        64    2.000         1.311e-01     -3.9840250763      7.269643e-07      2.463051e+00     -2.209657e-05
[itstep]        65    2.000         1.311e-01     -3.9840260856      2.533333e-07      8.583265e-01     -7.700242e-06
[itstep]        66    2.000         1.311e-01     -3.9840264374      8.830652e-08      2.991941e-01     -2.684139e-06
[itstep]        67    2.000         1.311e-01     -3.9840265600      3.078476e-08      1.043028e-01     -9.357247e-07
[itstep]        68    2.000         1.311e-01     -3.9840266028      1.073233e-08      3.636254e-02     -3.262167e-07
[itstep]        69    2.000         1.311e-01     -3.9840266177      3.741605e-09      1.267705e-02     -1.137287e-07
[itstep]        70    2.000         1.311e-01     -3.9840266229      1.304445e-09      4.419632e-03     -3.964953e-08
[itstep]        71    2.000         1.311e-01     -3.9840266247      4.547773e-10      1.540845e-03     -1.382328e-08
[update_dt]  (i= 72) Reduced time step from   0.131072 to   0.104858
[update_E0]  (i= 72) Extrapolated energy ground state E0:  -3.986210
[itstep]        72    2.000         1.049e-01     -3.9840266253      1.585554e-10      5.372066e-04     -4.819404e-09
[itstep]        73    2.000         1.049e-01     -3.9848525397      2.073064e-04      1.714799e+03     -7.876533e-03
[itstep]        74    2.000         1.049e-01     -3.9851516689      7.506657e-05      6.209361e+02     -2.852719e-03
[itstep]        75    2.000         1.049e-01     -3.9852700804      2.971317e-05      2.457816e+02     -1.129260e-03
[itstep]        76    2.000         1.049e-01     -3.9853191891      1.232254e-05      1.019297e+02     -4.683366e-04
[itstep]        77    2.000         1.049e-01     -3.9853400094      5.224271e-06      4.321416e+01     -1.985587e-04
[itstep]        78    2.000         1.049e-01     -3.9853489245      2.236950e-06      1.850362e+01     -8.502013e-05
[itstep]        79    2.000         1.049e-01     -3.9853527584      9.620076e-07      7.957541e+00     -3.656326e-05
[itstep]        80    2.000         1.049e-01     -3.9853544103      4.144989e-07      3.428655e+00     -1.575398e-05
[itstep]        81    2.000         1.049e-01     -3.9853551227      1.787411e-07      1.478512e+00     -6.793469e-06
[itstep]        82    2.000         1.049e-01     -3.9853554300      7.710447e-08      6.377933e-01     -2.930534e-06
[itstep]        83    2.000         1.049e-01     -3.9853555625      3.326604e-08      2.751702e-01     -1.264353e-06
[itstep]        84    2.000         1.049e-01     -3.9853556197      1.435328e-08      1.187276e-01     -5.455298e-07
[itstep]        85    2.000         1.049e-01     -3.9853556444      6.193184e-09      5.122881e-02     -2.353863e-07
[itstep]        86    2.000         1.049e-01     -3.9853556551      2.672280e-09      2.210458e-02     -1.015662e-07
[itstep]        87    2.000         1.049e-01     -3.9853556597      1.153062e-09      9.537904e-03     -4.382478e-08
[itstep]        88    2.000         1.049e-01     -3.9853556616      4.975357e-10      4.115518e-03     -1.890999e-08
[itstep]        89    2.000         1.049e-01     -3.9853556625      2.146831e-10      1.775817e-03     -8.159528e-09
[update_dt]  (i= 90) Reduced time step from   0.104858 to   0.083886
[update_E0]  (i= 90) Extrapolated energy ground state E0:  -3.986278
[itstep]        90    2.000         8.389e-02     -3.9853556629      9.263320e-11      7.662439e-04     -3.520739e-09

[info]       steps       dt                E0                 E
[output]        91    0.084     -3.9862777052     -3.9853556629
