[conf]                N               3
[conf]                J            4.000
[conf]             beta           1.000
[conf]              dt0       4.000e-01
[conf]        eps_trunc       1.000e-04
[conf]           eps_dt       9.000e-02
[conf]          eps_tol       1.000e-03
[conf]             Dmax              10
[conf]           dt_red           0.800
[conf]         phys_gap       1.000e-03
[info]           i      MBD                dt                 E           rel_err           exp_err             slope
[itstep]         0    2.000         4.000e-01     -7.9071682099      1.000000e+00      1.000000e-03     -8.284886e+00
[itstep]         1    2.000         4.000e-01     -7.9235609517      2.073149e-03      8.098240e+01     -4.098185e-02
[itstep]         2    2.000         4.000e-01     -7.9214255689     -2.694979e-04      1.052726e+01      5.338457e-03
[itstep]         3    2.000         4.000e-01     -7.9191979984     -2.812083e-04      1.098470e+01      5.568926e-03
[itstep]         4    2.000         4.000e-01     -7.9173327165     -2.355393e-04      9.200752e+00      4.663205e-03
[itstep]         5    2.000         4.000e-01     -7.9158042670     -1.930511e-04      7.541057e+00      3.821124e-03
[itstep]         6    2.000         4.000e-01     -7.9145655125     -1.564913e-04      6.112941e+00      3.096886e-03
[itstep]         7    2.000         4.000e-01     -7.9135701284     -1.257661e-04      4.912739e+00      2.488460e-03
[itstep]         8    2.000         4.000e-01     -7.9127757918     -1.003765e-04      3.920958e+00      1.985842e-03
[itstep]         9    2.000         4.000e-01     -7.9121453720     -7.967113e-05      3.112153e+00      1.576049e-03
[itstep]        10    2.000         4.000e-01     -7.9116472241     -6.295990e-05      2.459371e+00      1.245370e-03
[itstep]        11    2.000         4.000e-01     -7.9112549522     -4.958157e-05      1.936780e+00      9.806798e-04
[itstep]        12    2.000         4.000e-01     -7.9109468925     -3.893942e-05      1.521071e+00      7.701493e-04
[itstep]        13    2.000         4.000e-01     -7.9107054828     -3.051590e-05      1.192027e+00      6.035242e-04
[itstep]        14    2.000         4.000e-01     -7.9105166197     -2.387437e-05      9.325926e-01      4.721578e-04
[itstep]        15    2.000         4.000e-01     -7.9103690591     -1.865373e-05      7.286613e-01      3.689016e-04
[itstep]        16    2.000         4.000e-01     -7.9102538865     -1.455970e-05      5.687382e-01      2.879315e-04
[itstep]        17    2.000         4.000e-01     -7.9101640649     -1.135508e-05      4.435578e-01      2.245539e-04
[itstep]        18    2.000         4.000e-01     -7.9100940580     -8.850255e-06      3.457131e-01      1.750174e-04
[itstep]        19    2.000         4.000e-01     -7.9100395210     -6.894604e-06      2.693205e-01      1.363424e-04
[itstep]        20    2.000         4.000e-01     -7.9099970516     -5.369051e-06      2.097286e-01      1.061735e-04
[itstep]        21    2.000         4.000e-01     -7.9099639893     -4.179815e-06      1.632740e-01      8.265582e-05
[itstep]        22    2.000         4.000e-01     -7.9099382562     -3.253242e-06      1.270798e-01      6.433258e-05
[itstep]        23    2.000         4.000e-01     -7.9099182313     -2.531616e-06      9.889124e-02      5.006231e-05
[itstep]        24    2.000         4.000e-01     -7.9099026505     -1.969783e-06      7.694466e-02      3.895206e-05
[itstep]        25    2.000         4.000e-01     -7.9098905288     -1.532470e-06      5.986209e-02      3.030421e-05
[itstep]        26    2.000         4.000e-01     -7.9098810991     -1.192144e-06      4.656811e-02      2.357431e-05
[itstep]        27    2.000         4.000e-01     -7.9098737640     -9.273350e-07      3.622402e-02      1.833777e-05
[itstep]        28    2.000         4.000e-01     -7.9098680585     -7.213110e-07      2.817621e-02      1.426370e-05
[itstep]        29    2.000         4.000e-01     -7.9098636208     -5.610365e-07      2.191549e-02      1.109431e-05
[itstep]        30    2.000         4.000e-01     -7.9098601692     -4.363613e-07      1.704536e-02      8.628897e-06
[itstep]        31    2.000         4.000e-01     -7.9098574847     -3.393837e-07      1.325717e-02      6.711193e-06
[itstep]        32    2.000         4.000e-01     -7.9098553969     -2.639535e-07      1.031068e-02      5.219587e-06
[itstep]        33    2.000         4.000e-01     -7.9098537731     -2.052852e-07      8.018954e-03      4.059441e-06
[itstep]        34    2.000         4.000e-01     -7.9098525103     -1.596552e-07      6.236530e-03      3.157123e-06
[itstep]        35    2.000         4.000e-01     -7.9098515281     -1.241665e-07      4.850254e-03      2.455347e-06
[itstep]        36    2.000         4.000e-01     -7.9098507643     -9.656571e-08      3.772098e-03      1.909551e-06
[itstep]        37    2.000         4.000e-01     -7.9098501703     -7.509985e-08      2.933588e-03      1.485072e-06
[itstep]        38    2.000         4.000e-01     -7.9098497083     -5.840546e-08      2.281463e-03      1.154946e-06
[itstep]        39    2.000         4.000e-01     -7.9098493490     -4.542202e-08      1.774298e-03      8.982033e-07
[itstep]        40    2.000         4.000e-01     -7.9098490696     -3.532468e-08      1.379870e-03      6.985323e-07
[itstep]        41    2.000         4.000e-01     -7.9098488523     -2.747194e-08      1.073123e-03      5.432472e-07
[update_dt]  (i= 42) Reduced time step from   0.400000 to   0.320000
[update_E0]  (i= 42) Extrapolated energy ground state E0: -10.210820
[itstep]        42    2.000         3.200e-01     -7.9098486833     -2.136484e-08      8.345642e-04      4.224817e-07
[itstep]        43    2.000         3.200e-01     -8.1285026124      2.764325e-02      2.636266e+03     -6.832935e-01
[itstep]        44    2.000         3.200e-01     -8.1357957650      8.972320e-04      8.556671e+01     -2.279110e-02
[itstep]        45    2.000         3.200e-01     -8.1363386866      6.673245e-05      6.364103e+00     -1.696630e-03
[itstep]        46    2.000         3.200e-01     -8.1363819834      5.321404e-06      5.074886e-01     -1.353023e-04
[itstep]        47    2.000         3.200e-01     -8.1363854678      4.282547e-07      4.084156e-02     -1.088889e-05
[itstep]        48    2.000         3.200e-01     -8.1363857628      3.626172e-08      3.458187e-03     -9.219978e-07
[update_dt]  (i= 49) Reduced time step from   0.320000 to   0.256000
[update_E0]  (i= 49) Extrapolated energy ground state E0:  -8.293550
[itstep]        49    2.000         2.560e-01     -8.1363858002      4.591911e-09      4.379188e-04     -1.167549e-07
[itstep]        50    2.000         2.560e-01     -8.2509891724      1.408529e-02      3.279488e+03     -4.476694e-01
[itstep]        51    2.000         2.560e-01     -8.2569628923      7.240005e-04      1.685695e+02     -2.333484e-02
[itstep]        52    2.000         2.560e-01     -8.2576683644      8.543966e-05      1.989297e+01     -2.755750e-03
[itstep]        53    2.000         2.560e-01     -8.2577636328      1.153695e-05      2.686157e+00     -3.721420e-04
[itstep]        54    2.000         2.560e-01     -8.2577767052      1.583053e-06      3.685831e-01     -5.106435e-05
[itstep]        55    2.000         2.560e-01     -8.2577785112      2.186964e-07      5.091923e-02     -7.054478e-06
[itstep]        56    2.000         2.560e-01     -8.2577787691      3.122959e-08      7.271205e-03     -1.007371e-06
[itstep]        57    2.000         2.560e-01     -8.2577788134      5.368467e-09      1.249944e-03     -1.731704e-07
[update_dt]  (i= 58) Reduced time step from   0.256000 to   0.204800
[update_E0]  (i= 58) Extrapolated energy ground state E0:  -8.341997
[itstep]        58    2.000         2.048e-01     -8.2577788275      1.712932e-09      3.988231e-04     -5.525396e-08
[itstep]        59    2.000         2.048e-01     -8.3137666400      6.780009e-03      3.853989e+03     -2.733780e-01
[itstep]        60    2.000         2.048e-01     -8.3180219559      5.118397e-04      2.909472e+02     -2.077791e-02
[itstep]        61    2.000         2.048e-01     -8.3187064217      8.228709e-05      4.677479e+01     -3.342118e-03
[itstep]        62    2.000         2.048e-01     -8.3188421551      1.631664e-05      9.274938e+00     -6.627606e-04
[itstep]        63    2.000         2.048e-01     -8.3188701815      3.369027e-06      1.915070e+00     -1.368477e-04
[itstep]        64    2.000         2.048e-01     -8.3188760113      7.007910e-07      3.983536e-01     -2.846577e-05
[itstep]        65    2.000         2.048e-01     -8.3188772283      1.462980e-07      8.316077e-02     -5.942552e-06
[itstep]        66    2.000         2.048e-01     -8.3188774852      3.088199e-08      1.755438e-02     -1.254411e-06
[itstep]        67    2.000         2.048e-01     -8.3188775420      6.830501e-09      3.882690e-03     -2.774517e-07
[itstep]        68    2.000         2.048e-01     -8.3188775570      1.797426e-09      1.021718e-03     -7.301056e-08
[update_dt]  (i= 69) Reduced time step from   0.204800 to   0.163840
[update_E0]  (i= 69) Extrapolated energy ground state E0:  -8.361266
[itstep]        69    2.000         1.638e-01     -8.3188775630      7.248021e-10      4.120023e-04     -2.944111e-08
[itstep]        70    2.000         1.638e-01     -8.3445520390      3.086291e-03      4.283089e+03     -1.567046e-01
[itstep]        71    2.000         1.638e-01     -8.3473064875      3.300894e-04      4.580911e+02     -1.681182e-02
[itstep]        72    2.000         1.638e-01     -8.3478559619      6.582655e-05      9.135269e+01     -3.353726e-03
[itstep]        73    2.000         1.638e-01     -8.3479981165      1.702887e-05      2.363231e+01     -8.676426e-04
[itstep]        74    2.000         1.638e-01     -8.3480379501      4.771632e-06      6.621970e+00     -2.431249e-04
[itstep]        75    2.000         1.638e-01     -8.3480493410      1.364503e-06      1.893629e+00     -6.952469e-05
[itstep]        76    2.000         1.638e-01     -8.3480526153      3.922196e-07      5.443140e-01     -1.998455e-05
[itstep]        77    2.000         1.638e-01     -8.3480535585      1.129866e-07      1.568004e-01     -5.756945e-06
[itstep]        78    2.000         1.638e-01     -8.3480538312      3.266499e-08      4.533178e-02     -1.664362e-06
[itstep]        79    2.000         1.638e-01     -8.3480539109      9.546737e-09      1.324876e-02     -4.864299e-07
[itstep]        80    2.000         1.638e-01     -8.3480539350      2.887305e-09      4.006941e-03     -1.471153e-07
[itstep]        81    2.000         1.638e-01     -8.3480539430      9.642806e-10      1.338208e-03     -4.913249e-08
[update_dt]  (i= 82) Reduced time step from   0.163840 to   0.131072
[update_E0]  (i= 82) Extrapolated energy ground state E0:  -8.368296
[itstep]        82    2.000         1.311e-01     -8.3480539464      4.045254e-10      5.613918e-04     -2.061157e-08
[itstep]        83    2.000         1.311e-01     -8.3591750021      1.332173e-03      4.513579e+03     -8.484692e-02
[itstep]        84    2.000         1.311e-01     -8.3608186145      1.966238e-04      6.661872e+02     -1.253977e-02
[itstep]        85    2.000         1.311e-01     -8.3612096009      4.676413e-05      1.584430e+02     -2.982989e-03
[itstep]        86    2.000         1.311e-01     -8.3613303548      1.444216e-05      4.893196e+01     -9.212797e-04
[itstep]        87    2.000         1.311e-01     -8.3613723653      5.024381e-06      1.702326e+01     -3.205147e-04
[itstep]        88    2.000         1.311e-01     -8.3613876307      1.825699e-06      6.185708e+00     -1.164654e-04
[itstep]        89    2.000         1.311e-01     -8.3613932583      6.730432e-07      2.280359e+00     -4.293499e-05
[itstep]        90    2.000         1.311e-01     -8.3613953428      2.493008e-07      8.446640e-01     -1.590349e-05
[itstep]        91    2.000         1.311e-01     -8.3613961163      9.251628e-08      3.134574e-01     -5.901834e-06
[itstep]        92    2.000         1.311e-01     -8.3613964038      3.438546e-08      1.165025e-01     -2.193531e-06
[itstep]        93    2.000         1.311e-01     -8.3613965110      1.281691e-08      4.342538e-02     -8.176213e-07
[itstep]        94    2.000         1.311e-01     -8.3613965512      4.811294e-09      1.630130e-02     -3.069240e-07
[itstep]        95    2.000         1.311e-01     -8.3613965666      1.838444e-09      6.228889e-03     -1.172787e-07
[itstep]        96    2.000         1.311e-01     -8.3613965727      7.333085e-10      2.484546e-03     -4.677950e-08
[itstep]        97    2.000         1.311e-01     -8.3613965754      3.213681e-10      1.088837e-03     -2.050084e-08
[update_dt]  (i= 98) Reduced time step from   0.131072 to   0.104858
[update_E0]  (i= 98) Extrapolated energy ground state E0:  -8.370653
[itstep]        98    2.000         1.049e-01     -8.3613965768      1.667442e-10      5.649514e-04     -1.063701e-08
[itstep]        99    2.000         1.049e-01     -8.3659805713      5.482331e-04      4.534878e+03     -4.371638e-02
[itstep]       100    2.000         1.049e-01     -8.3668877328      1.084346e-04      8.969497e+02     -8.651366e-03
[itstep]       101    2.000         1.049e-01     -8.3671427981      3.048509e-05      2.521668e+02     -2.432493e-03
[itstep]       102    2.000         1.049e-01     -8.3672323170      1.069886e-05      8.849889e+01     -8.537186e-04
[itstep]       103    2.000         1.049e-01     -8.3672683188      4.302708e-06      3.559117e+01     -3.433395e-04
[itstep]       104    2.000         1.049e-01     -8.3672838314      1.853966e-06      1.533565e+01     -1.479400e-04
[itstep]       105    2.000         1.049e-01     -8.3672907227      8.236054e-07      6.812704e+00     -6.572094e-05
[itstep]       106    2.000         1.049e-01     -8.3672938232      3.705470e-07      3.065093e+00     -2.956843e-05
[itstep]       107    2.000         1.049e-01     -8.3672952254      1.675786e-07      1.386178e+00     -1.337223e-05
[itstep]       108    2.000         1.049e-01     -8.3672958609      7.595485e-08      6.282838e-01     -6.060950e-06
[itstep]       109    2.000         1.049e-01     -8.3672961493      3.446711e-08      2.851052e-01     -2.750363e-06
[itstep]       110    2.000         1.049e-01     -8.3672962803      1.565786e-08      1.295188e-01     -1.249446e-06
[itstep]       111    2.000         1.049e-01     -8.3672963400      7.125803e-09      5.894326e-02     -5.686160e-07
[itstep]       112    2.000         1.049e-01     -8.3672963672      3.254497e-09      2.692057e-02     -2.596983e-07
[itstep]       113    2.000         1.049e-01     -8.3672963797      1.497492e-09      1.238696e-02     -1.194950e-07
[itstep]       114    2.000         1.049e-01     -8.3672963856      6.997430e-10      5.788139e-03     -5.583723e-08
[itstep]       115    2.000         1.049e-01     -8.3672963884      3.372373e-10      2.789561e-03     -2.691044e-08
[itstep]       116    2.000         1.049e-01     -8.3672963898      1.722290e-10      1.424645e-03     -1.374331e-08
[update_dt]  (i=117) Reduced time step from   0.104858 to   0.083886
[update_E0]  (i=117) Extrapolated energy ground state E0:  -8.371389
[itstep]       117    2.000         8.389e-02     -8.3672963906      9.683848e-11      8.010292e-04     -7.727397e-09

[info]       steps       dt                E0                 E
[output]       118    0.084     -8.3713894864     -8.3672963906
