[conf]                N               2
[conf]                J            2.897
[conf]             beta           1.000
[conf]              dt0       4.000e-01
[conf]        eps_trunc       1.000e-04
[conf]           eps_dt       9.000e-02
[conf]          eps_tol       1.000e-03
[conf]             Dmax              10
[conf]           dt_red           0.800
[conf]         phys_gap       1.000e-03
[info]           i      MBD                dt                 E           rel_err           exp_err             slope
[itstep]         0    2.000         4.000e-01     -2.9780516771      1.000000e+00      1.000000e-03     -4.718306e+00
[itstep]         1    2.000         4.000e-01     -3.0859307217      3.622471e-02      1.415028e+03     -2.696976e-01
[itstep]         2    2.000         4.000e-01     -3.1759357060      2.916624e-02      1.139306e+03     -2.250125e-01
[itstep]         3    2.000         4.000e-01     -3.2619139899      2.707180e-02      1.057492e+03     -2.149457e-01
[itstep]         4    2.000         4.000e-01     -3.3299388285      2.085427e-02      8.146200e+02     -1.700621e-01
[itstep]         5    2.000         4.000e-01     -3.3755082266      1.368476e-02      5.345608e+02     -1.139235e-01
[itstep]         6    2.000         4.000e-01     -3.4027087377      8.058197e-03      3.147733e+02     -6.800128e-02
[itstep]         7    2.000         4.000e-01     -3.4178394000      4.446652e-03      1.736974e+02     -3.782666e-02
[itstep]         8    2.000         4.000e-01     -3.4259273139      2.366382e-03      9.243680e+01     -2.021978e-02
[itstep]         9    2.000         4.000e-01     -3.4301586791      1.235101e-03      4.824612e+01     -1.057841e-02
[itstep]        10    2.000         4.000e-01     -3.4323475285      6.381190e-04      2.492652e+01     -5.472124e-03
[itstep]        11    2.000         4.000e-01     -3.4334731831      3.279547e-04      1.281073e+01     -2.814136e-03
[itstep]        12    2.000         4.000e-01     -3.4340503257      1.680929e-04      6.566131e+00     -1.442857e-03
[itstep]        13    2.000         4.000e-01     -3.4343457787      8.603629e-05      3.360793e+00     -7.386324e-04
[itstep]        14    2.000         4.000e-01     -3.4344969081      4.400530e-05      1.718957e+00     -3.778235e-04
[itstep]        15    2.000         4.000e-01     -3.4345741821      2.249937e-05      8.788814e-01     -1.931850e-04
[itstep]        16    2.000         4.000e-01     -3.4346136848      1.150151e-05      4.492776e-01     -9.875694e-05
[itstep]        17    2.000         4.000e-01     -3.4346338767      5.878925e-06      2.296455e-01     -5.047959e-05
[itstep]        18    2.000         4.000e-01     -3.4346441972      3.004830e-06      1.173762e-01     -2.580123e-05
[itstep]        19    2.000         4.000e-01     -3.4346494721      1.535788e-06      5.999171e-02     -1.318721e-05
[itstep]        20    2.000         4.000e-01     -3.4346521681      7.849409e-07      3.066175e-02     -6.739992e-06
[itstep]        21    2.000         4.000e-01     -3.4346535460      4.011805e-07      1.567111e-02     -3.444789e-06
[itstep]        22    2.000         4.000e-01     -3.4346542502      2.050413e-07      8.009426e-03     -1.760615e-06
[itstep]        23    2.000         4.000e-01     -3.4346546102      1.047954e-07      4.093569e-03     -8.998396e-07
[itstep]        24    2.000         4.000e-01     -3.4346547941      5.356023e-08      2.092197e-03     -4.599022e-07
[itstep]        25    2.000         4.000e-01     -3.4346548881      2.737427e-08      1.069308e-03     -2.350530e-07
[update_dt]  (i= 26) Reduced time step from   0.400000 to   0.320000
[update_E0]  (i= 26) Extrapolated energy ground state E0:  -5.060793
[itstep]        26    2.000         3.200e-01     -3.4346549362      1.399081e-08      5.465158e-04     -1.201340e-07
[itstep]        27    2.000         3.200e-01     -3.4769877647      1.232521e-02      1.175423e+03     -1.322901e-01
[itstep]        28    2.000         3.200e-01     -3.4802922978      9.504011e-04      9.063732e+01     -1.032667e-02
[itstep]        29    2.000         3.200e-01     -3.4806017055      8.890279e-05      8.478431e+00     -9.668991e-04
[itstep]        30    2.000         3.200e-01     -3.4806312614      8.491624e-06      8.098244e-01     -9.236238e-05
[itstep]        31    2.000         3.200e-01     -3.4806340923      8.133228e-07      7.756450e-02     -8.846490e-06
[itstep]        32    2.000         3.200e-01     -3.4806343648      7.828418e-08      7.465761e-03     -8.514956e-07
[update_dt]  (i= 33) Reduced time step from   0.320000 to   0.256000
[update_E0]  (i= 33) Extrapolated energy ground state E0:  -3.512533
[itstep]        33    2.000         2.560e-01     -3.4806343918      7.760807e-09      7.401283e-04     -8.441417e-08
[itstep]        34    2.000         2.560e-01     -3.4997189603      5.483072e-03      1.276627e+03     -7.454910e-02
[itstep]        35    2.000         2.560e-01     -3.5021456870      6.934062e-04      1.614462e+02     -9.479401e-03
[itstep]        36    2.000         2.560e-01     -3.5025124626      1.047288e-04      2.438408e+01     -1.432717e-03
[itstep]        37    2.000         2.560e-01     -3.5025696726      1.633399e-05      3.803054e+00     -2.234766e-04
[itstep]        38    2.000         2.560e-01     -3.5025786417      2.560738e-06      5.962184e-01     -3.503580e-05
[itstep]        39    2.000         2.560e-01     -3.5025800491      4.017979e-07      9.355087e-02     -5.497378e-06
[itstep]        40    2.000         2.560e-01     -3.5025802699      6.306335e-08      1.468308e-02     -8.628299e-07
[itstep]        41    2.000         2.560e-01     -3.5025803046      9.905346e-09      2.306268e-03     -1.355245e-07
[update_dt]  (i= 42) Reduced time step from   0.256000 to   0.204800
[update_E0]  (i= 42) Extrapolated energy ground state E0:  -3.517806
[itstep]        42    2.000         2.048e-01     -3.5025803101      1.560794e-09      3.634007e-04     -2.135471e-08
[itstep]        43    2.000         2.048e-01     -3.5105653504      2.279759e-03      1.295893e+03     -3.898945e-02
[itstep]        44    2.000         2.048e-01     -3.5120599832      4.257528e-04      2.420124e+02     -7.298012e-03
[itstep]        45    2.000         2.048e-01     -3.5123860083      9.283017e-05      5.276784e+01     -1.591920e-03
[itstep]        46    2.000         2.048e-01     -3.5124601532      2.110955e-05      1.199939e+01     -3.620355e-04
[itstep]        47    2.000         2.048e-01     -3.5124771852      4.849021e-06      2.756349e+00     -8.316403e-05
[itstep]        48    2.000         2.048e-01     -3.5124811068      1.116477e-06      6.346437e-01     -1.914844e-05
[itstep]        49    2.000         2.048e-01     -3.5124820102      2.572064e-07      1.462049e-01     -4.411293e-06
[itstep]        50    2.000         2.048e-01     -3.5124822184      5.926121e-08      3.368610e-02     -1.016377e-06
[itstep]        51    2.000         2.048e-01     -3.5124822664      1.365461e-08      7.761744e-03     -2.341873e-07
[itstep]        52    2.000         2.048e-01     -3.5124822774      3.146408e-09      1.788526e-03     -5.396340e-08
[update_dt]  (i= 53) Reduced time step from   0.204800 to   0.163840
[update_E0]  (i= 53) Extrapolated energy ground state E0:  -3.519352
[itstep]        53    2.000         1.638e-01     -3.5124822800      7.251572e-10      4.122041e-04     -1.243702e-08
[itstep]        54    2.000         1.638e-01     -3.5156473315      9.010868e-04      1.250509e+03     -1.931794e-02
[itstep]        55    2.000         1.638e-01     -3.5164556260      2.299134e-04      3.190690e+02     -4.933438e-03
[itstep]        56    2.000         1.638e-01     -3.5166900848      6.667477e-05      9.252982e+01     -1.431023e-03
[itstep]        57    2.000         1.638e-01     -3.5167614081      2.028135e-05      2.814603e+01     -4.353225e-04
[itstep]        58    2.000         1.638e-01     -3.5167834497      6.267582e-06      8.698017e+00     -1.345312e-04
[itstep]        59    2.000         1.638e-01     -3.5167902956      1.946632e-06      2.701495e+00     -4.178395e-05
[itstep]        60    2.000         1.638e-01     -3.5167924252      6.055512e-07      8.403711e-01     -1.299803e-05
[itstep]        61    2.000         1.638e-01     -3.5167930879      1.884651e-07      2.615479e-01     -4.045365e-06
[itstep]        62    2.000         1.638e-01     -3.5167932943      5.866479e-08      8.141374e-02     -1.259228e-06
[itstep]        63    2.000         1.638e-01     -3.5167933585      1.826186e-08      2.534342e-02     -3.919871e-07
[itstep]        64    2.000         1.638e-01     -3.5167933785      5.684855e-09      7.889321e-03     -1.220243e-07
[itstep]        65    2.000         1.638e-01     -3.5167933847      1.769690e-09      2.455938e-03     -3.798604e-08
[update_dt]  (i= 66) Reduced time step from   0.163840 to   0.131072
[update_E0]  (i= 66) Extrapolated energy ground state E0:  -3.519784
[itstep]        66    2.000         1.311e-01     -3.5167933866      5.509075e-10      7.645378e-04     -1.182512e-08
[itstep]        67    2.000         1.311e-01     -3.5179985656      3.426926e-04      1.161088e+03     -9.194786e-03
[itstep]        68    2.000         1.311e-01     -3.5183946808      1.125967e-04      3.814925e+02     -3.022119e-03
[itstep]        69    2.000         1.311e-01     -3.5185386205      4.091063e-05      1.386106e+02     -1.098173e-03
[itstep]        70    2.000         1.311e-01     -3.5185934967      1.559632e-05      5.284237e+01     -4.186725e-04
[itstep]        71    2.000         1.311e-01     -3.5186148531      6.069558e-06      2.056446e+01     -1.629357e-04
[itstep]        72    2.000         1.311e-01     -3.5186232345      2.382024e-06      8.070611e+00     -6.394520e-05
[itstep]        73    2.000         1.311e-01     -3.5186265349      9.379874e-07      3.178025e+00     -2.518024e-05
[itstep]        74    2.000         1.311e-01     -3.5186278363      3.698519e-07      1.253107e+00     -9.928672e-06
[itstep]        75    2.000         1.311e-01     -3.5186283497      1.459111e-07      4.943659e-01     -3.916982e-06
[itstep]        76    2.000         1.311e-01     -3.5186285523      5.757569e-08      1.950740e-01     -1.545620e-06
[itstep]        77    2.000         1.311e-01     -3.5186286322      2.272091e-08      7.698145e-02     -6.099431e-07
[itstep]        78    2.000         1.311e-01     -3.5186286638      8.966577e-09      3.037995e-02     -2.407078e-07
[itstep]        79    2.000         1.311e-01     -3.5186286762      3.538613e-09      1.198929e-02     -9.499409e-08
[itstep]        80    2.000         1.311e-01     -3.5186286811      1.396503e-09      4.731538e-03     -3.748914e-08
[itstep]        81    2.000         1.311e-01     -3.5186286831      5.511273e-10      1.867292e-03     -1.479502e-08
[update_dt]  (i= 82) Reduced time step from   0.131072 to   0.104858
[update_E0]  (i= 82) Extrapolated energy ground state E0:  -3.519902
[itstep]        82    2.000         1.049e-01     -3.5186286838      2.175005e-10      7.369202e-04     -5.838801e-09
[itstep]        83    2.000         1.049e-01     -3.5190737622      1.264920e-04      1.046317e+03     -4.244598e-03
[itstep]        84    2.000         1.049e-01     -3.5192535636      5.109337e-05      4.226344e+02     -1.714719e-03
[itstep]        85    2.000         1.049e-01     -3.5193318972      2.225860e-05      1.841188e+02     -7.470481e-04
[itstep]        86    2.000         1.049e-01     -3.5193675486      1.013016e-05      8.379473e+01     -3.399982e-04
[itstep]        87    2.000         1.049e-01     -3.5193841523      4.717787e-06      3.902462e+01     -1.583445e-04
[itstep]        88    2.000         1.049e-01     -3.5193919746      2.222650e-06      1.838533e+01     -7.459983e-05
[itstep]        89    2.000         1.049e-01     -3.5193956807      1.053051e-06      8.710637e+00     -3.534413e-05
[itstep]        90    2.000         1.049e-01     -3.5193974414      5.002727e-07      4.138158e+00     -1.679094e-05
[itstep]        91    2.000         1.049e-01     -3.5193982789      2.379735e-07      1.968470e+00     -7.987243e-06
[itstep]        92    2.000         1.049e-01     -3.5193986775      1.132713e-07      9.369582e-01     -3.801792e-06
[itstep]        93    2.000         1.049e-01     -3.5193988673      5.393116e-08      4.461081e-01     -1.810124e-06
[itstep]        94    2.000         1.049e-01     -3.5193989577      2.568154e-08      2.124327e-01     -8.619649e-07
[itstep]        95    2.000         1.049e-01     -3.5193990008      1.223014e-08      1.011653e-01     -4.104875e-07
[itstep]        96    2.000         1.049e-01     -3.5193990213      5.824459e-09      4.817880e-02     -1.954898e-07
[itstep]        97    2.000         1.049e-01     -3.5193990310      2.773873e-09      2.294494e-02     -9.310118e-08
[itstep]        98    2.000         1.049e-01     -3.5193990357      1.321054e-09      1.092750e-02     -4.433932e-08
[itstep]        99    2.000         1.049e-01     -3.5193990379      6.291535e-10      5.204236e-03     -2.111666e-08
[itstep]       100    2.000         1.049e-01     -3.5193990390      2.996340e-10      2.478514e-03     -1.005680e-08
[itstep]       101    2.000         1.049e-01     -3.5193990395      1.427015e-10      1.180399e-03     -4.789577e-09
[update_dt]  (i=102) Reduced time step from   0.104858 to   0.083886
[update_E0]  (i=102) Extrapolated energy ground state E0:  -3.519933
[itstep]       102    2.000         8.389e-02     -3.5193990397      6.796242e-11      5.621720e-04     -2.281064e-09

[info]       steps       dt                E0                 E
[output]       103    0.084     -3.5199334871     -3.5193990397
