[conf]                N               3
[conf]                J            0.138
[conf]             beta           1.000
[conf]              dt0       4.000e-01
[conf]        eps_trunc       1.000e-04
[conf]           eps_dt       9.000e-02
[conf]          eps_tol       1.000e-03
[conf]             Dmax              10
[conf]           dt_red           0.800
[conf]         phys_gap       1.000e-03
[info]           i      MBD                dt                 E           rel_err           exp_err             slope
[itstep]         0    2.000         4.000e-01     -1.9292345752      1.000000e+00      1.000000e-03     -5.440486e+00
[itstep]         1    2.000         4.000e-01     -2.7739528717      4.378515e-01      1.710358e+04     -2.111796e+00
[itstep]         2    2.000         4.000e-01     -2.9621142746      6.783151e-02      2.649668e+03     -4.704035e-01
[itstep]         3    2.000         4.000e-01     -2.9998788923      1.274921e-02      4.980160e+02     -9.441154e-02
[itstep]         4    2.000         4.000e-01     -3.0074651919      2.528869e-03      9.878393e+01     -1.896575e-02
[itstep]         5    2.000         4.000e-01     -3.0090111037      5.140248e-04      2.007909e+01     -3.864779e-03
[itstep]         6    2.000         4.000e-01     -3.0093310251      1.063211e-04      4.153169e+00     -7.998036e-04
[itstep]         7    2.000         4.000e-01     -3.0093982290      2.233185e-05      8.723380e-01     -1.680099e-04
[itstep]         8    2.000         4.000e-01     -3.0094125461      4.757453e-06      1.858380e-01     -3.579268e-05
[itstep]         9    2.000         4.000e-01     -3.0094156360      1.026743e-06      4.010717e-02     -7.724737e-06
[itstep]        10    2.000         4.000e-01     -3.0094163107      2.242064e-07      8.758062e-03     -1.686826e-06
[itstep]        11    2.000         4.000e-01     -3.0094164596      4.947399e-08      1.932578e-03     -3.722196e-07
[update_dt]  (i= 12) Reduced time step from   0.400000 to   0.320000
[update_E0]  (i= 12) Extrapolated energy ground state E0:  -5.268583
[itstep]        12    2.000         3.200e-01     -3.0094164928      1.101795e-08      4.303886e-04     -8.289399e-08
[itstep]        13    2.000         3.200e-01     -3.0094583234      1.389993e-05      1.325600e+00     -1.307208e-04
[itstep]        14    2.000         3.200e-01     -3.0094677152      3.120743e-06      2.976172e-01     -2.934920e-05
[itstep]        15    2.000         3.200e-01     -3.0094701425      8.065780e-07      7.692127e-02     -7.585533e-06
[itstep]        16    2.000         3.200e-01     -3.0094708010      2.187870e-07      2.086516e-02     -2.057603e-06
[itstep]        17    2.000         3.200e-01     -3.0094709826      6.035431e-08      5.755835e-03     -5.676079e-07
[itstep]        18    2.000         3.200e-01     -3.0094710331      1.677539e-08      1.599826e-03     -1.577658e-07
[update_dt]  (i= 19) Reduced time step from   0.320000 to   0.256000
[update_E0]  (i= 19) Extrapolated energy ground state E0:  -3.009509
[itstep]        19    2.000         2.560e-01     -3.0094710472      4.685445e-09      4.468389e-04     -4.406473e-08
[itstep]        20    2.000         2.560e-01     -3.0094875794      5.493380e-06      1.279027e+00     -6.457878e-05
[itstep]        21    2.000         2.560e-01     -3.0094924395      1.614947e-06      3.760090e-01     -1.898501e-05
[itstep]        22    2.000         2.560e-01     -3.0094940414      5.322658e-07      1.239278e-01     -6.257226e-06
[itstep]        23    2.000         2.560e-01     -3.0094945964      1.844290e-07      4.294072e-02     -2.168117e-06
[itstep]        24    2.000         2.560e-01     -3.0094947928      6.523987e-08      1.518984e-02     -7.669493e-07
[itstep]        25    2.000         2.560e-01     -3.0094948629      2.329108e-08      5.422878e-03     -2.738062e-07
[itstep]        26    2.000         2.560e-01     -3.0094948880      8.356140e-09      1.945565e-03     -9.823344e-08
[update_dt]  (i= 27) Reduced time step from   0.256000 to   0.204800
[update_E0]  (i= 27) Extrapolated energy ground state E0:  -3.009511
[itstep]        27    2.000         2.048e-01     -3.0094948971      3.007995e-09      7.003533e-04     -3.536150e-08
[itstep]        28    2.000         2.048e-01     -3.0095011751      2.086095e-06      1.185807e+00     -3.065474e-05
[itstep]        29    2.000         2.048e-01     -3.0095034811      7.662233e-07      4.355475e-01     -1.125952e-05
[itstep]        30    2.000         2.048e-01     -3.0095044063      3.074347e-07      1.747564e-01     -4.517704e-06
[itstep]        31    2.000         2.048e-01     -3.0095047955      1.293198e-07      7.350982e-02     -1.900335e-06
[itstep]        32    2.000         2.048e-01     -3.0095049631      5.568649e-08      3.165410e-02     -8.183044e-07
[itstep]        33    2.000         2.048e-01     -3.0095050361      2.425842e-08      1.378931e-02     -3.564738e-07
[itstep]        34    2.000         2.048e-01     -3.0095050681      1.063198e-08      6.043580e-03     -1.562353e-07
[itstep]        35    2.000         2.048e-01     -3.0095050822      4.676549e-09      2.658311e-03     -6.872119e-08
[itstep]        36    2.000         2.048e-01     -3.0095050884      2.062111e-09      1.172174e-03     -3.030241e-08
[update_dt]  (i= 37) Reduced time step from   0.204800 to   0.163840
[update_E0]  (i= 37) Extrapolated energy ground state E0:  -3.009512
[itstep]        37    2.000         1.638e-01     -3.0095050911      9.110715e-10      5.178842e-04     -1.338806e-08
[itstep]        38    2.000         1.638e-01     -3.0095074019      7.678396e-07      1.065592e+00     -1.410411e-05
[itstep]        39    2.000         1.638e-01     -3.0095084222      3.390228e-07      4.704887e-01     -6.227367e-06
[itstep]        40    2.000         1.638e-01     -3.0095089032      1.598150e-07      2.217878e-01     -2.935575e-06
[itstep]        41    2.000         1.638e-01     -3.0095091394      7.848911e-08      1.089255e-01     -1.441734e-06
[itstep]        42    2.000         1.638e-01     -3.0095092582      3.948022e-08      5.478982e-02     -7.251959e-07
[itstep]        43    2.000         1.638e-01     -3.0095093188      2.012905e-08      2.793467e-02     -3.697422e-07
[itstep]        44    2.000         1.638e-01     -3.0095093499      1.034207e-08      1.435251e-02     -1.899693e-07
[itstep]        45    2.000         1.638e-01     -3.0095093660      5.337813e-09      7.407703e-03     -9.804808e-08
[itstep]        46    2.000         1.638e-01     -3.0095093743      2.762892e-09      3.834283e-03     -5.075043e-08
[itstep]        47    2.000         1.638e-01     -3.0095093786      1.432935e-09      1.988596e-03     -2.632098e-08
[itstep]        48    2.000         1.638e-01     -3.0095093809      7.443018e-10      1.032926e-03     -1.367177e-08
[update_dt]  (i= 49) Reduced time step from   0.163840 to   0.131072
[update_E0]  (i= 49) Extrapolated energy ground state E0:  -3.009512
[itstep]        49    2.000         1.311e-01     -3.0095093820      3.871014e-10      5.372112e-04     -7.110507e-09
[itstep]        50    2.000         1.311e-01     -3.0095102125      2.759550e-07      9.349719e-01     -6.336129e-06
[itstep]        51    2.000         1.311e-01     -3.0095106394      1.418327e-07      4.805479e-01     -3.256584e-06
[itstep]        52    2.000         1.311e-01     -3.0095108693      7.639436e-08      2.588341e-01     -1.754071e-06
[itstep]        53    2.000         1.311e-01     -3.0095109973      4.253391e-08      1.441105e-01     -9.766102e-07
[itstep]        54    2.000         1.311e-01     -3.0095110701      2.420987e-08      8.202622e-02     -5.558766e-07
[itstep]        55    2.000         1.311e-01     -3.0095111122      1.397686e-08      4.735544e-02     -3.209191e-07
[itstep]        56    2.000         1.311e-01     -3.0095111367      8.141928e-09      2.758592e-02     -1.869448e-07
[itstep]        57    2.000         1.311e-01     -3.0095111511      4.770018e-09      1.616145e-02     -1.095232e-07
[itstep]        58    2.000         1.311e-01     -3.0095111595      2.804871e-09      9.503273e-03     -6.440194e-08
[itstep]        59    2.000         1.311e-01     -3.0095111645      1.653395e-09      5.601920e-03     -3.796319e-08
[itstep]        60    2.000         1.311e-01     -3.0095111674      9.763239e-10      3.307914e-03     -2.241713e-08
[itstep]        61    2.000         1.311e-01     -3.0095111692      5.772628e-10      1.955842e-03     -1.325439e-08
[itstep]        62    2.000         1.311e-01     -3.0095111702      3.416668e-10      1.157612e-03     -7.844924e-09
[update_dt]  (i= 63) Reduced time step from   0.131072 to   0.104858
[update_E0]  (i= 63) Extrapolated energy ground state E0:  -3.009512
[itstep]        63    2.000         1.049e-01     -3.0095111708      2.024003e-10      6.857590e-04     -4.647263e-09
[itstep]        64    2.000         1.049e-01     -3.0095114638      9.735069e-08      8.052661e-01     -2.794056e-06
[itstep]        65    2.000         1.049e-01     -3.0095116344      5.670071e-08      4.690173e-01     -1.627364e-06
[itstep]        66    2.000         1.049e-01     -3.0095117371      3.411995e-08      2.822336e-01     -9.792748e-07
[itstep]        67    2.000         1.049e-01     -3.0095118005      2.105758e-08      1.741842e-01     -6.043722e-07
[itstep]        68    2.000         1.049e-01     -3.0095118403      1.324124e-08      1.095289e-01     -3.800360e-07
[itstep]        69    2.000         1.049e-01     -3.0095118657      8.438415e-09      6.980093e-02     -2.421905e-07
[itstep]        70    2.000         1.049e-01     -3.0095118820      5.428355e-09      4.490230e-02     -1.557989e-07
[itstep]        71    2.000         1.049e-01     -3.0095118926      3.514828e-09      2.907397e-02     -1.008789e-07
[itstep]        72    2.000         1.049e-01     -3.0095118995      2.286125e-09      1.891039e-02     -6.561395e-08
[itstep]        73    2.000         1.049e-01     -3.0095119040      1.491641e-09      1.233857e-02     -4.281150e-08
[itstep]        74    2.000         1.049e-01     -3.0095119069      9.754362e-10      8.068619e-03     -2.799594e-08
[itstep]        75    2.000         1.049e-01     -3.0095119089      6.389070e-10      5.284915e-03     -1.833723e-08
[itstep]        76    2.000         1.049e-01     -3.0095119101      4.189901e-10      3.465805e-03     -1.202541e-08
[itstep]        77    2.000         1.049e-01     -3.0095119109      2.750292e-10      2.274988e-03     -7.893597e-09
[itstep]        78    2.000         1.049e-01     -3.0095119115      1.806715e-10      1.494480e-03     -5.185443e-09
[update_dt]  (i= 79) Reduced time step from   0.104858 to   0.083886
[update_E0]  (i= 79) Extrapolated energy ground state E0:  -3.009512
[itstep]        79    2.000         8.389e-02     -3.0095119118      1.187610e-10      9.823683e-04     -3.408554e-09

[info]       steps       dt                E0                 E
[output]        80    0.084     -3.0095124260     -3.0095119118
