[conf]                N               2
[conf]                J            2.759
[conf]             beta           1.000
[conf]              dt0       4.000e-01
[conf]        eps_trunc       1.000e-04
[conf]           eps_dt       9.000e-02
[conf]          eps_tol       1.000e-03
[conf]             Dmax              10
[conf]           dt_red           0.800
[conf]         phys_gap       1.000e-03
[info]           i      MBD                dt                 E           rel_err           exp_err             slope
[itstep]         0    2.000         4.000e-01     -3.1625297994      1.000000e+00      1.000000e-03     -6.421384e+00
[itstep]         1    2.000         4.000e-01     -3.2688731379      3.362604e-02      1.313517e+03     -2.658583e-01
[itstep]         2    2.000         4.000e-01     -3.3002383617      9.595118e-03      3.748093e+02     -7.841306e-02
[itstep]         3    2.000         4.000e-01     -3.3160767689      4.799171e-03      1.874676e+02     -3.959602e-02
[itstep]         4    2.000         4.000e-01     -3.3243620320      2.498514e-03      9.759819e+01     -2.071316e-02
[itstep]         5    2.000         4.000e-01     -3.3286410945      1.287183e-03      5.028059e+01     -1.069766e-02
[itstep]         6    2.000         4.000e-01     -3.3308290686      6.573175e-04      2.567646e+01     -5.469935e-03
[itstep]         7    2.000         4.000e-01     -3.3319416955      3.340390e-04      1.304840e+01     -2.781567e-03
[itstep]         8    2.000         4.000e-01     -3.3325058850      1.693275e-04      6.614357e+00     -1.410474e-03
[itstep]         9    2.000         4.000e-01     -3.3327915607      8.572401e-05      3.348594e+00     -7.141894e-04
[itstep]        10    2.000         4.000e-01     -3.3329361061      4.337065e-05      1.694166e+00     -3.613633e-04
[itstep]        11    2.000         4.000e-01     -3.3330092156      2.193546e-05      8.568541e-01     -1.827738e-04
[itstep]        12    2.000         4.000e-01     -3.3330461866      1.109241e-05      4.332971e-01     -9.242772e-05
[itstep]        13    2.000         4.000e-01     -3.3330648810      5.608777e-06      2.190929e-01     -4.673578e-05
[itstep]        14    2.000         4.000e-01     -3.3330743332      2.835908e-06      1.107777e-01     -2.363067e-05
[itstep]        15    2.000         4.000e-01     -3.3330791124      1.433861e-06      5.601018e-02     -1.194791e-05
[itstep]        16    2.000         4.000e-01     -3.3330815288      7.249648e-07      2.831894e-02     -6.040912e-06
[itstep]        17    2.000         4.000e-01     -3.3330827505      3.665427e-07      1.431807e-02     -3.054291e-06
[itstep]        18    2.000         4.000e-01     -3.3330833682      1.853237e-07      7.239207e-03     -1.544248e-06
[itstep]        19    2.000         4.000e-01     -3.3330836805      9.369939e-08      3.660132e-03     -7.807697e-07
[itstep]        20    2.000         4.000e-01     -3.3330838384      4.737424e-08      1.850556e-03     -3.947558e-07
[update_dt]  (i= 21) Reduced time step from   0.400000 to   0.320000
[update_E0]  (i= 21) Extrapolated energy ground state E0:  -5.233386
[itstep]        21    2.000         3.200e-01     -3.3330839182      2.395232e-08      9.356375e-04     -1.995877e-07
[itstep]        22    2.000         3.200e-01     -3.3698756340      1.103834e-02      1.052698e+03     -1.149741e-01
[itstep]        23    2.000         3.200e-01     -3.3729751521      9.197722e-04      8.771632e+01     -9.685994e-03
[itstep]        24    2.000         3.200e-01     -3.3732881317      9.279038e-05      8.849180e+00     -9.780614e-04
[itstep]        25    2.000         3.200e-01     -3.3733204262      9.573605e-06      9.130101e-01     -1.009204e-04
[itstep]        26    2.000         3.200e-01     -3.3733237692      9.910039e-07      9.450949e-02     -1.044679e-05
[itstep]        27    2.000         3.200e-01     -3.3733241173      1.031763e-07      9.839655e-03     -1.087647e-06
[itstep]        28    2.000         3.200e-01     -3.3733241547      1.108548e-08      1.057194e-03     -1.168591e-07
[update_dt]  (i= 29) Reduced time step from   0.320000 to   0.256000
[update_E0]  (i= 29) Extrapolated energy ground state E0:  -3.401242
[itstep]        29    2.000         2.560e-01     -3.3733241594      1.397147e-09      1.332423e-04     -1.472821e-08
[itstep]        30    2.000         2.560e-01     -3.3897345252      4.864746e-03      1.132662e+03     -6.410299e-02
[itstep]        31    2.000         2.560e-01     -3.3919516270      6.540635e-04      1.522860e+02     -8.660554e-03
[itstep]        32    2.000         2.560e-01     -3.3923068131      1.047144e-04      2.438071e+01     -1.387446e-03
[itstep]        33    2.000         2.560e-01     -3.3923656306      1.733850e-05      4.036935e+00     -2.297559e-04
[itstep]        34    2.000         2.560e-01     -3.3923754261      2.887506e-06      6.722999e-01     -3.826358e-05
[itstep]        35    2.000         2.560e-01     -3.3923770590      4.813545e-07      1.120741e-01     -6.378653e-06
[itstep]        36    2.000         2.560e-01     -3.3923773313      8.026474e-08      1.868809e-02     -1.063626e-06
[itstep]        37    2.000         2.560e-01     -3.3923773767      1.339035e-08      3.117683e-03     -1.774418e-07
[update_dt]  (i= 38) Reduced time step from   0.256000 to   0.204800
[update_E0]  (i= 38) Extrapolated energy ground state E0:  -3.405596
[itstep]        38    2.000         2.048e-01     -3.3923773843      2.238010e-09      5.210774e-04     -2.965693e-08
[itstep]        39    2.000         2.048e-01     -3.3991885881      2.007797e-03      1.141300e+03     -3.325783e-02
[itstep]        40    2.000         2.048e-01     -3.4005272618      3.938216e-04      2.238616e+02     -6.536493e-03
[itstep]        41    2.000         2.048e-01     -3.4008328016      8.985070e-05      5.107421e+01     -1.491893e-03
[itstep]        42    2.000         2.048e-01     -3.4009055909      2.140338e-05      1.216641e+01     -3.554166e-04
[itstep]        43    2.000         2.048e-01     -3.4009231205      5.154386e-06      2.929929e+00     -8.559365e-05
[itstep]        44    2.000         2.048e-01     -3.4009273532      1.244596e-06      7.074707e-01     -2.066784e-05
[itstep]        45    2.000         2.048e-01     -3.4009283760      3.007186e-07      1.709388e-01     -4.993761e-06
[itstep]        46    2.000         2.048e-01     -3.4009286231      7.267108e-08      4.130873e-02     -1.206783e-06
[itstep]        47    2.000         2.048e-01     -3.4009286828      1.756239e-08      9.983065e-03     -2.916428e-07
[itstep]        48    2.000         2.048e-01     -3.4009286973      4.244469e-09      2.412701e-03     -7.048406e-08
[update_dt]  (i= 49) Reduced time step from   0.204800 to   0.163840
[update_E0]  (i= 49) Extrapolated energy ground state E0:  -3.406861
[itstep]        49    2.000         1.638e-01     -3.4009287008      1.025904e-09      5.831591e-04     -1.703627e-08
[itstep]        50    2.000         1.638e-01     -3.4036120623      7.890085e-04      1.094969e+03     -1.637794e-02
[itstep]        51    2.000         1.638e-01     -3.4043250783      2.094880e-04      2.907230e+02     -4.351904e-03
[itstep]        52    2.000         1.638e-01     -3.4045394263      6.296343e-05      8.737932e+01     -1.308276e-03
[itstep]        53    2.000         1.638e-01     -3.4046070306      1.985710e-05      2.755726e+01     -4.126237e-04
[itstep]        54    2.000         1.638e-01     -3.4046287085      6.367246e-06      8.836329e+00     -1.323118e-04
[itstep]        55    2.000         1.638e-01     -3.4046356979      2.052905e-06      2.848978e+00     -4.265978e-05
[itstep]        56    2.000         1.638e-01     -3.4046379554      6.630729e-07      9.201985e-01     -1.377882e-05
[itstep]        57    2.000         1.638e-01     -3.4046386850      2.142915e-07      2.973892e-01     -4.453034e-06
[itstep]        58    2.000         1.638e-01     -3.4046389208      6.926758e-08      9.612808e-02     -1.439399e-06
[itstep]        59    2.000         1.638e-01     -3.4046389971      2.239141e-08      3.107432e-02     -4.652995e-07
[itstep]        60    2.000         1.638e-01     -3.4046390217      7.238385e-09      1.004528e-02     -1.504156e-07
[itstep]        61    2.000         1.638e-01     -3.4046390297      2.339943e-09      3.247324e-03     -4.862465e-08
[itstep]        62    2.000         1.638e-01     -3.4046390323      7.564355e-10      1.049765e-03     -1.571893e-08
[update_dt]  (i= 63) Reduced time step from   0.163840 to   0.131072
[update_E0]  (i= 63) Extrapolated energy ground state E0:  -3.407213
[itstep]        63    2.000         1.311e-01     -3.4046390331      2.445362e-10      3.393622e-04     -5.081528e-09
[itstep]        64    2.000         1.311e-01     -3.4056559922      2.986981e-04      1.012028e+03     -7.758782e-03
[itstep]        65    2.000         1.311e-01     -3.4060012768      1.013857e-04      3.435080e+02     -2.634313e-03
[itstep]        66    2.000         1.311e-01     -3.4061303958      3.790926e-05      1.284416e+02     -9.850996e-04
[itstep]        67    2.000         1.311e-01     -3.4061810347      1.486697e-05      5.037125e+01     -3.863436e-04
[itstep]        68    2.000         1.311e-01     -3.4062013181      5.954886e-06      2.017594e+01     -1.547502e-04
[itstep]        69    2.000         1.311e-01     -3.4062095152      2.406539e-06      8.153672e+00     -6.253934e-05
[itstep]        70    2.000         1.311e-01     -3.4062128401      9.761336e-07      3.307269e+00     -2.536709e-05
[itstep]        71    2.000         1.311e-01     -3.4062141908      3.965327e-07      1.343505e+00     -1.030483e-05
[itstep]        72    2.000         1.311e-01     -3.4062147398      1.611814e-07      5.461040e-01     -4.188679e-06
[itstep]        73    2.000         1.311e-01     -3.4062149631      6.553292e-08      2.220342e-01     -1.703027e-06
[itstep]        74    2.000         1.311e-01     -3.4062150538      2.664699e-08      9.028351e-02     -6.924848e-07
[itstep]        75    2.000         1.311e-01     -3.4062150907      1.083564e-08      3.671259e-02     -2.815897e-07
[itstep]        76    2.000         1.311e-01     -3.4062151057      4.406244e-09      1.492894e-02     -1.145066e-07
[itstep]        77    2.000         1.311e-01     -3.4062151118      1.791782e-09      6.070795e-03     -4.656369e-08
[itstep]        78    2.000         1.311e-01     -3.4062151143      7.286245e-10      2.468676e-03     -1.893503e-08
[itstep]        79    2.000         1.311e-01     -3.4062151153      2.962940e-10      1.003883e-03     -7.699899e-09
[update_dt]  (i= 80) Reduced time step from   0.131072 to   0.104858
[update_E0]  (i= 80) Extrapolated energy ground state E0:  -3.407309
[itstep]        80    2.000         1.049e-01     -3.4062151157      1.204880e-10      4.082293e-04     -3.131166e-09
[itstep]        81    2.000         1.049e-01     -3.4065892951      1.098520e-04      9.086741e+02     -3.568453e-03
[itstep]        82    2.000         1.049e-01     -3.4067445404      4.557206e-05      3.769632e+02     -1.480534e-03
[itstep]        83    2.000         1.049e-01     -3.4068137750      2.032281e-05      1.681063e+02     -6.602727e-04
[itstep]        84    2.000         1.049e-01     -3.4068460009      9.459230e-06      7.824492e+01     -3.073295e-04
[itstep]        85    2.000         1.049e-01     -3.4068613518      4.505891e-06      3.727185e+01     -1.463974e-04
[itstep]        86    2.000         1.049e-01     -3.4068687517      2.172075e-06      1.796699e+01     -7.057151e-05
[itstep]        87    2.000         1.049e-01     -3.4068723402      1.053314e-06      8.712810e+00     -3.422263e-05
[itstep]        88    2.000         1.049e-01     -3.4068740855      5.122951e-07      4.237605e+00     -1.664471e-05
[itstep]        89    2.000         1.049e-01     -3.4068749356      2.495229e-07      2.064005e+00     -8.107119e-06
[itstep]        90    2.000         1.049e-01     -3.4068753500      1.216208e-07      1.006024e+00     -3.951520e-06
[itstep]        91    2.000         1.049e-01     -3.4068755520      5.930010e-08      4.905189e-01     -1.926690e-06
[itstep]        92    2.000         1.049e-01     -3.4068756505      2.891853e-08      2.392085e-01     -9.395775e-07
[itstep]        93    2.000         1.049e-01     -3.4068756986      1.410369e-08      1.166630e-01     -4.582360e-07
[itstep]        94    2.000         1.049e-01     -3.4068757220      6.878706e-09      5.689932e-02     -2.234926e-07
[itstep]        95    2.000         1.049e-01     -3.4068757334      3.354975e-09      2.775170e-02     -1.090048e-07
[itstep]        96    2.000         1.049e-01     -3.4068757390      1.636349e-09      1.353556e-02     -5.316579e-08
[itstep]        97    2.000         1.049e-01     -3.4068757417      7.981135e-10      6.601840e-03     -2.593110e-08
[itstep]        98    2.000         1.049e-01     -3.4068757431      3.892729e-10      3.219990e-03     -1.264767e-08
[itstep]        99    2.000         1.049e-01     -3.4068757437      1.898641e-10      1.570519e-03     -6.168780e-09
[update_dt]  (i=100) Reduced time step from   0.104858 to   0.083886
[update_E0]  (i=100) Extrapolated energy ground state E0:  -3.407334
[itstep]       100    2.000         8.389e-02     -3.4068757440      9.260556e-11      7.660152e-04     -3.008801e-09

[info]       steps       dt                E0                 E
[output]       101    0.084     -3.4073340661     -3.4068757440
