0.4 -132.9535
0.4 -29.42731
0.4 -5.314786
0.4 -1.297831
0.4 -0.4826364
0.4 -0.2413482
0.4 -0.1428581
0.4 -0.09356651
0.4 -0.06617584
0.4 -0.05025773
0.4 -0.04096934
0.4 -0.03576913
0.4 -0.03320333
0.4 -0.03236911
0.4 -0.03265066
0.4 -0.03358364
0.4 -0.03478827
0.4 -0.03593985
0.4 -0.0367671
0.4 -0.03706665
0.4 -0.03671027
0.4 -0.03565568
0.4 -0.03394305
0.4 -0.03167943
0.4 -0.02901445
0.4 -0.02611361
0.4 -0.02313463
0.4 -0.02021104
0.4 -0.01744384
0.4 -0.01490018
0.4 -0.01261694
0.4 -0.01060672
0.4 -0.008864466
0.4 -0.007373553
0.4 -0.00611076
0.4 -0.005049962
0.3 -0.004164686
0.3 -0.8230895
0.3 -0.1146764
0.3 -0.02598123
0.3 -0.008848937
0.3 -0.004356457
0.3 -0.002767563
0.3 -0.002026394
0.225 -0.001595674
0.225 -0.3619958
0.225 -0.0745425
0.225 -0.02105429
0.225 -0.007499237
0.225 -0.00335317
0.225 -0.001854499
0.225 -0.001214138
0.225 -0.0008922198
0.1688 -0.0007049477
0.1688 -0.1464748
0.1688 -0.04187435
0.1688 -0.01481485
0.1688 -0.006068615
0.1688 -0.002837101
0.1688 -0.001515504
0.1688 -0.0009210867
0.1688 -0.0006267468
0.1688 -0.0004661609
0.1688 -0.0003699138
0.1266 -0.0003070259
0.1266 -0.05577006
0.1266 -0.02086632
0.1266 -0.008999753
0.1266 -0.004289691
0.1266 -0.002219661
0.1266 -0.001242371
0.1266 -0.0007530628
0.1266 -0.0004942135
0.1266 -0.000349497
0.1266 -0.0002638775
0.1266 -0.0002102289
0.1266 -0.000174651
0.1266 -0.0001497443
0.09492 -0.0001314191
0.09492 -0.02030158
0.09492 -0.009444575
0.09492 -0.00481763
0.09492 -0.00263408
0.09492 -0.001522417
0.09492 -0.0009243194
0.09492 -0.0005886138
0.09492 -0.0003933693
0.09492 -0.0002760503
0.09492 -0.0002032671
0.09492 -0.0001566272
0.09492 -0.0001257296
0.09492 -0.0001045523
0.09492 -8.952959e-05
0.09492 -7.850379e-05
0.09492 -7.014074e-05
0.09492 -6.359765e-05
0.09492 -5.833072e-05
0.07119 -5.398158e-05
