0.0 49.9999961206
1.0 49.999984498
2.0 49.9999651783
3.0 49.9999382384
4.0 49.9999037852
5.0 49.9998619557
6.0 49.9998129158
7.0 49.99975686
8.0 49.9996940101
9.0 49.9996246148
10.0 49.9995489481
11.0 49.9994673081
12.0 49.9993800161
13.0 49.9992874149
14.0 49.999189867
15.0 49.9990877537
16.0 49.9989814727
17.0 49.9988714369
18.0 49.9987580723
19.0 49.9986418161
20.0 49.9985231149
21.0 49.998402423
22.0 49.9982802
23.0 49.9981569089
24.0 49.9980330143
25.0 49.9979089804
26.0 49.9977852688
27.0 49.9976623367
28.0 49.9975406348
29.0 49.9974206058
30.0 49.997302682
31.0 49.9971872838
32.0 49.9970748182
33.0 49.9969656766
34.0 49.9968602335
35.0 49.9967588453
36.0 49.9966618482
37.0 49.9965695574
38.0 49.996482266
39.0 49.9964002433
40.0 49.9963237345
41.0 49.9962529594
42.0 49.9961881116
43.0 49.9961293584
44.0 49.9960768397
45.0 49.9960306679
46.0 49.9959909278
47.0 49.9959576762
48.0 49.995930942
49.0 49.9959107265
50.0 49.9958970036
51.0 49.9958897199
52.0 49.9958887958
53.0 49.9958941255
54.0 49.9959055782
55.0 49.9959229988
56.0 49.9959462088
57.0 49.9959750073
58.0 49.9960091725
59.0 49.9960484626
60.0 49.9960926171
61.0 49.9961413586
62.0 49.9961943936
63.0 49.9962514147
64.0 49.9963121018
65.0 49.9963761236
66.0 49.9964431398
67.0 49.9965128019
68.0 49.9965847559
69.0 49.9966586432
70.0 49.9967341026
71.0 49.9968107721
72.0 49.9968882905
73.0 49.9969662991
74.0 49.997044443
75.0 49.9971223732
76.0 49.997199748
77.0 49.9972762341
78.0 49.9973515087
79.0 49.9974252603
80.0 49.9974971903
81.0 49.9975670139
82.0 49.9976344619
83.0 49.9976992809
84.0 49.9977612349
85.0 49.9978201058
86.0 49.9978756944
87.0 49.997927821
88.0 49.9979763256
89.0 49.9980210691
90.0 49.998061933
91.0 49.9980988197
92.0 49.998131653
93.0 49.9981603777
94.0 49.9981849601
95.0 49.998205387
96.0 49.9982216661
97.0 49.9982338254
98.0 49.9982419125
99.0 49.9982459944
100.0 49.9982461565
101.0 49.9982425022
102.0 49.9982351519
103.0 49.9982242418
104.0 49.9982099236
105.0 49.9981923629
106.0 49.9981717384
107.0 49.9981482406
108.0 49.9981220707
109.0 49.9980934397
110.0 49.9980625663
111.0 49.9980296767
112.0 49.9979950025
113.0 49.9979587797
114.0 49.9979212475
115.0 49.9978826468
116.0 49.9978432192
117.0 49.9978032051
118.0 49.9977628434
119.0 49.9977223696
120.0 49.9976820145
121.0 49.9976420038
122.0 49.9976025563
123.0 49.9975638831
124.0 49.9975261869
125.0 49.9974896604
126.0 49.9974544863
127.0 49.9974208356
128.0 49.9973888677
129.0 49.9973587292
130.0 49.9973305536
131.0 49.9973044608
132.0 49.9972805566
133.0 49.9972589323
134.0 49.9972396647
135.0 49.9972228158
136.0 49.9972084328
137.0 49.9971965478
138.0 49.9971871784
139.0 49.9971803275
140.0 49.9971759836
141.0 49.9971741212
142.0 49.9971747011
143.0 49.997177671
144.0 49.9971829657
145.0 49.9971905082
146.0 49.9972002099
147.0 49.9972119714
148.0 49.9972256835
149.0 49.9972412276
150.0 49.9972584768
151.0 49.9972772967
152.0 49.9972975462
153.0 49.9973190786
154.0 49.9973417423
155.0 49.9973653822
156.0 49.9973898401
157.0 49.9974149559
158.0 49.9974405687
159.0 49.9974665178
160.0 49.9974926431
161.0 49.997518787
162.0 49.9975447941
163.0 49.9975705133
164.0 49.9975957979
165.0 49.9976205065
166.0 49.9976445042
167.0 49.997667663
168.0 49.9976898625
169.0 49.9977109911
170.0 49.9977309457
171.0 49.9977496334
172.0 49.9977669713
173.0 49.997782887
174.0 49.9977973197
175.0 49.9978102199
176.0 49.9978215502
177.0 49.9978312856
178.0 49.9978394137
179.0 49.9978459348
180.0 49.9978508626
181.0 49.9978542239
182.0 49.9978560592
183.0 49.9978564226
184.0 49.9978553817
185.0 49.9978530185
186.0 49.9978494285
187.0 49.9978447215
188.0 49.9978390217
189.0 49.9978324672
190.0 49.9978252109
191.0 49.9978174199
192.0 49.9978092762
193.0 49.9978009765
194.0 49.9977927326
195.0 49.9977847713
196.0 49.997777335
197.0 49.9977706818
198.0 49.9977650859
199.0 49.9977608374
