0.0 -0.6102786931
1.0 -0.6102792291
2.0 -0.6102797127
3.0 -0.6102801379
4.0 -0.6102804992
5.0 -0.6102807913
6.0 -0.6102810098
7.0 -0.6102811502
8.0 -0.610281209
9.0 -0.6102811828
10.0 -0.6102810692
11.0 -0.6102808659
12.0 -0.6102805715
13.0 -0.6102801851
14.0 -0.6102797064
15.0 -0.6102791355
16.0 -0.6102784735
17.0 -0.6102777218
18.0 -0.6102768825
19.0 -0.6102759582
20.0 -0.6102749522
21.0 -0.6102738683
22.0 -0.6102727107
23.0 -0.6102714845
24.0 -0.6102701949
25.0 -0.6102688477
26.0 -0.6102674492
27.0 -0.6102660062
28.0 -0.6102645256
29.0 -0.6102630149
30.0 -0.6102614818
31.0 -0.6102599341
32.0 -0.6102583802
33.0 -0.6102568283
34.0 -0.610255287
35.0 -0.6102537648
36.0 -0.6102522704
37.0 -0.6102508124
38.0 -0.6102493994
39.0 -0.6102480399
40.0 -0.6102467422
41.0 -0.6102455146
42.0 -0.6102443649
43.0 -0.610243301
44.0 -0.61024233
45.0 -0.6102414591
46.0 -0.6102406949
47.0 -0.6102400437
48.0 -0.610239511
49.0 -0.6102391023
50.0 -0.6102388223
51.0 -0.610238675
52.0 -0.6102386642
53.0 -0.6102387929
54.0 -0.6102390633
55.0 -0.6102394773
56.0 -0.610240036
57.0 -0.6102407398
58.0 -0.6102415886
59.0 -0.6102425814
60.0 -0.6102437167
61.0 -0.6102449922
62.0 -0.6102464052
63.0 -0.610247952
64.0 -0.6102496286
65.0 -0.6102514302
66.0 -0.6102533513
67.0 -0.6102553861
68.0 -0.610257528
69.0 -0.6102597701
70.0 -0.6102621048
71.0 -0.6102645241
72.0 -0.6102670196
73.0 -0.6102695825
74.0 -0.6102722037
75.0 -0.6102748737
76.0 -0.6102775828
77.0 -0.6102803211
78.0 -0.6102830783
79.0 -0.6102858444
80.0 -0.6102886088
81.0 -0.6102913613
82.0 -0.6102940914
83.0 -0.6102967889
84.0 -0.6102994434
85.0 -0.610302045
86.0 -0.6103045838
87.0 -0.61030705
88.0 -0.6103094344
89.0 -0.6103117279
90.0 -0.6103139219
91.0 -0.6103160079
92.0 -0.6103179783
93.0 -0.6103198255
94.0 -0.6103215429
95.0 -0.610323124
96.0 -0.610324563
97.0 -0.6103258549
98.0 -0.610326995
99.0 -0.6103279793
100.0 -0.6103288047
101.0 -0.6103294683
102.0 -0.6103299683
103.0 -0.6103303034
104.0 -0.6103304728
105.0 -0.6103304767
106.0 -0.6103303157
107.0 -0.6103299912
108.0 -0.6103295053
109.0 -0.6103288606
110.0 -0.6103280604
111.0 -0.6103271086
112.0 -0.6103260097
113.0 -0.6103247688
114.0 -0.6103233914
115.0 -0.6103218837
116.0 -0.6103202523
117.0 -0.6103185041
118.0 -0.6103166466
119.0 -0.6103146876
120.0 -0.6103126353
121.0 -0.610310498
122.0 -0.6103082845
123.0 -0.6103060037
124.0 -0.6103036646
125.0 -0.6103012765
126.0 -0.6102988485
127.0 -0.6102963901
128.0 -0.6102939106
129.0 -0.6102914192
130.0 -0.6102889251
131.0 -0.6102864374
132.0 -0.610283965
133.0 -0.6102815166
134.0 -0.6102791005
135.0 -0.6102767251
136.0 -0.610274398
137.0 -0.6102721269
138.0 -0.6102699188
139.0 -0.6102677805
140.0 -0.6102657182
141.0 -0.6102637377
142.0 -0.6102618445
143.0 -0.6102600433
144.0 -0.6102583386
145.0 -0.610256734
146.0 -0.6102552331
147.0 -0.6102538384
148.0 -0.6102525522
149.0 -0.6102513762
150.0 -0.6102503114
151.0 -0.6102493586
152.0 -0.6102485176
153.0 -0.610247788
154.0 -0.610247169
155.0 -0.6102466588
156.0 -0.6102462557
157.0 -0.6102459572
158.0 -0.6102457603
159.0 -0.610245662
160.0 -0.6102456584
161.0 -0.6102457457
162.0 -0.6102459193
163.0 -0.6102461747
164.0 -0.610246507
165.0 -0.6102469111
166.0 -0.6102473814
167.0 -0.6102479126
168.0 -0.610248499
169.0 -0.6102491349
170.0 -0.6102498143
171.0 -0.6102505315
172.0 -0.6102512807
173.0 -0.610252056
174.0 -0.6102528518
175.0 -0.6102536624
176.0 -0.6102544825
177.0 -0.6102553066
178.0 -0.6102561297
179.0 -0.610256947
180.0 -0.6102577539
181.0 -0.6102585459
182.0 -0.6102593192
183.0 -0.61026007
184.0 -0.610260795
185.0 -0.6102614911
186.0 -0.6102621557
187.0 -0.6102627866
188.0 -0.6102633818
189.0 -0.61026394
190.0 -0.61026446
191.0 -0.6102649412
192.0 -0.6102653833
193.0 -0.6102657864
194.0 -0.610266151
195.0 -0.610266478
196.0 -0.6102667686
197.0 -0.6102670245
198.0 -0.6102672475
199.0 -0.6102674401
