0.0 -1.1672146044
1.0 -1.1672252025
2.0 -1.1672380372
3.0 -1.1672529283
4.0 -1.1672696677
5.0 -1.1672880218
6.0 -1.167307735
7.0 -1.1673285322
8.0 -1.1673501232
9.0 -1.1673722055
10.0 -1.1673944686
11.0 -1.1674165978
12.0 -1.1674382784
13.0 -1.1674591991
14.0 -1.1674790567
15.0 -1.1674975594
16.0 -1.1675144307
17.0 -1.1675294128
18.0 -1.1675422701
19.0 -1.1675527921
20.0 -1.1675607958
21.0 -1.1675661287
22.0 -1.1675686701
23.0 -1.1675683331
24.0 -1.1675650657
25.0 -1.1675588514
26.0 -1.1675497097
27.0 -1.1675376957
28.0 -1.1675228997
29.0 -1.167505446
30.0 -1.1674854918
31.0 -1.1674632249
32.0 -1.1674388615
33.0 -1.1674126442
34.0 -1.1673848384
35.0 -1.1673557292
36.0 -1.1673256184
37.0 -1.1672948206
38.0 -1.1672636592
39.0 -1.1672324628
40.0 -1.167201561
41.0 -1.1671712807
42.0 -1.1671419419
43.0 -1.1671138539
44.0 -1.1670873119
45.0 -1.1670625929
46.0 -1.1670399527
47.0 -1.1670196231
48.0 -1.1670018087
49.0 -1.1669866847
50.0 -1.166974395
51.0 -1.1669650502
52.0 -1.1669587269
53.0 -1.1669554663
54.0 -1.1669552741
55.0 -1.1669581207
56.0 -1.1669639415
57.0 -1.1669726378
58.0 -1.1669840785
59.0 -1.1669981014
60.0 -1.1670145153
61.0 -1.1670331032
62.0 -1.1670536241
63.0 -1.1670758168
64.0 -1.167099403
65.0 -1.1671240906
66.0 -1.1671495778
67.0 -1.1671755566
68.0 -1.1672017167
69.0 -1.1672277492
70.0 -1.1672533509
71.0 -1.1672782276
72.0 -1.1673020978
73.0 -1.1673246963
74.0 -1.1673457772
75.0 -1.167365117
76.0 -1.1673825171
77.0 -1.1673978063
78.0 -1.1674108428
79.0 -1.1674215157
80.0 -1.1674297462
81.0 -1.1674354884
82.0 -1.1674387297
83.0 -1.1674394909
84.0 -1.1674378253
85.0 -1.1674338181
86.0 -1.1674275852
87.0 -1.1674192711
88.0 -1.1674090473
89.0 -1.1673971095
90.0 -1.1673836754
91.0 -1.167368981
92.0 -1.1673532782
93.0 -1.1673368308
94.0 -1.1673199112
95.0 -1.1673027968
96.0 -1.1672857662
97.0 -1.1672690954
98.0 -1.1672530543
99.0 -1.167237903
100.0 -1.1672238885
101.0 -1.167211241
102.0 -1.1672001714
103.0 -1.1671908683
104.0 -1.1671834954
105.0 -1.1671781893
106.0 -1.167175058
107.0 -1.1671741793
108.0 -1.1671755997
109.0 -1.167179334
110.0 -1.1671853649
111.0 -1.1671936435
112.0 -1.1672040895
113.0 -1.1672165929
114.0 -1.167231015
115.0 -1.1672471902
116.0 -1.1672649287
117.0 -1.1672840183
118.0 -1.1673042277
119.0 -1.1673253092
120.0 -1.1673470022
121.0 -1.1673690366
122.0 -1.1673911357
123.0 -1.1674130202
124.0 -1.1674344112
125.0 -1.1674550335
126.0 -1.1674746196
127.0 -1.167492913
128.0 -1.167509673
129.0 -1.1675246773
130.0 -1.1675377261
131.0 -1.1675486434
132.0 -1.1675572793
133.0 -1.1675635114
134.0 -1.1675672472
135.0 -1.1675684262
136.0 -1.1675670231
137.0 -1.1675630507
138.0 -1.1675565629
139.0 -1.1675476578
140.0 -1.1675364797
141.0 -1.1675232204
142.0 -1.167508118
143.0 -1.1674914529
144.0 -1.167473539
145.0 -1.167454709
146.0 -1.167435294
147.0 -1.1674155994
148.0 -1.1673958815
149.0 -1.1673763309
150.0 -1.1673570689
151.0 -1.1673381597
152.0 -1.1673196365
153.0 -1.1673015319
154.0 -1.1672839024
155.0 -1.1672668422
156.0 -1.1672504832
157.0 -1.1672349883
158.0 -1.1672205409
159.0 -1.1672073328
160.0 -1.1671955539
161.0 -1.1671853813
162.0 -1.1671769724
163.0 -1.1671704591
164.0 -1.1671659451
165.0 -1.167163504
166.0 -1.1671631789
167.0 -1.1671649822
168.0 -1.1671688948
169.0 -1.1671748657
170.0 -1.1671828118
171.0 -1.1671926178
172.0 -1.167204136
173.0 -1.1672171875
174.0 -1.167231562
175.0 -1.1672470196
176.0 -1.1672632907
177.0 -1.1672800767
178.0 -1.16729705
179.0 -1.1673138528
180.0 -1.1673300962
181.0 -1.1673453591
182.0 -1.1673591891
183.0 -1.1673711082
184.0 -1.1673806286
185.0 -1.1673872818
186.0 -1.1673906645
187.0 -1.1673904911
188.0 -1.1673866345
189.0 -1.167379127
190.0 -1.1673681102
191.0 -1.167353747
192.0 -1.167336134
193.0 -1.1673152475
194.0 -1.1672909354
195.0 -1.1672629445
196.0 -1.1672309642
197.0 -1.1671946697
198.0 -1.1671537576
199.0 -1.1671079727
