0.0 69.9999945209
1.0 69.9999781055
2.0 69.9999508191
3.0 69.9999127703
4.0 69.9998641107
5.0 69.9998050337
6.0 69.9997357742
7.0 69.9996566071
8.0 69.9995678463
9.0 69.9994698434
10.0 69.999362986
11.0 69.9992476958
12.0 69.9991244272
13.0 69.9989936647
14.0 69.9988559214
15.0 69.9987117363
16.0 69.9985616717
17.0 69.9984063116
18.0 69.9982462582
19.0 69.9980821298
20.0 69.9979145579
21.0 69.9977441845
22.0 69.9975716593
23.0 69.9973976371
24.0 69.9972227743
25.0 69.9970477272
26.0 69.9968731478
27.0 69.9966996825
28.0 69.996527968
29.0 69.9963586295
30.0 69.996192278
31.0 69.9960295072
32.0 69.9958708917
33.0 69.9957169842
34.0 69.9955683135
35.0 69.9954253824
36.0 69.9952886655
37.0 69.9951586074
38.0 69.9950356212
39.0 69.9949200867
40.0 69.9948123494
41.0 69.9947127186
42.0 69.9946214671
43.0 69.9945388297
44.0 69.994465003
45.0 69.9944001446
46.0 69.9943443726
47.0 69.9942977661
48.0 69.9942603644
49.0 69.9942321679
50.0 69.9942131379
51.0 69.9942031978
52.0 69.9942022332
53.0 69.9942100933
54.0 69.9942265915
55.0 69.9942515072
56.0 69.9942845866
57.0 69.9943255444
58.0 69.9943740657
59.0 69.9944298073
60.0 69.9944923999
61.0 69.9945614501
62.0 69.9946365421
63.0 69.9947172404
64.0 69.9948030916
65.0 69.9948936267
66.0 69.9949883637
67.0 69.99508681
68.0 69.9951884642
69.0 69.9952928193
70.0 69.9953993646
71.0 69.9955075884
72.0 69.9956169801
73.0 69.9957270328
74.0 69.9958372454
75.0 69.9959471251
76.0 69.9960561892
77.0 69.9961639677
78.0 69.996270005
79.0 69.9963738619
80.0 69.9964751173
81.0 69.9965733702
82.0 69.9966682413
83.0 69.996759374
84.0 69.9968464364
85.0 69.9969291219
86.0 69.9970071508
87.0 69.9970802708
88.0 69.9971482583
89.0 69.9972109182
90.0 69.9972680853
91.0 69.9973196239
92.0 69.9973654286
93.0 69.9974054238
94.0 69.9974395637
95.0 69.9974678324
96.0 69.9974902429
97.0 69.997506837
98.0 69.9975176844
99.0 69.9975228821
100.0 69.997522553
101.0 69.9975168455
102.0 69.9975059315
103.0 69.997490006
104.0 69.9974692852
105.0 69.9974440049
106.0 69.9974144194
107.0 69.9973807998
108.0 69.997343432
109.0 69.9973026153
110.0 69.9972586605
111.0 69.997211888
112.0 69.9971626263
113.0 69.9971112098
114.0 69.9970579772
115.0 69.9970032695
116.0 69.9969474283
117.0 69.9968907939
118.0 69.9968337037
119.0 69.9967764902
120.0 69.9967194797
121.0 69.9966629904
122.0 69.9966073309
123.0 69.9965527988
124.0 69.9964996794
125.0 69.9964482442
126.0 69.9963987498
127.0 69.9963514367
128.0 69.9963065285
129.0 69.9962642307
130.0 69.9962247302
131.0 69.9961881944
132.0 69.9961547709
133.0 69.9961245865
134.0 69.9960977476
135.0 69.9960743394
136.0 69.9960544262
137.0 69.9960380511
138.0 69.9960252363
139.0 69.9960159834
140.0 69.9960102734
141.0 69.9960080679
142.0 69.9960093087
143.0 69.996013919
144.0 69.9960218044
145.0 69.9960328531
146.0 69.9960469371
147.0 69.9960639133
148.0 69.9960836246
149.0 69.9961059004
150.0 69.9961305588
151.0 69.9961574067
152.0 69.9961862422
153.0 69.9962168546
154.0 69.996249027
155.0 69.9962825367
156.0 69.9963171569
157.0 69.9963526581
158.0 69.9963888091
159.0 69.9964253788
160.0 69.9964621371
161.0 69.9964988564
162.0 69.9965353125
163.0 69.9965712864
164.0 69.9966065648
165.0 69.9966409416
166.0 69.996674219
167.0 69.9967062082
168.0 69.9967367303
169.0 69.9967656176
170.0 69.996792714
171.0 69.9968178758
172.0 69.9968409723
173.0 69.9968618868
174.0 69.9968805163
175.0 69.9968967727
176.0 69.9969105829
177.0 69.9969218888
178.0 69.996930648
179.0 69.9969368338
180.0 69.9969404352
181.0 69.996941457
182.0 69.9969399202
183.0 69.9969358613
184.0 69.996929333
185.0 69.9969204036
186.0 69.9969091571
187.0 69.9968956932
188.0 69.996880127
189.0 69.9968625893
190.0 69.9968432261
191.0 69.996822199
192.0 69.9967996846
193.0 69.9967758754
194.0 69.996750979
195.0 69.9967252191
196.0 69.996698835
197.0 69.9966720823
198.0 69.9966452332
199.0 69.9966185767
