0.0 -2.071850628
1.0 -2.071854008
2.0 -2.0718570504
3.0 -2.0718597447
4.0 -2.071862082
5.0 -2.0718640548
6.0 -2.071865657
7.0 -2.0718668838
8.0 -2.0718677319
9.0 -2.0718681995
10.0 -2.0718682862
11.0 -2.0718679932
12.0 -2.0718673231
13.0 -2.0718662798
14.0 -2.0718648688
15.0 -2.071863097
16.0 -2.0718609726
17.0 -2.0718585053
18.0 -2.071855706
19.0 -2.0718525867
20.0 -2.0718491609
21.0 -2.0718454431
22.0 -2.0718414489
23.0 -2.0718371948
24.0 -2.0718326986
25.0 -2.0718279785
26.0 -2.0718230539
27.0 -2.0718179447
28.0 -2.0718126715
29.0 -2.0718072554
30.0 -2.071801718
31.0 -2.0717960813
32.0 -2.0717903674
33.0 -2.0717845988
34.0 -2.0717787978
35.0 -2.0717729871
36.0 -2.0717671889
37.0 -2.0717614255
38.0 -2.0717557186
39.0 -2.0717500898
40.0 -2.0717445602
41.0 -2.0717391502
42.0 -2.0717338796
43.0 -2.0717287676
44.0 -2.0717238326
45.0 -2.0717190919
46.0 -2.0717145622
47.0 -2.0717102589
48.0 -2.0717061966
49.0 -2.0717023886
50.0 -2.0716988471
51.0 -2.0716955832
52.0 -2.0716926064
53.0 -2.0716899253
54.0 -2.0716875471
55.0 -2.0716854775
56.0 -2.0716837209
57.0 -2.0716822806
58.0 -2.0716811581
59.0 -2.0716803539
60.0 -2.0716798669
61.0 -2.0716796949
62.0 -2.0716798341
63.0 -2.0716802796
64.0 -2.071681025
65.0 -2.071682063
66.0 -2.0716833849
67.0 -2.0716849808
68.0 -2.0716868398
69.0 -2.0716889499
70.0 -2.0716912982
71.0 -2.0716938707
72.0 -2.0716966528
73.0 -2.0716996289
74.0 -2.0717027827
75.0 -2.0717060975
76.0 -2.0717095556
77.0 -2.0717131393
78.0 -2.0717168301
79.0 -2.0717206096
80.0 -2.0717244587
81.0 -2.0717283584
82.0 -2.0717322898
83.0 -2.0717362336
84.0 -2.071740171
85.0 -2.0717440832
86.0 -2.0717479516
87.0 -2.0717517581
88.0 -2.071755485
89.0 -2.0717591149
90.0 -2.0717626311
91.0 -2.0717660177
92.0 -2.0717692593
93.0 -2.0717723412
94.0 -2.0717752498
95.0 -2.0717779721
96.0 -2.0717804961
97.0 -2.0717828108
98.0 -2.0717849064
99.0 -2.0717867737
100.0 -2.071788405
101.0 -2.0717897936
102.0 -2.0717909337
103.0 -2.071791821
104.0 -2.071792452
105.0 -2.0717928247
106.0 -2.0717929381
107.0 -2.0717927922
108.0 -2.0717923885
109.0 -2.0717917293
110.0 -2.0717908182
111.0 -2.0717896599
112.0 -2.0717882601
113.0 -2.0717866255
114.0 -2.0717847639
115.0 -2.0717826839
116.0 -2.0717803951
117.0 -2.071777908
118.0 -2.0717752337
119.0 -2.0717723844
120.0 -2.0717693726
121.0 -2.0717662117
122.0 -2.0717629154
123.0 -2.0717594983
124.0 -2.0717559752
125.0 -2.0717523612
126.0 -2.071748672
127.0 -2.0717449233
128.0 -2.0717411311
129.0 -2.0717373116
130.0 -2.0717334809
131.0 -2.0717296551
132.0 -2.0717258504
133.0 -2.0717220826
134.0 -2.0717183673
135.0 -2.0717147201
136.0 -2.0717111559
137.0 -2.0717076894
138.0 -2.0717043347
139.0 -2.0717011056
140.0 -2.0716980151
141.0 -2.0716950756
142.0 -2.071692299
143.0 -2.0716896963
144.0 -2.071687278
145.0 -2.0716850535
146.0 -2.0716830316
147.0 -2.0716812203
148.0 -2.0716796266
149.0 -2.0716782566
150.0 -2.0716771156
151.0 -2.071676208
152.0 -2.0716755372
153.0 -2.0716751057
154.0 -2.0716749151
155.0 -2.071674966
156.0 -2.0716752582
157.0 -2.0716757905
158.0 -2.0716765608
159.0 -2.0716775662
160.0 -2.071678803
161.0 -2.0716802664
162.0 -2.071681951
163.0 -2.0716838507
164.0 -2.0716859584
165.0 -2.0716882666
166.0 -2.0716907667
167.0 -2.07169345
168.0 -2.0716963066
169.0 -2.0716993266
170.0 -2.0717024992
171.0 -2.0717058133
172.0 -2.0717092572
173.0 -2.0717128191
174.0 -2.0717164867
175.0 -2.0717202473
176.0 -2.0717240882
177.0 -2.0717279964
178.0 -2.0717319586
179.0 -2.0717359618
180.0 -2.0717399927
181.0 -2.0717440381
182.0 -2.071748085
183.0 -2.0717521204
184.0 -2.0717561316
185.0 -2.0717601063
186.0 -2.0717640324
187.0 -2.0717678983
188.0 -2.071771693
189.0 -2.0717754059
190.0 -2.0717790271
191.0 -2.0717825474
192.0 -2.0717859582
193.0 -2.071789252
194.0 -2.0717924218
195.0 -2.0717954619
196.0 -2.071798367
197.0 -2.0718011333
198.0 -2.0718037576
199.0 -2.071806238
