0.0 -0.6478838724
1.0 -0.647883819
2.0 -0.6478837636
3.0 -0.6478837064
4.0 -0.6478836474
5.0 -0.6478835868
6.0 -0.6478835247
7.0 -0.6478834612
8.0 -0.6478833964
9.0 -0.6478833304
10.0 -0.6478832634
11.0 -0.6478831955
12.0 -0.6478831269
13.0 -0.6478830576
14.0 -0.6478829878
15.0 -0.6478829177
16.0 -0.6478828473
17.0 -0.6478827769
18.0 -0.6478827065
19.0 -0.6478826363
20.0 -0.6478825664
21.0 -0.6478824969
22.0 -0.6478824281
23.0 -0.64788236
24.0 -0.6478822928
25.0 -0.6478822266
26.0 -0.6478821615
27.0 -0.6478820977
28.0 -0.6478820353
29.0 -0.6478819744
30.0 -0.6478819151
31.0 -0.6478818576
32.0 -0.6478818021
33.0 -0.6478817485
34.0 -0.647881697
35.0 -0.6478816477
36.0 -0.6478816008
37.0 -0.6478815562
38.0 -0.6478815142
39.0 -0.6478814748
40.0 -0.6478814381
41.0 -0.6478814041
42.0 -0.647881373
43.0 -0.6478813447
44.0 -0.6478813195
45.0 -0.6478812973
46.0 -0.6478812782
47.0 -0.6478812622
48.0 -0.6478812494
49.0 -0.6478812398
50.0 -0.6478812334
51.0 -0.6478812303
52.0 -0.6478812305
53.0 -0.647881234
54.0 -0.6478812408
55.0 -0.6478812509
56.0 -0.6478812642
57.0 -0.6478812809
58.0 -0.6478813007
59.0 -0.6478813239
60.0 -0.6478813502
61.0 -0.6478813796
62.0 -0.6478814122
63.0 -0.6478814478
64.0 -0.6478814864
65.0 -0.647881528
66.0 -0.6478815724
67.0 -0.6478816196
68.0 -0.6478816695
69.0 -0.6478817221
70.0 -0.6478817772
71.0 -0.6478818347
72.0 -0.6478818945
73.0 -0.6478819566
74.0 -0.6478820208
75.0 -0.6478820871
76.0 -0.6478821552
77.0 -0.647882225
78.0 -0.6478822965
79.0 -0.6478823696
80.0 -0.647882444
81.0 -0.6478825196
82.0 -0.6478825963
83.0 -0.647882674
84.0 -0.6478827525
85.0 -0.6478828317
86.0 -0.6478829114
87.0 -0.6478829914
88.0 -0.6478830717
89.0 -0.6478831521
90.0 -0.6478832323
91.0 -0.6478833123
92.0 -0.647883392
93.0 -0.6478834711
94.0 -0.6478835495
95.0 -0.6478836271
96.0 -0.6478837036
97.0 -0.6478837791
98.0 -0.6478838532
99.0 -0.6478839259
100.0 -0.6478839971
101.0 -0.6478840665
102.0 -0.6478841341
103.0 -0.6478841997
104.0 -0.6478842632
105.0 -0.6478843244
106.0 -0.6478843833
107.0 -0.6478844396
108.0 -0.6478844934
109.0 -0.6478845445
110.0 -0.6478845927
111.0 -0.647884638
112.0 -0.6478846803
113.0 -0.6478847195
114.0 -0.6478847555
115.0 -0.6478847882
116.0 -0.6478848176
117.0 -0.6478848436
118.0 -0.6478848661
119.0 -0.647884885
120.0 -0.6478849004
121.0 -0.6478849121
122.0 -0.6478849202
123.0 -0.6478849246
124.0 -0.6478849253
125.0 -0.6478849223
126.0 -0.6478849155
127.0 -0.647884905
128.0 -0.6478848908
129.0 -0.6478848729
130.0 -0.6478848512
131.0 -0.6478848259
132.0 -0.647884797
133.0 -0.6478847644
134.0 -0.6478847283
135.0 -0.6478846887
136.0 -0.6478846457
137.0 -0.6478845993
138.0 -0.6478845496
139.0 -0.6478844966
140.0 -0.6478844406
141.0 -0.6478843815
142.0 -0.6478843195
143.0 -0.6478842546
144.0 -0.647884187
145.0 -0.6478841168
146.0 -0.6478840441
147.0 -0.6478839691
148.0 -0.6478838918
149.0 -0.6478838124
150.0 -0.6478837311
151.0 -0.6478836479
152.0 -0.6478835631
153.0 -0.6478834768
154.0 -0.647883389
155.0 -0.6478833001
156.0 -0.6478832102
157.0 -0.6478831193
158.0 -0.6478830278
159.0 -0.6478829356
160.0 -0.6478828431
161.0 -0.6478827504
162.0 -0.6478826577
163.0 -0.6478825651
164.0 -0.6478824727
165.0 -0.6478823809
166.0 -0.6478822897
167.0 -0.6478821993
168.0 -0.6478821099
169.0 -0.6478820217
170.0 -0.6478819348
171.0 -0.6478818494
172.0 -0.6478817656
173.0 -0.6478816836
174.0 -0.6478816037
175.0 -0.6478815258
176.0 -0.6478814502
177.0 -0.6478813771
178.0 -0.6478813065
179.0 -0.6478812387
180.0 -0.6478811737
181.0 -0.6478811117
182.0 -0.6478810528
183.0 -0.6478809971
184.0 -0.6478809448
185.0 -0.6478808959
186.0 -0.6478808506
187.0 -0.647880809
188.0 -0.6478807711
189.0 -0.647880737
190.0 -0.6478807069
191.0 -0.6478806807
192.0 -0.6478806586
193.0 -0.6478806406
194.0 -0.6478806268
195.0 -0.6478806172
196.0 -0.6478806118
197.0 -0.6478806107
198.0 -0.6478806138
199.0 -0.6478806213
