0.0 29.9999977204
1.0 29.9999908905
2.0 29.9999795376
3.0 29.9999637064
4.0 29.9999434597
5.0 29.9999188777
6.0 29.9998900575
7.0 29.9998571129
8.0 29.999820174
9.0 29.9997793863
10.0 29.9997349102
11.0 29.9996869204
12.0 29.9996356051
13.0 29.999581165
14.0 29.9995238126
15.0 29.9994637711
16.0 29.9994012737
17.0 29.9993365622
18.0 29.9992698863
19.0 29.9992015023
20.0 29.999131672
21.0 29.9990606616
22.0 29.9989887406
23.0 29.9989161807
24.0 29.9988432543
25.0 29.9987702337
26.0 29.9986973898
27.0 29.9986249909
28.0 29.9985533017
29.0 29.998482582
30.0 29.9984130859
31.0 29.9983450604
32.0 29.9982787447
33.0 29.9982143689
34.0 29.9981521535
35.0 29.9980923081
36.0 29.9980350309
37.0 29.9979805075
38.0 29.9979289108
39.0 29.9978803999
40.0 29.9978351197
41.0 29.9977932001
42.0 29.9977547562
43.0 29.9977198871
44.0 29.9976886764
45.0 29.9976611913
46.0 29.997637483
47.0 29.9976175862
48.0 29.9976015195
49.0 29.9975892851
50.0 29.9975808692
51.0 29.997576242
52.0 29.9975753583
53.0 29.9975781577
54.0 29.9975845649
55.0 29.9975944904
56.0 29.9976078309
57.0 29.9976244702
58.0 29.9976442794
59.0 29.9976671179
60.0 29.9976928344
61.0 29.9977212671
62.0 29.997752245
63.0 29.997785589
64.0 29.997821112
65.0 29.9978586206
66.0 29.9978979158
67.0 29.9979387939
68.0 29.9979810477
69.0 29.9980244671
70.0 29.9980688406
71.0 29.9981139558
72.0 29.9981596009
73.0 29.9982055653
74.0 29.9982516405
75.0 29.9982976213
76.0 29.9983433067
77.0 29.9983885005
78.0 29.9984330125
79.0 29.9984766588
80.0 29.9985192633
81.0 29.9985606577
82.0 29.9986006825
83.0 29.9986391878
84.0 29.9986760334
85.0 29.9987110897
86.0 29.9987442381
87.0 29.9987753711
88.0 29.998804393
89.0 29.9988312201
90.0 29.9988557807
91.0 29.9988780154
92.0 29.9988978773
93.0 29.9989153317
94.0 29.9989303565
95.0 29.9989429417
96.0 29.9989530894
97.0 29.9989608138
98.0 29.9989661406
99.0 29.9989691066
100.0 29.99896976
101.0 29.998968159
102.0 29.9989643722
103.0 29.9989584776
104.0 29.9989505621
105.0 29.998940721
106.0 29.9989290573
107.0 29.9989156813
108.0 29.9989007094
109.0 29.998884264
110.0 29.9988664721
111.0 29.9988474654
112.0 29.9988273786
113.0 29.9988063495
114.0 29.9987845176
115.0 29.9987620239
116.0 29.9987390097
117.0 29.998715616
118.0 29.9986919827
119.0 29.9986682483
120.0 29.9986445486
121.0 29.9986210163
122.0 29.9985977806
123.0 29.9985749661
124.0 29.9985526927
125.0 29.9985310745
126.0 29.9985102201
127.0 29.9984902312
128.0 29.9984712029
129.0 29.9984532228
130.0 29.9984363711
131.0 29.9984207199
132.0 29.9984063335
133.0 29.9983932673
134.0 29.9983815688
135.0 29.9983712765
136.0 29.9983624202
137.0 29.9983550215
138.0 29.9983490928
139.0 29.9983446383
140.0 29.9983416537
141.0 29.9983401265
142.0 29.9983400361
143.0 29.9983413543
144.0 29.9983440453
145.0 29.9983480663
146.0 29.9983533675
147.0 29.9983598931
148.0 29.9983675811
149.0 29.9983763641
150.0 29.99838617
151.0 29.9983969218
152.0 29.9984085389
153.0 29.998420937
154.0 29.9984340293
155.0 29.9984477264
156.0 29.9984619373
157.0 29.9984765699
158.0 29.9984915315
159.0 29.9985067295
160.0 29.9985220716
161.0 29.998537467
162.0 29.9985528265
163.0 29.9985680629
164.0 29.9985830921
165.0 29.9985978332
166.0 29.998612209
167.0 29.9986261467
168.0 29.9986395783
169.0 29.9986524408
170.0 29.9986646769
171.0 29.9986762354
172.0 29.9986870713
173.0 29.9986971464
174.0 29.9987064297
175.0 29.9987148972
176.0 29.9987225331
177.0 29.998729329
178.0 29.9987352849
179.0 29.9987404092
180.0 29.9987447189
181.0 29.9987482395
182.0 29.9987510058
183.0 29.9987530616
184.0 29.9987544598
185.0 29.998755263
186.0 29.9987555431
187.0 29.9987553817
188.0 29.9987548703
189.0 29.9987541102
190.0 29.9987532128
191.0 29.9987522996
192.0 29.9987515024
193.0 29.9987509634
194.0 29.9987508355
195.0 29.998751282
196.0 29.9987524773
197.0 29.9987546065
198.0 29.9987578661
199.0 29.9987624637
