0.0 -0.2167176367
1.0 -0.2167213472
2.0 -0.2167263912
3.0 -0.2167327123
4.0 -0.2167402435
5.0 -0.2167489075
6.0 -0.2167586171
7.0 -0.2167692767
8.0 -0.2167807822
9.0 -0.2167930225
10.0 -0.2168058803
11.0 -0.216819233
12.0 -0.2168329535
13.0 -0.2168469117
14.0 -0.2168609753
15.0 -0.2168750109
16.0 -0.2168888849
17.0 -0.2169024652
18.0 -0.2169156215
19.0 -0.216928227
20.0 -0.216940159
21.0 -0.2169513001
22.0 -0.2169615392
23.0 -0.216970772
24.0 -0.2169789026
25.0 -0.2169858434
26.0 -0.2169915166
27.0 -0.216995854
28.0 -0.2169987985
29.0 -0.2170003038
30.0 -0.2170003349
31.0 -0.216998869
32.0 -0.2169958947
33.0 -0.2169914131
34.0 -0.216985437
35.0 -0.2169779912
36.0 -0.2169691123
37.0 -0.2169588486
38.0 -0.2169472591
39.0 -0.2169344137
40.0 -0.2169203926
41.0 -0.2169052852
42.0 -0.21688919
43.0 -0.2168722135
44.0 -0.2168544696
45.0 -0.2168360784
46.0 -0.2168171658
47.0 -0.216797862
48.0 -0.2167783012
49.0 -0.2167586196
50.0 -0.2167389555
51.0 -0.2167194473
52.0 -0.2167002332
53.0 -0.2166814496
54.0 -0.2166632306
55.0 -0.2166457065
56.0 -0.2166290032
57.0 -0.2166132412
58.0 -0.2165985346
59.0 -0.2165849904
60.0 -0.2165727077
61.0 -0.2165617769
62.0 -0.2165522794
63.0 -0.2165442863
64.0 -0.2165378588
65.0 -0.2165330472
66.0 -0.2165298906
67.0 -0.216528417
68.0 -0.2165286429
69.0 -0.2165305729
70.0 -0.2165342005
71.0 -0.2165395075
72.0 -0.2165464643
73.0 -0.2165550304
74.0 -0.2165651546
75.0 -0.2165767754
76.0 -0.2165898214
77.0 -0.216604212
78.0 -0.2166198582
79.0 -0.2166366629
80.0 -0.2166545216
81.0 -0.2166733238
82.0 -0.216692953
83.0 -0.2167132883
84.0 -0.2167342046
85.0 -0.2167555741
86.0 -0.2167772669
87.0 -0.2167991519
88.0 -0.2168210978
89.0 -0.2168429737
90.0 -0.2168646505
91.0 -0.2168860012
92.0 -0.216906902
93.0 -0.2169272332
94.0 -0.2169468799
95.0 -0.2169657329
96.0 -0.2169836892
97.0 -0.2170006529
98.0 -0.2170165354
99.0 -0.2170312563
100.0 -0.2170447435
101.0 -0.2170569339
102.0 -0.2170677734
103.0 -0.2170772172
104.0 -0.2170852303
105.0 -0.2170917869
106.0 -0.2170968713
107.0 -0.2171004771
108.0 -0.2171026074
109.0 -0.2171032749
110.0 -0.2171025012
111.0 -0.2171003165
112.0 -0.2170967599
113.0 -0.2170918781
114.0 -0.2170857255
115.0 -0.2170783636
116.0 -0.2170698603
117.0 -0.2170602895
118.0 -0.21704973
119.0 -0.2170382655
120.0 -0.2170259835
121.0 -0.2170129746
122.0 -0.2169993319
123.0 -0.2169851505
124.0 -0.2169705262
125.0 -0.2169555556
126.0 -0.2169403347
127.0 -0.2169249589
128.0 -0.2169095219
129.0 -0.2168941154
130.0 -0.2168788285
131.0 -0.2168637471
132.0 -0.2168489537
133.0 -0.2168345265
134.0 -0.2168205396
135.0 -0.2168070624
136.0 -0.2167941592
137.0 -0.2167818892
138.0 -0.2167703062
139.0 -0.2167594583
140.0 -0.2167493878
141.0 -0.2167401313
142.0 -0.2167317192
143.0 -0.2167241755
144.0 -0.2167175185
145.0 -0.2167117599
146.0 -0.2167069057
147.0 -0.2167029555
148.0 -0.2166999034
149.0 -0.2166977378
150.0 -0.2166964419
151.0 -0.2166959936
152.0 -0.2166963665
153.0 -0.2166975293
154.0 -0.2166994465
155.0 -0.2167020787
156.0 -0.2167053825
157.0 -0.2167093109
158.0 -0.2167138137
159.0 -0.2167188378
160.0 -0.2167243274
161.0 -0.2167302247
162.0 -0.2167364702
163.0 -0.2167430033
164.0 -0.2167497629
165.0 -0.2167566876
166.0 -0.2167637167
167.0 -0.2167707901
168.0 -0.2167778494
169.0 -0.2167848375
170.0 -0.2167916995
171.0 -0.2167983827
172.0 -0.2168048367
173.0 -0.2168110138
174.0 -0.2168168684
175.0 -0.2168223578
176.0 -0.2168274409
177.0 -0.2168320788
178.0 -0.2168362332
179.0 -0.2168398662
180.0 -0.216842939
181.0 -0.2168454105
182.0 -0.2168472359
183.0 -0.2168483655
184.0 -0.2168487427
185.0 -0.2168483039
186.0 -0.2168469768
187.0 -0.2168446818
188.0 -0.216841332
189.0 -0.2168368354
190.0 -0.2168310981
191.0 -0.2168240274
192.0 -0.2168155361
193.0 -0.2168055474
194.0 -0.2167939991
195.0 -0.2167808483
196.0 -0.2167660745
197.0 -0.216749683
198.0 -0.2167317055
199.0 -0.2167122012
