0.000000 0.000000
0.137931 0.068589
0.275862 0.137957
0.413793 0.208962
0.551724 0.282655
0.689655 0.360400
0.827586 0.443906
0.965517 0.534238
1.103448 0.627732
1.241379 0.712515
1.379310 0.777888
1.517241 0.823911
1.655172 0.856082
1.793103 0.879291
1.931034 0.896674
2.068966 0.910125
2.206897 0.920806
2.344828 0.929462
2.482759 0.936597
2.620690 0.942547
2.758621 0.947578
2.896552 0.951866
3.034483 0.955575
3.172414 0.958746
3.310345 0.961533
3.448276 0.963983
3.586207 0.966144
3.724138 0.968058
3.862069 0.969762
4.000000 0.971288
