0.000000 0.000000
0.137931 0.068607
0.275862 0.138315
0.413793 0.210113
0.551724 0.285464
0.689655 0.366706
0.827586 0.458289
0.965517 0.572638
1.103448 0.716031
1.241379 0.790909
1.379310 0.836346
1.517241 0.867201
1.655172 0.889433
1.793103 0.906112
1.931034 0.918990
2.068966 0.929173
2.206897 0.937372
2.344828 0.944081
2.482759 0.949644
2.620690 0.954310
2.758621 0.958263
2.896552 0.961643
3.034483 0.964555
3.172414 0.967082
3.310345 0.969289
3.448276 0.971228
3.586207 0.972939
3.724138 0.974458
3.862069 0.975812
4.000000 0.977023
