0.000000 0.000000
0.137931 0.068460
0.275862 0.136878
0.413793 0.205084
0.551724 0.272686
0.689655 0.339044
0.827586 0.403320
0.965517 0.464594
1.103448 0.522007
1.241379 0.574891
1.379310 0.622838
1.517241 0.665722
1.655172 0.703656
1.793103 0.736932
1.931034 0.765950
2.068966 0.791164
2.206897 0.813031
2.344828 0.831990
2.482759 0.848442
2.620690 0.862741
2.758621 0.875198
2.896552 0.886081
3.034483 0.895617
3.172414 0.904001
3.310345 0.911396
3.448276 0.917940
3.586207 0.923751
3.724138 0.928928
3.862069 0.933555
4.000000 0.937703
