0.000000 0.000000
0.137931 0.068596
0.275862 0.138226
0.413793 0.209783
0.551724 0.284582
0.689655 0.364622
0.827586 0.453323
0.965517 0.557087
1.103448 0.675484
1.241379 0.766943
1.379310 0.820106
1.517241 0.854777
1.655172 0.879312
1.793103 0.897684
1.931034 0.911855
2.068966 0.923044
2.206897 0.932047
2.344828 0.939405
2.482759 0.945504
2.620690 0.950618
2.758621 0.954948
2.896552 0.958650
3.034483 0.961839
3.172414 0.964605
3.310345 0.967021
3.448276 0.969144
3.586207 0.971018
3.724138 0.972681
3.862069 0.974162
4.000000 0.975488
