0.000000 0.000000
0.137931 0.068610
0.275862 0.138344
0.413793 0.210217
0.551724 0.285745
0.689655 0.367372
0.827586 0.459875
0.965517 0.578036
1.103448 0.726221
1.241379 0.797725
1.379310 0.841424
1.517241 0.871190
1.655172 0.892674
1.793103 0.908807
1.931034 0.921273
2.068966 0.931133
2.206897 0.939076
2.344828 0.945577
2.482759 0.950968
2.620690 0.955491
2.758621 0.959324
2.896552 0.962600
3.034483 0.965424
3.172414 0.967874
3.310345 0.970015
3.448276 0.971894
3.586207 0.973554
3.724138 0.975027
3.862069 0.976339
4.000000 0.977514
