0.000000 0.000000
0.137931 0.068608
0.275862 0.138332
0.413793 0.210173
0.551724 0.285625
0.689655 0.367088
0.827586 0.459200
0.965517 0.575740
1.103448 0.722236
1.241379 0.794821
1.379310 0.839260
1.517241 0.869490
1.655172 0.891293
1.793103 0.907658
1.931034 0.920300
2.068966 0.930298
2.206897 0.938350
2.344828 0.944940
2.482759 0.950403
2.620690 0.954988
2.758621 0.958872
2.896552 0.962193
3.034483 0.965054
3.172414 0.967537
3.310345 0.969705
3.448276 0.971610
3.586207 0.973292
3.724138 0.974785
3.862069 0.976115
4.000000 0.977305
