0.000000 0.000016
0.137931 0.000006
0.275862 -0.000003
0.413793 0.000019
0.551724 0.000012
0.689655 -0.000168
0.827586 -0.002728
0.965517 -0.016491
1.103448 -0.059050
1.241379 -0.368197
1.379310 -0.062204
1.517241 -0.758318
1.655172 0.883989
1.793103 0.833088
1.931034 0.756618
2.068966 -0.901550
2.206897 0.309852
2.344828 -0.313632
2.482759 0.924115
2.620690 -0.646454
2.758621 -0.971835
2.896552 -0.972978
3.034483 0.973329
3.172414 0.968241
3.310345 0.280036
3.448276 -0.970405
3.586207 0.970245
3.724138 0.781337
3.862069 -0.858004
4.000000 -0.749189
