0.000000 -0.000054
0.137931 -0.000039
0.275862 -0.000003
0.413793 -0.000017
0.551724 0.000016
0.689655 -0.000051
0.827586 0.000124
0.965517 -0.000290
1.103448 0.000937
1.241379 0.001510
1.379310 -0.001749
1.517241 -0.008933
1.655172 -0.008333
1.793103 0.024032
1.931034 -0.031322
2.068966 -0.014514
2.206897 0.054501
2.344828 0.064782
2.482759 0.071017
2.620690 -0.110860
2.758621 0.070699
2.896552 0.166221
3.034483 -0.091888
3.172414 0.158302
3.310345 -0.138755
3.448276 0.337753
3.586207 -0.386402
3.724138 0.386475
3.862069 0.390489
4.000000 -0.471771
