0.000000 -0.000008
0.137931 -0.000012
0.275862 0.000004
0.413793 -0.000009
0.551724 -0.000009
0.689655 -0.000110
0.827586 -0.001306
0.965517 -0.043633
1.103448 0.683352
1.241379 -0.856506
1.379310 -0.706302
1.517241 0.833085
1.655172 -0.896467
1.793103 -0.946905
1.931034 -0.954938
2.068966 -0.956201
2.206897 0.021474
2.344828 -0.969896
2.482759 -0.939961
2.620690 0.284185
2.758621 -0.976695
2.896552 0.324070
3.034483 -0.969069
3.172414 0.981459
3.310345 -0.978923
3.448276 0.985012
3.586207 -0.908689
3.724138 -0.983767
3.862069 0.868957
4.000000 0.988119
