0.000000 -0.000001
0.137931 0.000000
0.275862 -0.000000
0.413793 0.000000
0.551724 0.000000
0.689655 0.000000
0.827586 0.000000
0.965517 0.000000
1.103448 -0.000004
1.241379 0.000093
1.379310 -0.000951
1.517241 -0.005723
1.655172 -0.010860
1.793103 0.024979
1.931034 0.040907
2.068966 -0.083176
2.206897 -0.154281
2.344828 0.105553
2.482759 0.442492
2.620690 0.625073
2.758621 0.669790
2.896552 0.769954
3.034483 0.870712
3.172414 0.972510
3.310345 0.013938
3.448276 -0.822646
3.586207 0.210846
3.724138 0.972389
3.862069 0.591356
4.000000 -0.605962
