0.000000 -0.000001
0.137931 -0.000000
0.275862 0.000000
0.413793 0.000000
0.551724 0.000000
0.689655 0.000000
0.827586 0.000000
0.965517 -0.000000
1.103448 0.000000
1.241379 0.000000
1.379310 0.000000
1.517241 0.000000
1.655172 0.000000
1.793103 0.000000
1.931034 -0.000000
2.068966 -0.000001
2.206897 0.000002
2.344828 0.000005
2.482759 0.000011
2.620690 0.000017
2.758621 0.000006
2.896552 -0.000030
3.034483 0.000069
3.172414 0.000157
3.310345 0.000216
3.448276 -0.000245
3.586207 -0.000508
3.724138 -0.000569
3.862069 -0.000349
4.000000 0.000570
