0.000000 0.000033
0.137931 -0.000001
0.275862 -0.000005
0.413793 0.000004
0.551724 0.000012
0.689655 -0.000004
0.827586 0.002538
0.965517 -0.037304
1.103448 0.118134
1.241379 -0.848958
1.379310 0.684247
1.517241 -0.916702
1.655172 -0.815553
1.793103 -0.914597
1.931034 0.485794
2.068966 0.957991
2.206897 -0.949173
2.344828 -0.067956
2.482759 0.479042
2.620690 0.964140
2.758621 -0.977272
2.896552 0.423219
3.034483 0.165278
3.172414 0.957529
3.310345 0.976225
3.448276 -0.800340
3.586207 -0.826399
3.724138 -0.923390
3.862069 -0.974683
4.000000 -0.934039
