0.000000 0.000002
0.137931 0.000007
0.275862 0.000007
0.413793 0.000003
0.551724 0.000008
0.689655 0.000282
0.827586 -0.000236
0.965517 0.049361
1.103448 -0.658855
1.241379 0.236370
1.379310 0.851628
1.517241 -0.697309
1.655172 0.869784
1.793103 -0.948318
1.931034 -0.955925
2.068966 0.305902
2.206897 -0.909471
2.344828 0.970171
2.482759 0.970039
2.620690 0.637046
2.758621 -0.977150
2.896552 -0.980167
3.034483 -0.951818
3.172414 -0.539527
3.310345 -0.974375
3.448276 -0.363200
3.586207 0.888995
3.724138 -0.986384
3.862069 0.145544
4.000000 0.988343
