0.000000 1.000000
0.137931 0.997665
0.275862 0.990761
0.413793 0.979578
0.551724 0.964563
0.689655 0.946276
0.827586 0.925334
0.965517 0.902364
1.103448 0.877964
1.241379 0.852676
1.379310 0.826968
1.517241 0.801230
1.655172 0.775772
1.793103 0.750836
1.931034 0.726598
2.068966 0.703184
2.206897 0.680677
2.344828 0.659123
2.482759 0.638543
2.620690 0.618940
2.758621 0.600298
2.896552 0.582594
3.034483 0.565795
3.172414 0.549864
3.310345 0.534763
3.448276 0.520450
3.586207 0.506884
3.724138 0.494025
3.862069 0.481832
4.000000 0.470269
