0.000000 1.000000
0.137931 0.995365
0.275862 0.981225
0.413793 0.956925
0.551724 0.921175
0.689655 0.871517
0.827586 0.802811
0.965517 0.699844
1.103448 0.551747
1.241379 0.468804
1.379310 0.412286
1.517241 0.369936
1.655172 0.336621
1.793103 0.309567
1.931034 0.287112
2.068966 0.268144
2.206897 0.251912
2.344828 0.237858
2.482759 0.225583
2.620690 0.214772
2.758621 0.205186
2.896552 0.196638
3.034483 0.188976
3.172414 0.182073
3.310345 0.175830
3.448276 0.170162
3.586207 0.165002
3.724138 0.160287
3.862069 0.155967
4.000000 0.152001
