0.000000 1.000000
0.137931 0.996244
0.275862 0.984895
0.413793 0.965719
0.551724 0.938353
0.689655 0.902426
0.827586 0.857848
0.965517 0.805309
1.103448 0.746744
1.241379 0.685301
1.379310 0.624598
1.517241 0.567684
1.655172 0.516412
1.793103 0.471435
1.931034 0.432568
2.068966 0.399196
2.206897 0.370558
2.344828 0.345910
2.482759 0.324589
2.620690 0.306035
2.758621 0.289788
2.896552 0.275469
3.034483 0.262775
3.172414 0.251457
3.310345 0.241312
3.448276 0.232175
3.586207 0.223909
3.724138 0.216400
3.862069 0.209555
4.000000 0.203291
