0.000000 1.000000
0.137931 0.995345
0.275862 0.981141
0.413793 0.956724
0.551724 0.920782
0.689655 0.870805
0.827586 0.801502
0.965517 0.696585
1.103448 0.546324
1.241379 0.464409
1.379310 0.408598
1.517241 0.366726
1.655172 0.333764
1.793103 0.306989
1.931034 0.284759
2.068966 0.265980
2.206897 0.249908
2.344828 0.235992
2.482759 0.223838
2.620690 0.213133
2.758621 0.203643
2.896552 0.195182
3.034483 0.187595
3.172414 0.180762
3.310345 0.174583
3.448276 0.168976
3.586207 0.163868
3.724138 0.159203
3.862069 0.154930
4.000000 0.151006
