0.000000 1.000000
0.137931 0.996875
0.275862 0.987508
0.413793 0.971948
0.551724 0.950363
0.689655 0.923133
0.827586 0.890915
0.965517 0.854643
1.103448 0.815463
1.241379 0.774605
1.379310 0.733252
1.517241 0.692431
1.655172 0.652947
1.793103 0.615366
1.931034 0.580042
2.068966 0.547148
2.206897 0.516724
2.344828 0.488716
2.482759 0.463012
2.620690 0.439462
2.758621 0.417904
2.896552 0.398170
3.034483 0.380098
3.172414 0.363531
3.310345 0.348326
3.448276 0.334353
3.586207 0.321491
3.724138 0.309634
3.862069 0.298685
4.000000 0.288558
