0.000000 1.000000
0.137931 0.995535
0.275862 0.981926
0.413793 0.958602
0.551724 0.924453
0.689655 0.877446
0.827586 0.813724
0.965517 0.725485
1.103448 0.609679
1.241379 0.508816
1.379310 0.443538
1.517241 0.396714
1.655172 0.360386
1.793103 0.331047
1.931034 0.306715
2.068966 0.286176
2.206897 0.268605
2.344828 0.253404
2.482759 0.240119
2.620690 0.228419
2.758621 0.218046
2.896552 0.208786
3.034483 0.200480
3.172414 0.192997
3.310345 0.186220
3.448276 0.180064
3.586207 0.174451
3.724138 0.169319
3.862069 0.164615
4.000000 0.160287
