0.000000 1.000000

0.137931 0.995392

0.275862 0.981337

0.413793 0.957193

0.551724 0.921700

0.689655 0.872465

0.827586 0.804555

0.965517 0.704081

1.103448 0.558924

1.241379 0.474670

1.379310 0.417203

1.517241 0.374217

1.655172 0.340429

1.793103 0.313004

1.931034 0.290248

2.068966 0.271029

2.206897 0.254584

2.344828 0.240345

2.482759 0.227907

2.620690 0.216956

2.758621 0.207244

2.896552 0.198582

3.034483 0.190817

3.172414 0.183821

3.310345 0.177492

3.448276 0.171747

3.586207 0.166515

3.724138 0.161732

3.862069 0.157351

4.000000 0.153327
