0.000000 1.000000

0.137931 0.995778

0.275862 0.982908

0.413793 0.960950

0.551724 0.929042

0.689655 0.885745

0.827586 0.828888

0.965517 0.756206

1.103448 0.669464

1.241379 0.580497

1.379310 0.504076

1.517241 0.444740

1.655172 0.399295

1.793103 0.363325

1.931034 0.332347

2.068966 0.311479

2.206897 0.291606

2.344828 0.275028

2.482759 0.260521

2.620690 0.247457

2.758621 0.236077

2.896552 0.225838

3.034483 0.216571

3.172414 0.208289

3.310345 0.200761

3.448276 0.193932

3.586207 0.187681

3.724138 0.181967

3.862069 0.176714

4.000000 0.171882
