0.000000 -1.000000
0.103448 -1.002543
0.206897 -1.010190
0.310345 -1.022999
0.413793 -1.041068
0.517241 -1.064548
0.620690 -1.093654
0.724138 -1.128697
0.827586 -1.170123
0.931034 -1.218614
1.034483 -1.275167
1.137931 -1.340482
1.241379 -1.413310
1.344828 -1.491305
1.448276 -1.572824
1.551724 -1.656909
1.655172 -1.742987
1.758621 -1.830626
1.862069 -1.919532
1.965517 -2.009484
2.068966 -2.100309
2.172414 -2.191870
2.275862 -2.284060
2.379310 -2.376789
2.482759 -2.469985
2.586207 -2.563589
2.689655 -2.657549
2.793103 -2.751824
2.896552 -2.846378
3.000000 -2.941180
