0.000000 -1.000000
0.111111 -1.003027
0.222222 -1.012134
0.333333 -1.027407
0.444444 -1.048994
0.555556 -1.077127
0.666667 -1.112153
0.777778 -1.154596
0.888889 -1.205313
1.000000 -1.265985
1.111111 -1.342645
1.222222 -1.426332
1.333333 -1.515339
1.444444 -1.608027
1.555556 -1.703422
1.666667 -1.800887
1.777778 -1.899979
1.888889 -2.000376
2.000000 -2.091890
2.111111 -2.193516
2.222222 -2.295889
2.333333 -2.398895
2.444444 -2.502441
2.555556 -2.606451
2.666667 -2.710863
2.777778 -2.815627
2.888889 -2.920698
3.000000 -3.026039
3.111111 -3.131621
3.222222 -3.237415
3.333333 -3.343399
3.444444 -3.449552
3.555556 -3.555858
3.666667 -3.662301
3.777778 -3.768867
3.888889 -3.875545
4.000000 -3.982324
