0.000000 -1.000000
0.111111 -1.003044
0.222222 -1.012206
0.333333 -1.027569
0.444444 -1.049287
0.555556 -1.077598
0.666667 -1.112854
0.777778 -1.155597
0.888889 -1.206716
1.000000 -1.268035
1.111111 -1.342645
1.222222 -1.426332
1.333333 -1.515339
1.444444 -1.608027
1.555556 -1.703422
1.666667 -1.800887
1.777778 -1.899979
1.888889 -2.000376
2.000000 -2.101837
2.111111 -2.204180
2.222222 -2.307262
2.333333 -2.410968
2.444444 -2.515207
2.555556 -2.619905
2.666667 -2.725001
2.777778 -2.830444
2.888889 -2.936190
3.000000 -3.042203
3.111111 -3.148453
3.222222 -3.254914
3.333333 -3.361562
3.444444 -3.468377
3.555556 -3.575343
3.666667 -3.682443
3.777778 -3.789666
3.888889 -3.896999
4.000000 -4.004431
