0.000000 -1.000000
0.103448 -1.002409
0.206897 -1.009651
0.310345 -1.021773
0.413793 -1.038854
0.517241 -1.061014
0.620690 -1.088420
0.724138 -1.121296
0.827586 -1.159936
0.931034 -1.204698
1.034483 -1.255924
1.137931 -1.313738
1.241379 -1.377773
1.344828 -1.447139
1.448276 -1.520732
1.551724 -1.597552
1.655172 -1.676829
1.758621 -1.758007
1.862069 -1.840689
1.965517 -1.924584
2.068966 -2.009477
2.172414 -2.095203
2.275862 -2.181634
2.379310 -2.268667
2.482759 -2.356218
2.586207 -2.444221
2.689655 -2.532621
2.793103 -2.621365
2.896552 -2.710416
3.000000 -2.799749
