0.000000 -1.000000
0.111111 -1.003058
0.222222 -1.012259
0.333333 -1.027691
0.444444 -1.049508
0.555556 -1.077950
0.666667 -1.113380
0.777778 -1.156347
0.888889 -1.207768
1.000000 -1.269579
1.111111 -1.345168
1.222222 -1.429609
1.333333 -1.519298
1.444444 -1.612622
1.555556 -1.708624
1.666667 -1.806675
1.777778 -1.906336
1.888889 -2.007289
2.000000 -2.109297
2.111111 -2.212178
2.222222 -2.315791
2.333333 -2.420022
2.444444 -2.524782
2.555556 -2.629996
2.666667 -2.735605
2.777778 -2.841556
2.888889 -2.947809
3.000000 -3.054326
3.111111 -3.161078
3.222222 -3.268038
3.333333 -3.375184
3.444444 -3.482495
3.555556 -3.589956
3.666667 -3.697550
3.777778 -3.805265
3.888889 -3.913089
4.000000 -4.021012
