100.0 -0.9801281858141835
69.51927961775606 -0.9715423749023143
48.32930238571752 -0.9593277332677745
33.59818286283783 -0.9420377422120072
23.357214690901223 -0.9177447701640871
16.237767391887218 -0.8839883227257859
11.288378916846895 -0.8378566585623006
7.847599703514614 -0.7763841639560958
5.455594781168521 -0.6975432711520587
3.7926901907322494 -0.6020177075083688
2.636650898730358 -0.4951896565586901
1.8329807108324367 -0.38725640642185954
1.2742749857031341 -0.28949639831752794
0.8858667904100831 -0.2090565664370825
0.6158482110660267 -0.1472140295158721
0.4281332398719396 -0.10143986654049976
0.2976351441631319 -0.0680241882405144
0.20691380811147903 -0.04358651971702516
0.14384498882876628 -0.025688469031614935
0.1 -0.013024367671336853
