100.0 -0.9849854067762788
69.51927961775606 -0.9784702808059664
48.32930238571752 -0.9691652608050764
33.59818286283783 -0.9559196616510933
23.357214690901223 -0.9371529369697968
16.237767391887218 -0.9107448923885231
11.288378916846895 -0.8739538351019068
7.847599703514614 -0.8234490527302765
5.455594781168521 -0.7556339660942176
3.7926901907322494 -0.667584429772199
2.636650898730358 -0.5590928568344311
1.8329807108324367 -0.4361588025226049
1.2742749857031341 -0.3150323942523015
0.8858667904100831 -0.21860647503675515
0.6158482110660267 -0.1504751072620137
0.4281332398719396 -0.10249453872902774
0.2976351441631319 -0.06834041931966552
0.20691380811147903 -0.04366948255973365
0.14384498882876628 -0.02570543206804924
0.1 -0.013026577423079878
