100.0 -0.9899854067471193
69.51927961775606 -0.9874702808155729
48.32930238571752 -0.9839165260805077
33.59818286283783 -0.9739195942995533
23.357214690901223 -0.9571521135196551
16.237767391887218 -0.9407441490884939
11.288378916846895 -0.9139531977714129
7.847599703514614 -0.8834484913755247
5.455594781168521 -0.8156331350654125
3.7926901907322494 -0.7275841789965287
2.636650898730358 -0.6291012224242883
1.8329807108324367 -0.4962606308838541
1.2742749857031341 -0.37530478451827393
0.8858667904100831 -0.25861092407584903
0.6158482110660267 -0.17047511926786392
0.4281332398719396 -0.11249454053267212
0.2976351441631319 -0.06983404193196815
0.20691380811147903 -0.04366948255973297
0.14384498882876628 -0.02570543206804925
0.1 -0.013026577423080093
