100.0 -0.9849854040608426
69.51927961775606 -0.9784702986470929
48.32930238571752 -0.9691652131913293
33.59818286283783 -0.9559194577871474
23.357214690901223 -0.9371521260249615
16.237767391887218 -0.9107419939652721
11.288378916846895 -0.8739403683701588
7.847599703514614 -0.823396365833765
5.455594781168521 -0.7554373078435773
3.7926901907322494 -0.6669296530399971
2.636650898730358 -0.557318284386651
1.8329807108324367 -0.4331062489178513
1.2742749857031341 -0.31334076301865377
0.8858667904100831 -0.21843947419231627
0.6158482110660267 -0.1504667408969604
0.4281332398719396 -0.10249416224830421
0.2976351441631319 -0.06834040111209323
0.20691380811147903 -0.04366948166348285
0.14384498882876628 -0.025705432012718767
0.1 -0.01302657741933108
