100.0 -0.9849854065291253
69.51927961775606 -0.9784702808156012
48.32930238571752 -0.9691652608050455
33.59818286283783 -0.9559196616511086
23.357214690901223 -0.9371521135196601
16.237767391887218 -0.9107441490897552
11.288378916846895 -0.8739531977714294
7.847599703514614 -0.8234485041232957
5.455594781168521 -0.7556336111555703
3.7926901907322494 -0.667584512386843
2.636650898730358 -0.5591016632320601
1.8329807108324367 -0.4362607833215375
1.2742749857031341 -0.31529011623942155
0.8858667904100831 -0.21861087413579272
0.6158482110660267 -0.15047511926781665
0.4281332398719396 -0.10249454053267225
0.2976351441631319 -0.06834041931968093
0.20691380811147903 -0.043669482559733415
0.14384498882876628 -0.025705432068049414
0.1 -0.013026577423080242
