0.000000 0.779273
1.000000 0.936436
2.000000 0.984035
3.000000 0.999082
4.000000 1.003875
5.000000 1.005401
6.000000 1.005886
7.000000 1.006040
8.000000 1.006089
9.000000 1.006104
10.000000 1.006109
11.000000 1.006110
12.000000 1.006111
13.000000 1.006111
14.000000 1.006111
15.000000 1.006111
16.000000 1.006111
17.000000 1.006111
18.000000 1.006111
19.000000 1.006111
20.000000 1.006111
21.000000 1.006111
22.000000 1.006111
23.000000 1.006111
24.000000 1.006111
25.000000 1.006111
26.000000 1.006111
27.000000 1.006111
28.000000 1.006111
29.000000 1.006111
30.000000 1.006111
31.000000 1.006111
32.000000 1.006111
33.000000 1.006111
34.000000 1.006111
35.000000 1.006111
36.000000 1.006111
37.000000 1.006110
38.000000 1.006109
39.000000 1.006104
40.000000 1.006089
41.000000 1.006040
42.000000 1.005886
43.000000 1.005401
44.000000 1.003875
45.000000 0.999082
46.000000 0.984035
47.000000 0.936436
48.000000 0.779273
