0.000000 0.258271
1.000000 0.300545
2.000000 0.315239
3.000000 0.321515
4.000000 0.324478
5.000000 0.325964
6.000000 0.326739
7.000000 0.327154
8.000000 0.327382
9.000000 0.327509
10.000000 0.327580
11.000000 0.327621
12.000000 0.327645
13.000000 0.327658
14.000000 0.327666
15.000000 0.327671
16.000000 0.327674
17.000000 0.327675
18.000000 0.327676
19.000000 0.327677
20.000000 0.327677
21.000000 0.327678
22.000000 0.327678
23.000000 0.327678
24.000000 0.327678
25.000000 0.327678
26.000000 0.327678
27.000000 0.327678
28.000000 0.327678
29.000000 0.327678
30.000000 0.327678
31.000000 0.327678
32.000000 0.327678
33.000000 0.327678
34.000000 0.327678
35.000000 0.327678
36.000000 0.327678
37.000000 0.327678
38.000000 0.327678
39.000000 0.327678
40.000000 0.327678
41.000000 0.327678
42.000000 0.327678
43.000000 0.327678
44.000000 0.327678
45.000000 0.327678
46.000000 0.327678
47.000000 0.327678
48.000000 0.327678
49.000000 0.327678
50.000000 0.327678
51.000000 0.327678
52.000000 0.327678
53.000000 0.327678
54.000000 0.327678
55.000000 0.327678
56.000000 0.327678
57.000000 0.327678
58.000000 0.327678
59.000000 0.327678
60.000000 0.327678
61.000000 0.327678
62.000000 0.327678
63.000000 0.327678
64.000000 0.327678
65.000000 0.327678
66.000000 0.327678
67.000000 0.327678
68.000000 0.327678
69.000000 0.327678
70.000000 0.327678
71.000000 0.327678
72.000000 0.327678
73.000000 0.327678
74.000000 0.327678
75.000000 0.327678
76.000000 0.327678
77.000000 0.327678
78.000000 0.327677
79.000000 0.327677
80.000000 0.327676
81.000000 0.327675
82.000000 0.327674
83.000000 0.327671
84.000000 0.327666
85.000000 0.327658
86.000000 0.327645
87.000000 0.327621
88.000000 0.327580
89.000000 0.327509
90.000000 0.327382
91.000000 0.327154
92.000000 0.326739
93.000000 0.325964
94.000000 0.324478
95.000000 0.321515
96.000000 0.315239
97.000000 0.300545
98.000000 0.258271
