0.000000 0.779273
1.000000 0.936435
2.000000 0.984035
3.000000 0.999082
4.000000 1.003874
5.000000 1.005401
6.000000 1.005886
7.000000 1.006040
8.000000 1.006089
9.000000 1.006104
10.000000 1.006109
11.000000 1.006110
12.000000 1.006111
13.000000 1.006111
14.000000 1.006111
15.000000 1.006111
16.000000 1.006111
17.000000 1.006111
18.000000 1.006111
19.000000 1.006111
20.000000 1.006111
21.000000 1.006111
22.000000 1.006111
23.000000 1.006111
24.000000 1.006111
25.000000 1.006111
26.000000 1.006111
27.000000 1.006111
28.000000 1.006111
29.000000 1.006111
30.000000 1.006111
31.000000 1.006111
32.000000 1.006111
33.000000 1.006111
34.000000 1.006111
35.000000 1.006111
36.000000 1.006111
37.000000 1.006111
38.000000 1.006111
39.000000 1.006111
40.000000 1.006111
41.000000 1.006111
42.000000 1.006111
43.000000 1.006111
44.000000 1.006111
45.000000 1.006111
46.000000 1.006111
47.000000 1.006111
48.000000 1.006111
49.000000 1.006111
50.000000 1.006111
51.000000 1.006111
52.000000 1.006111
53.000000 1.006111
54.000000 1.006111
55.000000 1.006111
56.000000 1.006111
57.000000 1.006111
58.000000 1.006111
59.000000 1.006111
60.000000 1.006111
61.000000 1.006111
62.000000 1.006111
63.000000 1.006111
64.000000 1.006111
65.000000 1.006111
66.000000 1.006111
67.000000 1.006111
68.000000 1.006111
69.000000 1.006111
70.000000 1.006111
71.000000 1.006111
72.000000 1.006111
73.000000 1.006111
74.000000 1.006111
75.000000 1.006111
76.000000 1.006111
77.000000 1.006111
78.000000 1.006111
79.000000 1.006111
80.000000 1.006111
81.000000 1.006111
82.000000 1.006111
83.000000 1.006111
84.000000 1.006111
85.000000 1.006111
86.000000 1.006111
87.000000 1.006110
88.000000 1.006109
89.000000 1.006104
90.000000 1.006089
91.000000 1.006040
92.000000 1.005886
93.000000 1.005401
94.000000 1.003874
95.000000 0.999082
96.000000 0.984035
97.000000 0.936435
98.000000 0.779273
