0.000000 0.596895
1.000000 0.784441
2.000000 0.884560
3.000000 0.942652
4.000000 0.977240
5.000000 0.998031
6.000000 1.010572
7.000000 1.018144
8.000000 1.022715
9.000000 1.025471
10.000000 1.027132
11.000000 1.028132
12.000000 1.028733
13.000000 1.029095
14.000000 1.029311
15.000000 1.029442
16.000000 1.029519
17.000000 1.029566
18.000000 1.029594
19.000000 1.029611
20.000000 1.029621
21.000000 1.029627
22.000000 1.029630
23.000000 1.029632
24.000000 1.029632
25.000000 1.029632
26.000000 1.029630
27.000000 1.029627
28.000000 1.029621
29.000000 1.029611
30.000000 1.029594
31.000000 1.029566
32.000000 1.029519
33.000000 1.029442
34.000000 1.029311
35.000000 1.029095
36.000000 1.028733
37.000000 1.028132
38.000000 1.027132
39.000000 1.025471
40.000000 1.022715
41.000000 1.018144
42.000000 1.010572
43.000000 0.998031
44.000000 0.977240
45.000000 0.942652
46.000000 0.884560
47.000000 0.784441
48.000000 0.596895
