0.000000 0.007465
1.000000 0.007486
2.000000 0.007486
3.000000 0.007486
4.000000 0.007486
5.000000 0.007486
6.000000 0.007486
7.000000 0.007486
8.000000 0.007486
9.000000 0.007486
10.000000 0.007486
11.000000 0.007486
12.000000 0.007486
13.000000 0.007486
14.000000 0.007486
15.000000 0.007486
16.000000 0.007486
17.000000 0.007486
18.000000 0.007486
19.000000 0.007486
20.000000 0.007486
21.000000 0.007486
22.000000 0.007486
23.000000 0.007486
24.000000 0.007486
25.000000 0.007486
26.000000 0.007486
27.000000 0.007486
28.000000 0.007486
29.000000 0.007486
30.000000 0.007486
31.000000 0.007486
32.000000 0.007486
33.000000 0.007486
34.000000 0.007486
35.000000 0.007486
36.000000 0.007486
37.000000 0.007486
38.000000 0.007486
39.000000 0.007486
40.000000 0.007486
41.000000 0.007486
42.000000 0.007486
43.000000 0.007486
44.000000 0.007486
45.000000 0.007486
46.000000 0.007486
47.000000 0.007486
48.000000 0.007486
49.000000 0.007486
50.000000 0.007486
51.000000 0.007486
52.000000 0.007486
53.000000 0.007486
54.000000 0.007486
55.000000 0.007486
56.000000 0.007486
57.000000 0.007486
58.000000 0.007486
59.000000 0.007486
60.000000 0.007486
61.000000 0.007486
62.000000 0.007486
63.000000 0.007486
64.000000 0.007486
65.000000 0.007486
66.000000 0.007486
67.000000 0.007486
68.000000 0.007486
69.000000 0.007486
70.000000 0.007486
71.000000 0.007486
72.000000 0.007486
73.000000 0.007486
74.000000 0.007486
75.000000 0.007486
76.000000 0.007486
77.000000 0.007486
78.000000 0.007486
79.000000 0.007486
80.000000 0.007486
81.000000 0.007486
82.000000 0.007486
83.000000 0.007486
84.000000 0.007486
85.000000 0.007486
86.000000 0.007486
87.000000 0.007486
88.000000 0.007486
89.000000 0.007486
90.000000 0.007486
91.000000 0.007486
92.000000 0.007486
93.000000 0.007486
94.000000 0.007486
95.000000 0.007486
96.000000 0.007486
97.000000 0.007486
98.000000 0.007465
