0.000000 0.535916
1.000000 0.712226
2.000000 0.817357
3.000000 0.887037
4.000000 0.934900
5.000000 0.968271
6.000000 0.991701
7.000000 1.008203
8.000000 1.019844
9.000000 1.028059
10.000000 1.033856
11.000000 1.037945
12.000000 1.040827
13.000000 1.042858
14.000000 1.044287
15.000000 1.045293
16.000000 1.045999
17.000000 1.046494
18.000000 1.046840
19.000000 1.047080
20.000000 1.047245
21.000000 1.047356
22.000000 1.047426
23.000000 1.047465
24.000000 1.047478
25.000000 1.047465
26.000000 1.047426
27.000000 1.047356
28.000000 1.047245
29.000000 1.047080
30.000000 1.046840
31.000000 1.046494
32.000000 1.045999
33.000000 1.045293
34.000000 1.044287
35.000000 1.042858
36.000000 1.040827
37.000000 1.037945
38.000000 1.033856
39.000000 1.028059
40.000000 1.019844
41.000000 1.008203
42.000000 0.991701
43.000000 0.968271
44.000000 0.934900
45.000000 0.887037
46.000000 0.817357
47.000000 0.712226
48.000000 0.535916
