0.000000 -0.000000
0.102564 0.007829
0.205128 0.026430
0.307692 0.053602
0.410256 0.088905
0.512821 0.132870
0.615385 0.187038
0.717949 0.254231
0.820513 0.338638
0.923077 0.444317
1.025641 0.569755
1.128205 0.700543
1.230769 0.813197
1.333333 0.892964
1.435897 0.941698
1.538462 0.969063
1.641026 0.983880
1.743590 0.991824
1.846154 0.996087
1.948718 0.998377
2.051282 0.999600
2.153846 1.000238
2.256410 1.000554
2.358974 1.000692
2.461538 1.000732
2.564103 1.000720
2.666667 1.000680
2.769231 1.000629
2.871795 1.000573
2.974359 1.000517
3.076923 1.000465
3.179487 1.000416
3.282051 1.000372
3.384615 1.000332
3.487179 1.000296
3.589744 1.000264
3.692308 1.000236
3.794872 1.000211
3.897436 1.000189
4.000000 1.000169
