0.000000 0.025007
1.000000 0.025282
2.000000 0.025287
3.000000 0.025288
4.000000 0.025288
5.000000 0.025288
6.000000 0.025288
7.000000 0.025288
8.000000 0.025288
9.000000 0.025288
10.000000 0.025288
11.000000 0.025288
12.000000 0.025288
13.000000 0.025288
14.000000 0.025288
15.000000 0.025288
16.000000 0.025288
17.000000 0.025288
18.000000 0.025288
19.000000 0.025288
20.000000 0.025288
21.000000 0.025288
22.000000 0.025288
23.000000 0.025288
24.000000 0.025288
25.000000 0.025288
26.000000 0.025288
27.000000 0.025288
28.000000 0.025288
29.000000 0.025288
30.000000 0.025288
31.000000 0.025288
32.000000 0.025288
33.000000 0.025288
34.000000 0.025288
35.000000 0.025288
36.000000 0.025288
37.000000 0.025288
38.000000 0.025288
39.000000 0.025288
40.000000 0.025288
41.000000 0.025288
42.000000 0.025288
43.000000 0.025288
44.000000 0.025288
45.000000 0.025288
46.000000 0.025288
47.000000 0.025288
48.000000 0.025288
49.000000 0.025288
50.000000 0.025288
51.000000 0.025288
52.000000 0.025288
53.000000 0.025288
54.000000 0.025288
55.000000 0.025288
56.000000 0.025288
57.000000 0.025288
58.000000 0.025288
59.000000 0.025288
60.000000 0.025288
61.000000 0.025288
62.000000 0.025288
63.000000 0.025288
64.000000 0.025288
65.000000 0.025288
66.000000 0.025288
67.000000 0.025288
68.000000 0.025288
69.000000 0.025288
70.000000 0.025288
71.000000 0.025288
72.000000 0.025288
73.000000 0.025288
74.000000 0.025288
75.000000 0.025288
76.000000 0.025288
77.000000 0.025288
78.000000 0.025288
79.000000 0.025288
80.000000 0.025288
81.000000 0.025288
82.000000 0.025288
83.000000 0.025288
84.000000 0.025288
85.000000 0.025288
86.000000 0.025288
87.000000 0.025288
88.000000 0.025288
89.000000 0.025288
90.000000 0.025288
91.000000 0.025288
92.000000 0.025288
93.000000 0.025288
94.000000 0.025288
95.000000 0.025288
96.000000 0.025287
97.000000 0.025282
98.000000 0.025007
