0.000000 0.915564
1.000000 0.990733
2.000000 0.999498
3.000000 1.000538
4.000000 1.000661
5.000000 1.000676
6.000000 1.000677
7.000000 1.000678
8.000000 1.000678
9.000000 1.000678
10.000000 1.000678
11.000000 1.000678
12.000000 1.000678
13.000000 1.000678
14.000000 1.000678
15.000000 1.000678
16.000000 1.000678
17.000000 1.000678
18.000000 1.000678
19.000000 1.000678
20.000000 1.000678
21.000000 1.000678
22.000000 1.000678
23.000000 1.000678
24.000000 1.000678
25.000000 1.000678
26.000000 1.000678
27.000000 1.000678
28.000000 1.000678
29.000000 1.000678
30.000000 1.000678
31.000000 1.000678
32.000000 1.000678
33.000000 1.000678
34.000000 1.000678
35.000000 1.000678
36.000000 1.000678
37.000000 1.000678
38.000000 1.000678
39.000000 1.000678
40.000000 1.000678
41.000000 1.000678
42.000000 1.000678
43.000000 1.000678
44.000000 1.000678
45.000000 1.000678
46.000000 1.000678
47.000000 1.000678
48.000000 1.000678
49.000000 1.000678
50.000000 1.000678
51.000000 1.000678
52.000000 1.000678
53.000000 1.000678
54.000000 1.000678
55.000000 1.000678
56.000000 1.000678
57.000000 1.000678
58.000000 1.000678
59.000000 1.000678
60.000000 1.000678
61.000000 1.000678
62.000000 1.000678
63.000000 1.000678
64.000000 1.000678
65.000000 1.000678
66.000000 1.000678
67.000000 1.000678
68.000000 1.000678
69.000000 1.000678
70.000000 1.000678
71.000000 1.000678
72.000000 1.000678
73.000000 1.000678
74.000000 1.000678
75.000000 1.000678
76.000000 1.000678
77.000000 1.000678
78.000000 1.000678
79.000000 1.000678
80.000000 1.000678
81.000000 1.000678
82.000000 1.000678
83.000000 1.000678
84.000000 1.000678
85.000000 1.000678
86.000000 1.000678
87.000000 1.000678
88.000000 1.000678
89.000000 1.000678
90.000000 1.000678
91.000000 1.000678
92.000000 1.000677
93.000000 1.000676
94.000000 1.000661
95.000000 1.000538
96.000000 0.999498
97.000000 0.990733
98.000000 0.915564
