0.000000 0.800679
1.000000 0.948243
2.000000 0.988676
3.000000 1.000193
4.000000 1.003493
5.000000 1.004438
6.000000 1.004708
7.000000 1.004785
8.000000 1.004807
9.000000 1.004813
10.000000 1.004815
11.000000 1.004815
12.000000 1.004815
13.000000 1.004815
14.000000 1.004815
15.000000 1.004815
16.000000 1.004815
17.000000 1.004815
18.000000 1.004815
19.000000 1.004815
20.000000 1.004815
21.000000 1.004815
22.000000 1.004815
23.000000 1.004815
24.000000 1.004815
25.000000 1.004815
26.000000 1.004815
27.000000 1.004815
28.000000 1.004815
29.000000 1.004815
30.000000 1.004815
31.000000 1.004815
32.000000 1.004815
33.000000 1.004815
34.000000 1.004815
35.000000 1.004815
36.000000 1.004815
37.000000 1.004815
38.000000 1.004815
39.000000 1.004815
40.000000 1.004815
41.000000 1.004815
42.000000 1.004815
43.000000 1.004815
44.000000 1.004815
45.000000 1.004815
46.000000 1.004815
47.000000 1.004815
48.000000 1.004815
49.000000 1.004815
50.000000 1.004815
51.000000 1.004815
52.000000 1.004815
53.000000 1.004815
54.000000 1.004815
55.000000 1.004815
56.000000 1.004815
57.000000 1.004815
58.000000 1.004815
59.000000 1.004815
60.000000 1.004815
61.000000 1.004815
62.000000 1.004815
63.000000 1.004815
64.000000 1.004815
65.000000 1.004815
66.000000 1.004815
67.000000 1.004815
68.000000 1.004815
69.000000 1.004815
70.000000 1.004815
71.000000 1.004815
72.000000 1.004815
73.000000 1.004815
74.000000 1.004815
75.000000 1.004815
76.000000 1.004815
77.000000 1.004815
78.000000 1.004815
79.000000 1.004815
80.000000 1.004815
81.000000 1.004815
82.000000 1.004815
83.000000 1.004815
84.000000 1.004815
85.000000 1.004815
86.000000 1.004815
87.000000 1.004815
88.000000 1.004815
89.000000 1.004813
90.000000 1.004807
91.000000 1.004785
92.000000 1.004708
93.000000 1.004438
94.000000 1.003493
95.000000 1.000193
96.000000 0.988676
97.000000 0.948243
98.000000 0.800679
