0.000000 0.050009
1.000000 0.051221
2.000000 0.051280
3.000000 0.051283
4.000000 0.051283
5.000000 0.051283
6.000000 0.051283
7.000000 0.051283
8.000000 0.051283
9.000000 0.051283
10.000000 0.051283
11.000000 0.051283
12.000000 0.051283
13.000000 0.051283
14.000000 0.051283
15.000000 0.051283
16.000000 0.051283
17.000000 0.051283
18.000000 0.051283
19.000000 0.051283
20.000000 0.051283
21.000000 0.051283
22.000000 0.051283
23.000000 0.051283
24.000000 0.051283
25.000000 0.051283
26.000000 0.051283
27.000000 0.051283
28.000000 0.051283
29.000000 0.051283
30.000000 0.051283
31.000000 0.051283
32.000000 0.051283
33.000000 0.051283
34.000000 0.051283
35.000000 0.051283
36.000000 0.051283
37.000000 0.051283
38.000000 0.051283
39.000000 0.051283
40.000000 0.051283
41.000000 0.051283
42.000000 0.051283
43.000000 0.051283
44.000000 0.051283
45.000000 0.051283
46.000000 0.051283
47.000000 0.051283
48.000000 0.051283
49.000000 0.051283
50.000000 0.051283
51.000000 0.051283
52.000000 0.051283
53.000000 0.051283
54.000000 0.051283
55.000000 0.051283
56.000000 0.051283
57.000000 0.051283
58.000000 0.051283
59.000000 0.051283
60.000000 0.051283
61.000000 0.051283
62.000000 0.051283
63.000000 0.051283
64.000000 0.051283
65.000000 0.051283
66.000000 0.051283
67.000000 0.051283
68.000000 0.051283
69.000000 0.051283
70.000000 0.051283
71.000000 0.051283
72.000000 0.051283
73.000000 0.051283
74.000000 0.051283
75.000000 0.051283
76.000000 0.051283
77.000000 0.051283
78.000000 0.051283
79.000000 0.051283
80.000000 0.051283
81.000000 0.051283
82.000000 0.051283
83.000000 0.051283
84.000000 0.051283
85.000000 0.051283
86.000000 0.051283
87.000000 0.051283
88.000000 0.051283
89.000000 0.051283
90.000000 0.051283
91.000000 0.051283
92.000000 0.051283
93.000000 0.051283
94.000000 0.051283
95.000000 0.051283
96.000000 0.051280
97.000000 0.051221
98.000000 0.050009
