0.000000 0.258271
1.000000 0.300545
2.000000 0.315239
3.000000 0.321515
4.000000 0.324478
5.000000 0.325964
6.000000 0.326739
7.000000 0.327154
8.000000 0.327382
9.000000 0.327509
10.000000 0.327580
11.000000 0.327621
12.000000 0.327645
13.000000 0.327658
14.000000 0.327666
15.000000 0.327671
16.000000 0.327674
17.000000 0.327675
18.000000 0.327676
19.000000 0.327677
20.000000 0.327677
21.000000 0.327677
22.000000 0.327678
23.000000 0.327678
24.000000 0.327678
25.000000 0.327678
26.000000 0.327678
27.000000 0.327677
28.000000 0.327677
29.000000 0.327677
30.000000 0.327676
31.000000 0.327675
32.000000 0.327674
33.000000 0.327671
34.000000 0.327666
35.000000 0.327658
36.000000 0.327645
37.000000 0.327621
38.000000 0.327580
39.000000 0.327509
40.000000 0.327382
41.000000 0.327154
42.000000 0.326739
43.000000 0.325964
44.000000 0.324478
45.000000 0.321515
46.000000 0.315239
47.000000 0.300545
48.000000 0.258271
