0.000000 0.754211
1.000000 0.921033
2.000000 0.977150
3.000000 0.996946
4.000000 1.003997
5.000000 1.006510
6.000000 1.007404
7.000000 1.007722
8.000000 1.007834
9.000000 1.007874
10.000000 1.007888
11.000000 1.007893
12.000000 1.007895
13.000000 1.007896
14.000000 1.007896
15.000000 1.007896
16.000000 1.007896
17.000000 1.007896
18.000000 1.007896
19.000000 1.007896
20.000000 1.007896
21.000000 1.007896
22.000000 1.007896
23.000000 1.007896
24.000000 1.007896
25.000000 1.007896
26.000000 1.007896
27.000000 1.007896
28.000000 1.007896
29.000000 1.007896
30.000000 1.007896
31.000000 1.007896
32.000000 1.007896
33.000000 1.007896
34.000000 1.007896
35.000000 1.007896
36.000000 1.007895
37.000000 1.007893
38.000000 1.007888
39.000000 1.007874
40.000000 1.007834
41.000000 1.007722
42.000000 1.007404
43.000000 1.006510
44.000000 1.003997
45.000000 0.996946
46.000000 0.977150
47.000000 0.921033
48.000000 0.754211
