0.000000 0.754210
1.000000 0.921033
2.000000 0.977150
3.000000 0.996946
4.000000 1.003997
5.000000 1.006510
6.000000 1.007404
7.000000 1.007722
8.000000 1.007834
9.000000 1.007874
10.000000 1.007888
11.000000 1.007893
12.000000 1.007895
13.000000 1.007896
14.000000 1.007896
15.000000 1.007896
16.000000 1.007896
17.000000 1.007896
18.000000 1.007896
19.000000 1.007896
20.000000 1.007896
21.000000 1.007896
22.000000 1.007896
23.000000 1.007896
24.000000 1.007896
25.000000 1.007896
26.000000 1.007896
27.000000 1.007896
28.000000 1.007896
29.000000 1.007896
30.000000 1.007896
31.000000 1.007896
32.000000 1.007896
33.000000 1.007896
34.000000 1.007896
35.000000 1.007896
36.000000 1.007896
37.000000 1.007896
38.000000 1.007896
39.000000 1.007896
40.000000 1.007896
41.000000 1.007896
42.000000 1.007896
43.000000 1.007896
44.000000 1.007896
45.000000 1.007896
46.000000 1.007896
47.000000 1.007896
48.000000 1.007896
49.000000 1.007896
50.000000 1.007896
51.000000 1.007896
52.000000 1.007896
53.000000 1.007896
54.000000 1.007896
55.000000 1.007896
56.000000 1.007896
57.000000 1.007896
58.000000 1.007896
59.000000 1.007896
60.000000 1.007896
61.000000 1.007896
62.000000 1.007896
63.000000 1.007896
64.000000 1.007896
65.000000 1.007896
66.000000 1.007896
67.000000 1.007896
68.000000 1.007896
69.000000 1.007896
70.000000 1.007896
71.000000 1.007896
72.000000 1.007896
73.000000 1.007896
74.000000 1.007896
75.000000 1.007896
76.000000 1.007896
77.000000 1.007896
78.000000 1.007896
79.000000 1.007896
80.000000 1.007896
81.000000 1.007896
82.000000 1.007896
83.000000 1.007896
84.000000 1.007896
85.000000 1.007896
86.000000 1.007895
87.000000 1.007893
88.000000 1.007888
89.000000 1.007874
90.000000 1.007834
91.000000 1.007722
92.000000 1.007404
93.000000 1.006510
94.000000 1.003997
95.000000 0.996946
96.000000 0.977150
97.000000 0.921033
98.000000 0.754210
