0.000000 0.462954
1.000000 0.610631
2.000000 0.704593
3.000000 0.774007
4.000000 0.828314
5.000000 0.871966
6.000000 0.907560
7.000000 0.936822
8.000000 0.960994
9.000000 0.981019
10.000000 0.997636
11.000000 1.011432
12.000000 1.022887
13.000000 1.032387
14.000000 1.040254
15.000000 1.046749
16.000000 1.052088
17.000000 1.056448
18.000000 1.059972
19.000000 1.062777
20.000000 1.064956
21.000000 1.066580
22.000000 1.067703
23.000000 1.068363
24.000000 1.068580
25.000000 1.068363
26.000000 1.067703
27.000000 1.066580
28.000000 1.064956
29.000000 1.062777
30.000000 1.059972
31.000000 1.056448
32.000000 1.052088
33.000000 1.046749
34.000000 1.040254
35.000000 1.032387
36.000000 1.022887
37.000000 1.011432
38.000000 0.997636
39.000000 0.981019
40.000000 0.960994
41.000000 0.936821
42.000000 0.907560
43.000000 0.871966
44.000000 0.828314
45.000000 0.774007
46.000000 0.704593
47.000000 0.610631
48.000000 0.462954
