0.000000 0.159703
1.000000 0.174614
2.000000 0.177504
3.000000 0.178188
4.000000 0.178367
5.000000 0.178417
6.000000 0.178431
7.000000 0.178435
8.000000 0.178437
9.000000 0.178437
10.000000 0.178437
11.000000 0.178437
12.000000 0.178437
13.000000 0.178437
14.000000 0.178437
15.000000 0.178437
16.000000 0.178437
17.000000 0.178437
18.000000 0.178437
19.000000 0.178437
20.000000 0.178437
21.000000 0.178437
22.000000 0.178437
23.000000 0.178437
24.000000 0.178437
25.000000 0.178437
26.000000 0.178437
27.000000 0.178437
28.000000 0.178437
29.000000 0.178437
30.000000 0.178437
31.000000 0.178437
32.000000 0.178437
33.000000 0.178437
34.000000 0.178437
35.000000 0.178437
36.000000 0.178437
37.000000 0.178437
38.000000 0.178437
39.000000 0.178437
40.000000 0.178437
41.000000 0.178435
42.000000 0.178431
43.000000 0.178417
44.000000 0.178367
45.000000 0.178188
46.000000 0.177504
47.000000 0.174614
48.000000 0.159703
