0.000000 0.117928
1.000000 0.125656
2.000000 0.126692
3.000000 0.126861
4.000000 0.126891
5.000000 0.126897
6.000000 0.126898
7.000000 0.126899
8.000000 0.126899
9.000000 0.126899
10.000000 0.126899
11.000000 0.126899
12.000000 0.126899
13.000000 0.126899
14.000000 0.126899
15.000000 0.126899
16.000000 0.126899
17.000000 0.126899
18.000000 0.126899
19.000000 0.126899
20.000000 0.126899
21.000000 0.126899
22.000000 0.126899
23.000000 0.126899
24.000000 0.126899
25.000000 0.126899
26.000000 0.126899
27.000000 0.126899
28.000000 0.126899
29.000000 0.126899
30.000000 0.126899
31.000000 0.126899
32.000000 0.126899
33.000000 0.126899
34.000000 0.126899
35.000000 0.126899
36.000000 0.126899
37.000000 0.126899
38.000000 0.126899
39.000000 0.126899
40.000000 0.126899
41.000000 0.126899
42.000000 0.126898
43.000000 0.126897
44.000000 0.126891
45.000000 0.126861
46.000000 0.126692
47.000000 0.125656
48.000000 0.117928
