0.000000 0.081226
1.000000 0.084676
2.000000 0.084971
3.000000 0.085001
4.000000 0.085005
5.000000 0.085005
6.000000 0.085005
7.000000 0.085005
8.000000 0.085005
9.000000 0.085005
10.000000 0.085005
11.000000 0.085005
12.000000 0.085005
13.000000 0.085005
14.000000 0.085005
15.000000 0.085005
16.000000 0.085005
17.000000 0.085005
18.000000 0.085005
19.000000 0.085005
20.000000 0.085005
21.000000 0.085005
22.000000 0.085005
23.000000 0.085005
24.000000 0.085005
25.000000 0.085005
26.000000 0.085005
27.000000 0.085005
28.000000 0.085005
29.000000 0.085005
30.000000 0.085005
31.000000 0.085005
32.000000 0.085005
33.000000 0.085005
34.000000 0.085005
35.000000 0.085005
36.000000 0.085005
37.000000 0.085005
38.000000 0.085005
39.000000 0.085005
40.000000 0.085005
41.000000 0.085005
42.000000 0.085005
43.000000 0.085005
44.000000 0.085005
45.000000 0.085001
46.000000 0.084971
47.000000 0.084676
48.000000 0.081226
