0.000000 0.915564
1.000000 0.990733
2.000000 0.999498
3.000000 1.000538
4.000000 1.000661
5.000000 1.000676
6.000000 1.000677
7.000000 1.000678
8.000000 1.000678
9.000000 1.000678
10.000000 1.000678
11.000000 1.000678
12.000000 1.000678
13.000000 1.000678
14.000000 1.000678
15.000000 1.000678
16.000000 1.000678
17.000000 1.000678
18.000000 1.000678
19.000000 1.000678
20.000000 1.000678
21.000000 1.000678
22.000000 1.000678
23.000000 1.000678
24.000000 1.000678
25.000000 1.000678
26.000000 1.000678
27.000000 1.000678
28.000000 1.000678
29.000000 1.000678
30.000000 1.000678
31.000000 1.000678
32.000000 1.000678
33.000000 1.000678
34.000000 1.000678
35.000000 1.000678
36.000000 1.000678
37.000000 1.000678
38.000000 1.000678
39.000000 1.000678
40.000000 1.000678
41.000000 1.000678
42.000000 1.000677
43.000000 1.000676
44.000000 1.000661
45.000000 1.000538
46.000000 0.999498
47.000000 0.990733
48.000000 0.915564
