0.000000 0.819091
1.000000 0.957413
2.000000 0.991858
3.000000 1.000745
4.000000 1.003048
5.000000 1.003644
6.000000 1.003798
7.000000 1.003838
8.000000 1.003848
9.000000 1.003851
10.000000 1.003851
11.000000 1.003852
12.000000 1.003852
13.000000 1.003852
14.000000 1.003852
15.000000 1.003852
16.000000 1.003852
17.000000 1.003852
18.000000 1.003852
19.000000 1.003852
20.000000 1.003852
21.000000 1.003852
22.000000 1.003852
23.000000 1.003852
24.000000 1.003852
25.000000 1.003852
26.000000 1.003852
27.000000 1.003852
28.000000 1.003852
29.000000 1.003852
30.000000 1.003852
31.000000 1.003852
32.000000 1.003852
33.000000 1.003852
34.000000 1.003852
35.000000 1.003852
36.000000 1.003852
37.000000 1.003852
38.000000 1.003851
39.000000 1.003851
40.000000 1.003848
41.000000 1.003838
42.000000 1.003798
43.000000 1.003644
44.000000 1.003048
45.000000 1.000745
46.000000 0.991858
47.000000 0.957413
48.000000 0.819091
