0.000000 0.724652
1.000000 0.900661
2.000000 0.966744
3.000000 0.992912
4.000000 1.003400
5.000000 1.007612
6.000000 1.009302
7.000000 1.009979
8.000000 1.010250
9.000000 1.010358
10.000000 1.010401
11.000000 1.010418
12.000000 1.010425
13.000000 1.010428
14.000000 1.010429
15.000000 1.010429
16.000000 1.010429
17.000000 1.010429
18.000000 1.010429
19.000000 1.010429
20.000000 1.010429
21.000000 1.010429
22.000000 1.010429
23.000000 1.010429
24.000000 1.010429
25.000000 1.010429
26.000000 1.010429
27.000000 1.010429
28.000000 1.010429
29.000000 1.010429
30.000000 1.010429
31.000000 1.010429
32.000000 1.010429
33.000000 1.010429
34.000000 1.010429
35.000000 1.010428
36.000000 1.010425
37.000000 1.010418
38.000000 1.010401
39.000000 1.010358
40.000000 1.010250
41.000000 1.009979
42.000000 1.009302
43.000000 1.007612
44.000000 1.003400
45.000000 0.992912
46.000000 0.966744
47.000000 0.900661
48.000000 0.724652
