0.000000 0.596895
1.000000 0.784441
2.000000 0.884560
3.000000 0.942652
4.000000 0.977240
5.000000 0.998031
6.000000 1.010573
7.000000 1.018145
8.000000 1.022716
9.000000 1.025473
10.000000 1.027135
11.000000 1.028135
12.000000 1.028736
13.000000 1.029097
14.000000 1.029314
15.000000 1.029444
16.000000 1.029522
17.000000 1.029569
18.000000 1.029597
19.000000 1.029614
20.000000 1.029624
21.000000 1.029630
22.000000 1.029633
23.000000 1.029636
24.000000 1.029637
25.000000 1.029638
26.000000 1.029638
27.000000 1.029638
28.000000 1.029639
29.000000 1.029639
30.000000 1.029639
31.000000 1.029639
32.000000 1.029639
33.000000 1.029639
34.000000 1.029639
35.000000 1.029639
36.000000 1.029639
37.000000 1.029639
38.000000 1.029639
39.000000 1.029639
40.000000 1.029639
41.000000 1.029639
42.000000 1.029639
43.000000 1.029639
44.000000 1.029639
45.000000 1.029639
46.000000 1.029639
47.000000 1.029639
48.000000 1.029639
49.000000 1.029639
50.000000 1.029639
51.000000 1.029639
52.000000 1.029639
53.000000 1.029639
54.000000 1.029639
55.000000 1.029639
56.000000 1.029639
57.000000 1.029639
58.000000 1.029639
59.000000 1.029639
60.000000 1.029639
61.000000 1.029639
62.000000 1.029639
63.000000 1.029639
64.000000 1.029639
65.000000 1.029639
66.000000 1.029639
67.000000 1.029639
68.000000 1.029639
69.000000 1.029639
70.000000 1.029639
71.000000 1.029638
72.000000 1.029638
73.000000 1.029638
74.000000 1.029637
75.000000 1.029636
76.000000 1.029633
77.000000 1.029630
78.000000 1.029624
79.000000 1.029614
80.000000 1.029597
81.000000 1.029569
82.000000 1.029522
83.000000 1.029444
84.000000 1.029314
85.000000 1.029097
86.000000 1.028736
87.000000 1.028135
88.000000 1.027135
89.000000 1.025473
90.000000 1.022716
91.000000 1.018145
92.000000 1.010573
93.000000 0.998031
94.000000 0.977240
95.000000 0.942652
96.000000 0.884560
97.000000 0.784441
98.000000 0.596895
