0.000000 0.383033
1.000000 0.483312
2.000000 0.539441
3.000000 0.578010
4.000000 0.607249
5.000000 0.630719
6.000000 0.650273
7.000000 0.666992
8.000000 0.681563
9.000000 0.694446
10.000000 0.705968
11.000000 0.716366
12.000000 0.725819
13.000000 0.734464
14.000000 0.742410
15.000000 0.749744
16.000000 0.756537
17.000000 0.762847
18.000000 0.768722
19.000000 0.774204
20.000000 0.779327
21.000000 0.784121
22.000000 0.788612
23.000000 0.792821
24.000000 0.796768
25.000000 0.800470
26.000000 0.803943
27.000000 0.807198
28.000000 0.810249
29.000000 0.813105
30.000000 0.815777
31.000000 0.818271
32.000000 0.820596
33.000000 0.822759
34.000000 0.824765
35.000000 0.826619
36.000000 0.828328
37.000000 0.829894
38.000000 0.831322
39.000000 0.832615
40.000000 0.833777
41.000000 0.834809
42.000000 0.835715
43.000000 0.836496
44.000000 0.837154
45.000000 0.837690
46.000000 0.838106
47.000000 0.838403
48.000000 0.838580
49.000000 0.838639
50.000000 0.838580
51.000000 0.838403
52.000000 0.838106
53.000000 0.837690
54.000000 0.837153
55.000000 0.836495
56.000000 0.835714
57.000000 0.834808
58.000000 0.833776
59.000000 0.832614
60.000000 0.831321
61.000000 0.829893
62.000000 0.828327
63.000000 0.826619
64.000000 0.824764
65.000000 0.822758
66.000000 0.820595
67.000000 0.818270
68.000000 0.815776
69.000000 0.813104
70.000000 0.810248
71.000000 0.807197
72.000000 0.803942
73.000000 0.800469
74.000000 0.796767
75.000000 0.792820
76.000000 0.788611
77.000000 0.784120
78.000000 0.779327
79.000000 0.774204
80.000000 0.768722
81.000000 0.762846
82.000000 0.756536
83.000000 0.749743
84.000000 0.742409
85.000000 0.734463
86.000000 0.725818
87.000000 0.716366
88.000000 0.705968
89.000000 0.694446
90.000000 0.681562
91.000000 0.666992
92.000000 0.650273
93.000000 0.630719
94.000000 0.607249
95.000000 0.578010
96.000000 0.539441
97.000000 0.483312
98.000000 0.383033
