0.000000 0.050009
1.000000 0.051221
2.000000 0.051280
3.000000 0.051283
4.000000 0.051283
5.000000 0.051283
6.000000 0.051283
7.000000 0.051283
8.000000 0.051283
9.000000 0.051283
10.000000 0.051283
11.000000 0.051283
12.000000 0.051283
13.000000 0.051283
14.000000 0.051283
15.000000 0.051283
16.000000 0.051283
17.000000 0.051283
18.000000 0.051283
19.000000 0.051283
20.000000 0.051283
21.000000 0.051283
22.000000 0.051283
23.000000 0.051283
24.000000 0.051283
25.000000 0.051283
26.000000 0.051283
27.000000 0.051283
28.000000 0.051283
29.000000 0.051283
30.000000 0.051283
31.000000 0.051283
32.000000 0.051283
33.000000 0.051283
34.000000 0.051283
35.000000 0.051283
36.000000 0.051283
37.000000 0.051283
38.000000 0.051283
39.000000 0.051283
40.000000 0.051283
41.000000 0.051283
42.000000 0.051283
43.000000 0.051283
44.000000 0.051283
45.000000 0.051283
46.000000 0.051280
47.000000 0.051221
48.000000 0.050009
