0.000000 0.800680
1.000000 0.948244
2.000000 0.988676
3.000000 1.000193
4.000000 1.003493
5.000000 1.004438
6.000000 1.004708
7.000000 1.004785
8.000000 1.004807
9.000000 1.004813
10.000000 1.004815
11.000000 1.004815
12.000000 1.004815
13.000000 1.004815
14.000000 1.004815
15.000000 1.004815
16.000000 1.004815
17.000000 1.004815
18.000000 1.004815
19.000000 1.004815
20.000000 1.004815
21.000000 1.004815
22.000000 1.004815
23.000000 1.004815
24.000000 1.004815
25.000000 1.004815
26.000000 1.004815
27.000000 1.004815
28.000000 1.004815
29.000000 1.004815
30.000000 1.004815
31.000000 1.004815
32.000000 1.004815
33.000000 1.004815
34.000000 1.004815
35.000000 1.004815
36.000000 1.004815
37.000000 1.004815
38.000000 1.004815
39.000000 1.004813
40.000000 1.004807
41.000000 1.004785
42.000000 1.004708
43.000000 1.004438
44.000000 1.003493
45.000000 1.000193
46.000000 0.988676
47.000000 0.948244
48.000000 0.800680
