0.000000 0.117928
1.000000 0.125656
2.000000 0.126692
3.000000 0.126861
4.000000 0.126891
5.000000 0.126897
6.000000 0.126898
7.000000 0.126899
8.000000 0.126899
9.000000 0.126899
10.000000 0.126899
11.000000 0.126899
12.000000 0.126899
13.000000 0.126899
14.000000 0.126899
15.000000 0.126899
16.000000 0.126899
17.000000 0.126899
18.000000 0.126899
19.000000 0.126899
20.000000 0.126899
21.000000 0.126899
22.000000 0.126899
23.000000 0.126899
24.000000 0.126899
25.000000 0.126899
26.000000 0.126899
27.000000 0.126899
28.000000 0.126899
29.000000 0.126899
30.000000 0.126899
31.000000 0.126899
32.000000 0.126899
33.000000 0.126899
34.000000 0.126899
35.000000 0.126899
36.000000 0.126899
37.000000 0.126899
38.000000 0.126899
39.000000 0.126899
40.000000 0.126899
41.000000 0.126899
42.000000 0.126899
43.000000 0.126899
44.000000 0.126899
45.000000 0.126899
46.000000 0.126899
47.000000 0.126899
48.000000 0.126899
49.000000 0.126899
50.000000 0.126899
51.000000 0.126899
52.000000 0.126899
53.000000 0.126899
54.000000 0.126899
55.000000 0.126899
56.000000 0.126899
57.000000 0.126899
58.000000 0.126899
59.000000 0.126899
60.000000 0.126899
61.000000 0.126899
62.000000 0.126899
63.000000 0.126899
64.000000 0.126899
65.000000 0.126899
66.000000 0.126899
67.000000 0.126899
68.000000 0.126899
69.000000 0.126899
70.000000 0.126899
71.000000 0.126899
72.000000 0.126899
73.000000 0.126899
74.000000 0.126899
75.000000 0.126899
76.000000 0.126899
77.000000 0.126899
78.000000 0.126899
79.000000 0.126899
80.000000 0.126899
81.000000 0.126899
82.000000 0.126899
83.000000 0.126899
84.000000 0.126899
85.000000 0.126899
86.000000 0.126899
87.000000 0.126899
88.000000 0.126899
89.000000 0.126899
90.000000 0.126899
91.000000 0.126899
92.000000 0.126898
93.000000 0.126897
94.000000 0.126891
95.000000 0.126861
96.000000 0.126692
97.000000 0.125656
98.000000 0.117928
