0.000000 0.724651
1.000000 0.900660
2.000000 0.966743
3.000000 0.992911
4.000000 1.003399
5.000000 1.007612
6.000000 1.009302
7.000000 1.009979
8.000000 1.010250
9.000000 1.010358
10.000000 1.010401
11.000000 1.010418
12.000000 1.010425
13.000000 1.010428
14.000000 1.010429
15.000000 1.010429
16.000000 1.010429
17.000000 1.010429
18.000000 1.010429
19.000000 1.010429
20.000000 1.010429
21.000000 1.010429
22.000000 1.010429
23.000000 1.010429
24.000000 1.010429
25.000000 1.010429
26.000000 1.010429
27.000000 1.010429
28.000000 1.010429
29.000000 1.010429
30.000000 1.010429
31.000000 1.010429
32.000000 1.010429
33.000000 1.010429
34.000000 1.010429
35.000000 1.010429
36.000000 1.010429
37.000000 1.010429
38.000000 1.010429
39.000000 1.010429
40.000000 1.010429
41.000000 1.010429
42.000000 1.010429
43.000000 1.010429
44.000000 1.010429
45.000000 1.010429
46.000000 1.010429
47.000000 1.010429
48.000000 1.010429
49.000000 1.010429
50.000000 1.010429
51.000000 1.010429
52.000000 1.010429
53.000000 1.010429
54.000000 1.010429
55.000000 1.010429
56.000000 1.010429
57.000000 1.010429
58.000000 1.010429
59.000000 1.010429
60.000000 1.010429
61.000000 1.010429
62.000000 1.010429
63.000000 1.010429
64.000000 1.010429
65.000000 1.010429
66.000000 1.010429
67.000000 1.010429
68.000000 1.010429
69.000000 1.010429
70.000000 1.010429
71.000000 1.010429
72.000000 1.010429
73.000000 1.010429
74.000000 1.010429
75.000000 1.010429
76.000000 1.010429
77.000000 1.010429
78.000000 1.010429
79.000000 1.010429
80.000000 1.010429
81.000000 1.010429
82.000000 1.010429
83.000000 1.010429
84.000000 1.010429
85.000000 1.010428
86.000000 1.010425
87.000000 1.010418
88.000000 1.010401
89.000000 1.010358
90.000000 1.010250
91.000000 1.009979
92.000000 1.009302
93.000000 1.007612
94.000000 1.003399
95.000000 0.992911
96.000000 0.966743
97.000000 0.900660
98.000000 0.724651
