0.000000 0.316104
1.000000 0.381629
2.000000 0.410652
3.000000 0.426472
4.000000 0.436012
5.000000 0.442119
6.000000 0.446184
7.000000 0.448966
8.000000 0.450911
9.000000 0.452292
10.000000 0.453285
11.000000 0.454007
12.000000 0.454537
13.000000 0.454928
14.000000 0.455218
15.000000 0.455436
16.000000 0.455599
17.000000 0.455722
18.000000 0.455815
19.000000 0.455886
20.000000 0.455940
21.000000 0.455981
22.000000 0.456012
23.000000 0.456036
24.000000 0.456055
25.000000 0.456069
26.000000 0.456080
27.000000 0.456089
28.000000 0.456096
29.000000 0.456101
30.000000 0.456105
31.000000 0.456108
32.000000 0.456110
33.000000 0.456112
34.000000 0.456113
35.000000 0.456115
36.000000 0.456116
37.000000 0.456116
38.000000 0.456117
39.000000 0.456117
40.000000 0.456117
41.000000 0.456118
42.000000 0.456118
43.000000 0.456118
44.000000 0.456118
45.000000 0.456118
46.000000 0.456118
47.000000 0.456118
48.000000 0.456118
49.000000 0.456118
50.000000 0.456118
51.000000 0.456118
52.000000 0.456118
53.000000 0.456118
54.000000 0.456118
55.000000 0.456118
56.000000 0.456118
57.000000 0.456118
58.000000 0.456117
59.000000 0.456117
60.000000 0.456117
61.000000 0.456116
62.000000 0.456116
63.000000 0.456115
64.000000 0.456113
65.000000 0.456112
66.000000 0.456110
67.000000 0.456108
68.000000 0.456105
69.000000 0.456101
70.000000 0.456096
71.000000 0.456089
72.000000 0.456080
73.000000 0.456069
74.000000 0.456055
75.000000 0.456036
76.000000 0.456012
77.000000 0.455981
78.000000 0.455940
79.000000 0.455886
80.000000 0.455815
81.000000 0.455722
82.000000 0.455599
83.000000 0.455436
84.000000 0.455218
85.000000 0.454928
86.000000 0.454537
87.000000 0.454007
88.000000 0.453285
89.000000 0.452292
90.000000 0.450911
91.000000 0.448966
92.000000 0.446184
93.000000 0.442119
94.000000 0.436012
95.000000 0.426472
96.000000 0.410652
97.000000 0.381629
98.000000 0.316104
