0.000000 0.382894
1.000000 0.482927
2.000000 0.538695
3.000000 0.576787
4.000000 0.605431
5.000000 0.628189
6.000000 0.646910
7.000000 0.662676
8.000000 0.676169
9.000000 0.687849
10.000000 0.698038
11.000000 0.706971
12.000000 0.714823
13.000000 0.721729
14.000000 0.727792
15.000000 0.733094
16.000000 0.737702
17.000000 0.741666
18.000000 0.745029
19.000000 0.747825
20.000000 0.750080
21.000000 0.751813
22.000000 0.753041
23.000000 0.753774
24.000000 0.754018
25.000000 0.753774
26.000000 0.753041
27.000000 0.751813
28.000000 0.750080
29.000000 0.747825
30.000000 0.745029
31.000000 0.741666
32.000000 0.737701
33.000000 0.733094
34.000000 0.727792
35.000000 0.721729
36.000000 0.714823
37.000000 0.706971
38.000000 0.698038
39.000000 0.687849
40.000000 0.676169
41.000000 0.662676
42.000000 0.646910
43.000000 0.628189
44.000000 0.605431
45.000000 0.576787
46.000000 0.538695
47.000000 0.482927
48.000000 0.382894
