0.000000 -0.000000
0.102564 0.007829
0.205128 0.026430
0.307692 0.053603
0.410256 0.088911
0.512821 0.132921
0.615385 0.187393
0.717949 0.256249
0.820513 0.349051
0.923077 0.499485
0.950000 0.564137
0.980000 0.695925
1.010000 0.881836
1.025641 0.978849
1.040000 1.026846
1.070000 1.058461
1.128205 1.066965
1.230769 1.040680
1.333333 1.025791
1.435897 1.017560
1.538462 1.012544
1.641026 1.009277
1.743590 1.007044
1.846154 1.005464
1.948718 1.004312
2.051282 1.003452
2.153846 1.002799
2.256410 1.002293
2.358974 1.001897
2.461538 1.001582
2.564103 1.001329
2.666667 1.001124
2.769231 1.000956
2.871795 1.000818
2.974359 1.000703
3.076923 1.000607
3.179487 1.000526
3.282051 1.000458
3.384615 1.000400
3.487179 1.000350
3.589744 1.000308
3.692308 1.000271
3.794872 1.000239
3.897436 1.000212
4.000000 1.000188
