0.000000 0.647490
1.000000 0.836030
2.000000 0.925379
3.000000 0.970780
4.000000 0.994310
5.000000 1.006580
6.000000 1.012987
7.000000 1.016330
8.000000 1.018073
9.000000 1.018981
10.000000 1.019452
11.000000 1.019697
12.000000 1.019825
13.000000 1.019890
14.000000 1.019924
15.000000 1.019942
16.000000 1.019951
17.000000 1.019956
18.000000 1.019958
19.000000 1.019960
20.000000 1.019960
21.000000 1.019961
22.000000 1.019961
23.000000 1.019961
24.000000 1.019961
25.000000 1.019961
26.000000 1.019961
27.000000 1.019961
28.000000 1.019960
29.000000 1.019960
30.000000 1.019958
31.000000 1.019956
32.000000 1.019951
33.000000 1.019942
34.000000 1.019924
35.000000 1.019890
36.000000 1.019825
37.000000 1.019697
38.000000 1.019452
39.000000 1.018981
40.000000 1.018073
41.000000 1.016330
42.000000 1.012987
43.000000 1.006580
44.000000 0.994310
45.000000 0.970780
46.000000 0.925379
47.000000 0.836030
48.000000 0.647490
