0.000000 0.689527
1.000000 0.873312
2.000000 0.950690
3.000000 0.985295
4.000000 1.001011
5.000000 1.008176
6.000000 1.011442
7.000000 1.012928
8.000000 1.013604
9.000000 1.013911
10.000000 1.014050
11.000000 1.014113
12.000000 1.014141
13.000000 1.014154
14.000000 1.014160
15.000000 1.014163
16.000000 1.014164
17.000000 1.014164
18.000000 1.014165
19.000000 1.014165
20.000000 1.014165
21.000000 1.014165
22.000000 1.014165
23.000000 1.014165
24.000000 1.014165
25.000000 1.014165
26.000000 1.014165
27.000000 1.014165
28.000000 1.014165
29.000000 1.014165
30.000000 1.014165
31.000000 1.014165
32.000000 1.014165
33.000000 1.014165
34.000000 1.014165
35.000000 1.014165
36.000000 1.014165
37.000000 1.014165
38.000000 1.014165
39.000000 1.014165
40.000000 1.014165
41.000000 1.014165
42.000000 1.014165
43.000000 1.014165
44.000000 1.014165
45.000000 1.014165
46.000000 1.014165
47.000000 1.014165
48.000000 1.014165
49.000000 1.014165
50.000000 1.014165
51.000000 1.014165
52.000000 1.014165
53.000000 1.014165
54.000000 1.014165
55.000000 1.014165
56.000000 1.014165
57.000000 1.014165
58.000000 1.014165
59.000000 1.014165
60.000000 1.014165
61.000000 1.014165
62.000000 1.014165
63.000000 1.014165
64.000000 1.014165
65.000000 1.014165
66.000000 1.014165
67.000000 1.014165
68.000000 1.014165
69.000000 1.014165
70.000000 1.014165
71.000000 1.014165
72.000000 1.014165
73.000000 1.014165
74.000000 1.014165
75.000000 1.014165
76.000000 1.014165
77.000000 1.014165
78.000000 1.014165
79.000000 1.014165
80.000000 1.014165
81.000000 1.014164
82.000000 1.014164
83.000000 1.014163
84.000000 1.014160
85.000000 1.014154
86.000000 1.014141
87.000000 1.014113
88.000000 1.014050
89.000000 1.013911
90.000000 1.013604
91.000000 1.012928
92.000000 1.011442
93.000000 1.008176
94.000000 1.001011
95.000000 0.985295
96.000000 0.950690
97.000000 0.873312
98.000000 0.689527
