0.000000 -0.000000
0.071429 0.004118
0.142857 0.014036
0.214286 0.028522
0.285714 0.047096
0.357143 0.069598
0.428571 0.096099
0.500000 0.126899
0.611111 0.184874
0.722222 0.259536
0.833333 0.363389
0.904444 0.4551722
0.950000 0.567801
0.980000 0.738369
1.000000 0.838580
1.005000 0.885889
1.010000 1.060024
1.011000 1.200000
1.055556 1.125844
1.166667 1.057754
1.277778 1.032674
1.388889 1.020795
1.500000 1.014164
1.538462 1.012544
1.641026 1.009277
1.743590 1.007044
1.846154 1.005464
1.948718 1.004312
2.051282 1.003452
2.153846 1.002799
2.256410 1.002293
2.358974 1.001897
2.461538 1.001582
2.564103 1.001329
2.666667 1.001124
2.769231 1.000956
2.871795 1.000818
2.974359 1.000703
3.076923 1.000607
3.179487 1.000526
3.282051 1.000458
3.384615 1.000400
3.487179 1.000350
3.589744 1.000308
3.692308 1.000271
3.794872 1.000239
3.897436 1.000212
4.000000 1.000188
