0.000000 -0.000000
0.071429 0.004118
0.142857 0.014036
0.214286 0.028522
0.285714 0.047096
0.357143 0.069598
0.428571 0.096099
0.500000 0.126899
0.571429 0.162586
0.642857 0.204181
0.714286 0.253464
0.785714 0.313776
0.857143 0.392455
0.928571 0.511247
1.000000 0.753782
1.071429 1.044044
1.142857 1.065513
1.214286 0.055762
1.285714 0.031567
1.357143 0.032933
1.428571 0.068532
1.500000 0.014279
1.571429 0.011592
1.642857 0.447278
1.714286 0.007603
1.785714 0.326541
1.857143 0.006699
1.928571 0.004524
2.000000 0.443528
2.000000 0.040989
2.071429 0.020756
2.142857 0.004387
2.214286 0.978227
2.285714 0.004951
2.357143 0.395909
2.428571 0.003112
2.500000 0.020669
2.571429 0.474357
2.642857 0.946775
2.714286 0.001048
2.785714 0.014637
2.857143 0.000875
2.928571 0.041757
3.000000 0.012492
3.000000 0.606360
3.071429 0.002879
3.142857 0.901530
3.214286 0.026879
3.285714 0.001841
3.357143 0.110353
3.428571 0.024101
3.500000 0.189274
3.571429 0.779293
3.642857 0.009819
3.714286 0.000264
3.785714 0.023502
3.857143 0.428746
3.928571 0.001829
4.000000 0.000224
