0.000000 0.025007
1.000000 0.025282
2.000000 0.025287
3.000000 0.025288
4.000000 0.025288
5.000000 0.025288
6.000000 0.025288
7.000000 0.025288
8.000000 0.025288
9.000000 0.025288
10.000000 0.025288
11.000000 0.025288
12.000000 0.025288
13.000000 0.025288
14.000000 0.025288
15.000000 0.025288
16.000000 0.025288
17.000000 0.025288
18.000000 0.025288
19.000000 0.025288
20.000000 0.025288
21.000000 0.025288
22.000000 0.025288
23.000000 0.025288
24.000000 0.025288
25.000000 0.025288
26.000000 0.025288
27.000000 0.025288
28.000000 0.025288
29.000000 0.025288
30.000000 0.025288
31.000000 0.025288
32.000000 0.025288
33.000000 0.025288
34.000000 0.025288
35.000000 0.025288
36.000000 0.025288
37.000000 0.025288
38.000000 0.025288
39.000000 0.025288
40.000000 0.025288
41.000000 0.025288
42.000000 0.025288
43.000000 0.025288
44.000000 0.025288
45.000000 0.025288
46.000000 0.025287
47.000000 0.025282
48.000000 0.025007
