0.000000 0.647489
1.000000 0.836028
2.000000 0.925377
3.000000 0.970778
4.000000 0.994309
5.000000 1.006579
6.000000 1.012986
7.000000 1.016330
8.000000 1.018073
9.000000 1.018980
10.000000 1.019452
11.000000 1.019697
12.000000 1.019825
13.000000 1.019890
14.000000 1.019925
15.000000 1.019942
16.000000 1.019951
17.000000 1.019956
18.000000 1.019959
19.000000 1.019960
20.000000 1.019960
21.000000 1.019961
22.000000 1.019961
23.000000 1.019961
24.000000 1.019961
25.000000 1.019961
26.000000 1.019961
27.000000 1.019961
28.000000 1.019961
29.000000 1.019961
30.000000 1.019961
31.000000 1.019961
32.000000 1.019961
33.000000 1.019961
34.000000 1.019961
35.000000 1.019961
36.000000 1.019961
37.000000 1.019961
38.000000 1.019961
39.000000 1.019961
40.000000 1.019961
41.000000 1.019961
42.000000 1.019961
43.000000 1.019961
44.000000 1.019961
45.000000 1.019961
46.000000 1.019961
47.000000 1.019961
48.000000 1.019961
49.000000 1.019961
50.000000 1.019961
51.000000 1.019961
52.000000 1.019961
53.000000 1.019961
54.000000 1.019961
55.000000 1.019961
56.000000 1.019961
57.000000 1.019961
58.000000 1.019961
59.000000 1.019961
60.000000 1.019961
61.000000 1.019961
62.000000 1.019961
63.000000 1.019961
64.000000 1.019961
65.000000 1.019961
66.000000 1.019961
67.000000 1.019961
68.000000 1.019961
69.000000 1.019961
70.000000 1.019961
71.000000 1.019961
72.000000 1.019961
73.000000 1.019961
74.000000 1.019961
75.000000 1.019961
76.000000 1.019961
77.000000 1.019961
78.000000 1.019960
79.000000 1.019960
80.000000 1.019959
81.000000 1.019956
82.000000 1.019951
83.000000 1.019942
84.000000 1.019925
85.000000 1.019890
86.000000 1.019825
87.000000 1.019697
88.000000 1.019452
89.000000 1.018980
90.000000 1.018073
91.000000 1.016330
92.000000 1.012986
93.000000 1.006579
94.000000 0.994309
95.000000 0.970778
96.000000 0.925377
97.000000 0.836028
98.000000 0.647489
