0.000000 0.689527
1.000000 0.873313
2.000000 0.950691
3.000000 0.985295
4.000000 1.001012
5.000000 1.008176
6.000000 1.011442
7.000000 1.012929
8.000000 1.013604
9.000000 1.013911
10.000000 1.014050
11.000000 1.014113
12.000000 1.014141
13.000000 1.014154
14.000000 1.014160
15.000000 1.014163
16.000000 1.014164
17.000000 1.014164
18.000000 1.014165
19.000000 1.014165
20.000000 1.014165
21.000000 1.014165
22.000000 1.014165
23.000000 1.014165
24.000000 1.014165
25.000000 1.014165
26.000000 1.014165
27.000000 1.014165
28.000000 1.014165
29.000000 1.014165
30.000000 1.014165
31.000000 1.014164
32.000000 1.014164
33.000000 1.014163
34.000000 1.014160
35.000000 1.014154
36.000000 1.014141
37.000000 1.014113
38.000000 1.014050
39.000000 1.013911
40.000000 1.013604
41.000000 1.012929
42.000000 1.011442
43.000000 1.008176
44.000000 1.001012
45.000000 0.985295
46.000000 0.950691
47.000000 0.873313
48.000000 0.689527
