0.000000 0.206416
1.000000 0.232425
2.000000 0.239315
3.000000 0.241552
4.000000 0.242354
5.000000 0.242659
6.000000 0.242780
7.000000 0.242830
8.000000 0.242850
9.000000 0.242859
10.000000 0.242863
11.000000 0.242864
12.000000 0.242865
13.000000 0.242865
14.000000 0.242866
15.000000 0.242866
16.000000 0.242866
17.000000 0.242866
18.000000 0.242866
19.000000 0.242866
20.000000 0.242866
21.000000 0.242866
22.000000 0.242866
23.000000 0.242866
24.000000 0.242866
25.000000 0.242866
26.000000 0.242866
27.000000 0.242866
28.000000 0.242866
29.000000 0.242866
30.000000 0.242866
31.000000 0.242866
32.000000 0.242866
33.000000 0.242866
34.000000 0.242866
35.000000 0.242865
36.000000 0.242865
37.000000 0.242864
38.000000 0.242863
39.000000 0.242859
40.000000 0.242850
41.000000 0.242830
42.000000 0.242780
43.000000 0.242659
44.000000 0.242354
45.000000 0.241552
46.000000 0.239315
47.000000 0.232425
48.000000 0.206416
