0.000000 0.463398
1.000000 0.611700
2.000000 0.706389
3.000000 0.776569
4.000000 0.831642
5.000000 0.876035
6.000000 0.912332
7.000000 0.942251
8.000000 0.967036
9.000000 0.987630
10.000000 1.004775
11.000000 1.019067
12.000000 1.030989
13.000000 1.040939
14.000000 1.049246
15.000000 1.056180
16.000000 1.061970
17.000000 1.066803
18.000000 1.070837
19.000000 1.074203
20.000000 1.077012
21.000000 1.079355
22.000000 1.081309
23.000000 1.082938
24.000000 1.084295
25.000000 1.085427
26.000000 1.086369
27.000000 1.087154
28.000000 1.087808
29.000000 1.088352
30.000000 1.088805
31.000000 1.089181
32.000000 1.089495
33.000000 1.089755
34.000000 1.089971
35.000000 1.090151
36.000000 1.090300
37.000000 1.090424
38.000000 1.090526
39.000000 1.090610
40.000000 1.090680
41.000000 1.090737
42.000000 1.090783
43.000000 1.090820
44.000000 1.090850
45.000000 1.090873
46.000000 1.090890
47.000000 1.090902
48.000000 1.090909
49.000000 1.090911
50.000000 1.090909
51.000000 1.090902
52.000000 1.090890
53.000000 1.090873
54.000000 1.090850
55.000000 1.090820
56.000000 1.090783
57.000000 1.090737
58.000000 1.090680
59.000000 1.090610
60.000000 1.090526
61.000000 1.090424
62.000000 1.090300
63.000000 1.090151
64.000000 1.089971
65.000000 1.089755
66.000000 1.089495
67.000000 1.089181
68.000000 1.088805
69.000000 1.088352
70.000000 1.087808
71.000000 1.087154
72.000000 1.086369
73.000000 1.085427
74.000000 1.084295
75.000000 1.082938
76.000000 1.081309
77.000000 1.079355
78.000000 1.077012
79.000000 1.074203
80.000000 1.070837
81.000000 1.066803
82.000000 1.061970
83.000000 1.056180
84.000000 1.049246
85.000000 1.040939
86.000000 1.030989
87.000000 1.019067
88.000000 1.004775
89.000000 0.987630
90.000000 0.967036
91.000000 0.942251
92.000000 0.912332
93.000000 0.876035
94.000000 0.831641
95.000000 0.776569
96.000000 0.706389
97.000000 0.611700
98.000000 0.463398
