0.000000 0.206416
1.000000 0.232425
2.000000 0.239315
3.000000 0.241552
4.000000 0.242354
5.000000 0.242659
6.000000 0.242780
7.000000 0.242830
8.000000 0.242850
9.000000 0.242859
10.000000 0.242863
11.000000 0.242864
12.000000 0.242865
13.000000 0.242865
14.000000 0.242866
15.000000 0.242866
16.000000 0.242866
17.000000 0.242866
18.000000 0.242866
19.000000 0.242866
20.000000 0.242866
21.000000 0.242866
22.000000 0.242866
23.000000 0.242866
24.000000 0.242866
25.000000 0.242866
26.000000 0.242866
27.000000 0.242866
28.000000 0.242866
29.000000 0.242866
30.000000 0.242866
31.000000 0.242866
32.000000 0.242866
33.000000 0.242866
34.000000 0.242866
35.000000 0.242866
36.000000 0.242866
37.000000 0.242866
38.000000 0.242866
39.000000 0.242866
40.000000 0.242866
41.000000 0.242866
42.000000 0.242866
43.000000 0.242866
44.000000 0.242866
45.000000 0.242866
46.000000 0.242866
47.000000 0.242866
48.000000 0.242866
49.000000 0.242866
50.000000 0.242866
51.000000 0.242866
52.000000 0.242866
53.000000 0.242866
54.000000 0.242866
55.000000 0.242866
56.000000 0.242866
57.000000 0.242866
58.000000 0.242866
59.000000 0.242866
60.000000 0.242866
61.000000 0.242866
62.000000 0.242866
63.000000 0.242866
64.000000 0.242866
65.000000 0.242866
66.000000 0.242866
67.000000 0.242866
68.000000 0.242866
69.000000 0.242866
70.000000 0.242866
71.000000 0.242866
72.000000 0.242866
73.000000 0.242866
74.000000 0.242866
75.000000 0.242866
76.000000 0.242866
77.000000 0.242866
78.000000 0.242866
79.000000 0.242866
80.000000 0.242866
81.000000 0.242866
82.000000 0.242866
83.000000 0.242866
84.000000 0.242866
85.000000 0.242865
86.000000 0.242865
87.000000 0.242864
88.000000 0.242863
89.000000 0.242859
90.000000 0.242850
91.000000 0.242830
92.000000 0.242780
93.000000 0.242659
94.000000 0.242354
95.000000 0.241552
96.000000 0.239315
97.000000 0.232425
98.000000 0.206416
