0.000000 0.316104
1.000000 0.381629
2.000000 0.410652
3.000000 0.426472
4.000000 0.436012
5.000000 0.442119
6.000000 0.446184
7.000000 0.448966
8.000000 0.450911
9.000000 0.452292
10.000000 0.453285
11.000000 0.454007
12.000000 0.454536
13.000000 0.454926
14.000000 0.455215
15.000000 0.455431
16.000000 0.455593
17.000000 0.455713
18.000000 0.455803
19.000000 0.455870
20.000000 0.455919
21.000000 0.455954
22.000000 0.455977
23.000000 0.455990
24.000000 0.455994
25.000000 0.455990
26.000000 0.455977
27.000000 0.455954
28.000000 0.455919
29.000000 0.455870
30.000000 0.455803
31.000000 0.455713
32.000000 0.455593
33.000000 0.455431
34.000000 0.455215
35.000000 0.454926
36.000000 0.454536
37.000000 0.454007
38.000000 0.453285
39.000000 0.452292
40.000000 0.450911
41.000000 0.448966
42.000000 0.446184
43.000000 0.442119
44.000000 0.436012
45.000000 0.426472
46.000000 0.410652
47.000000 0.381629
48.000000 0.316104
