0.000000 0.819091
1.000000 0.957413
2.000000 0.991858
3.000000 1.000744
4.000000 1.003048
5.000000 1.003644
6.000000 1.003798
7.000000 1.003838
8.000000 1.003848
9.000000 1.003851
10.000000 1.003851
11.000000 1.003852
12.000000 1.003852
13.000000 1.003852
14.000000 1.003852
15.000000 1.003852
16.000000 1.003852
17.000000 1.003852
18.000000 1.003852
19.000000 1.003852
20.000000 1.003852
21.000000 1.003852
22.000000 1.003852
23.000000 1.003852
24.000000 1.003852
25.000000 1.003852
26.000000 1.003852
27.000000 1.003852
28.000000 1.003852
29.000000 1.003852
30.000000 1.003852
31.000000 1.003852
32.000000 1.003852
33.000000 1.003852
34.000000 1.003852
35.000000 1.003852
36.000000 1.003852
37.000000 1.003852
38.000000 1.003852
39.000000 1.003852
40.000000 1.003852
41.000000 1.003852
42.000000 1.003852
43.000000 1.003852
44.000000 1.003852
45.000000 1.003852
46.000000 1.003852
47.000000 1.003852
48.000000 1.003852
49.000000 1.003852
50.000000 1.003852
51.000000 1.003852
52.000000 1.003852
53.000000 1.003852
54.000000 1.003852
55.000000 1.003852
56.000000 1.003852
57.000000 1.003852
58.000000 1.003852
59.000000 1.003852
60.000000 1.003852
61.000000 1.003852
62.000000 1.003852
63.000000 1.003852
64.000000 1.003852
65.000000 1.003852
66.000000 1.003852
67.000000 1.003852
68.000000 1.003852
69.000000 1.003852
70.000000 1.003852
71.000000 1.003852
72.000000 1.003852
73.000000 1.003852
74.000000 1.003852
75.000000 1.003852
76.000000 1.003852
77.000000 1.003852
78.000000 1.003852
79.000000 1.003852
80.000000 1.003852
81.000000 1.003852
82.000000 1.003852
83.000000 1.003852
84.000000 1.003852
85.000000 1.003852
86.000000 1.003852
87.000000 1.003852
88.000000 1.003851
89.000000 1.003851
90.000000 1.003848
91.000000 1.003838
92.000000 1.003798
93.000000 1.003644
94.000000 1.003048
95.000000 1.000744
96.000000 0.991858
97.000000 0.957413
98.000000 0.819091
