0.000000 0.535933
1.000000 0.712264
2.000000 0.817414
3.000000 0.887111
4.000000 0.934988
5.000000 0.968372
6.000000 0.991811
7.000000 1.008322
8.000000 1.019969
9.000000 1.028189
10.000000 1.033990
11.000000 1.038082
12.000000 1.040967
13.000000 1.043000
14.000000 1.044432
15.000000 1.045439
16.000000 1.046148
17.000000 1.046646
18.000000 1.046996
19.000000 1.047242
20.000000 1.047414
21.000000 1.047535
22.000000 1.047620
23.000000 1.047679
24.000000 1.047721
25.000000 1.047750
26.000000 1.047770
27.000000 1.047785
28.000000 1.047795
29.000000 1.047802
30.000000 1.047807
31.000000 1.047810
32.000000 1.047813
33.000000 1.047814
34.000000 1.047815
35.000000 1.047816
36.000000 1.047817
37.000000 1.047817
38.000000 1.047817
39.000000 1.047818
40.000000 1.047818
41.000000 1.047818
42.000000 1.047818
43.000000 1.047818
44.000000 1.047818
45.000000 1.047818
46.000000 1.047818
47.000000 1.047818
48.000000 1.047818
49.000000 1.047818
50.000000 1.047818
51.000000 1.047818
52.000000 1.047818
53.000000 1.047818
54.000000 1.047818
55.000000 1.047818
56.000000 1.047818
57.000000 1.047818
58.000000 1.047818
59.000000 1.047818
60.000000 1.047817
61.000000 1.047817
62.000000 1.047817
63.000000 1.047816
64.000000 1.047815
65.000000 1.047814
66.000000 1.047813
67.000000 1.047810
68.000000 1.047807
69.000000 1.047802
70.000000 1.047795
71.000000 1.047785
72.000000 1.047770
73.000000 1.047750
74.000000 1.047721
75.000000 1.047679
76.000000 1.047620
77.000000 1.047535
78.000000 1.047414
79.000000 1.047242
80.000000 1.046996
81.000000 1.046646
82.000000 1.046148
83.000000 1.045439
84.000000 1.044432
85.000000 1.043000
86.000000 1.040967
87.000000 1.038082
88.000000 1.033990
89.000000 1.028189
90.000000 1.019969
91.000000 1.008322
92.000000 0.991811
93.000000 0.968372
94.000000 0.934988
95.000000 0.887111
96.000000 0.817414
97.000000 0.712264
98.000000 0.535933
