0.000000 -0.000000
0.067797 0.003752
0.135593 0.012807
0.203390 0.026040
0.271186 0.042998
0.338983 0.063504
0.406780 0.087572
0.474576 0.115391
0.542373 0.147334
0.610169 0.183999
0.677966 0.226246
0.745763 0.275221
0.813559 0.332276
0.881356 0.398636
0.949153 0.474644
1.016949 0.558616
1.084746 0.645958
1.152542 0.729744
1.220339 0.803139
1.288136 0.862065
1.355932 0.906069
1.423729 0.937227
1.491525 0.958539
1.559322 0.972835
1.627119 0.982268
1.694915 0.988463
1.762712 0.992765
1.830508 0.994996
1.898305 0.997288
1.966102 0.996091
2.033898 0.995218
2.101695 0.993055
2.169492 0.992673
2.237288 0.976268
2.305085 0.961462
2.372881 0.995487
2.440678 0.903409
2.508475 0.806837
2.576271 0.754336
2.644068 0.899187
2.711864 0.643735
2.779661 0.527442
2.847458 0.823586
2.915254 0.883751
2.983051 0.732483
3.050847 0.836521
3.118644 0.045480
3.186441 0.200111
3.254237 0.113292
3.322034 0.956984
3.389831 0.924097
3.457627 0.002962
3.525424 0.499072
3.593220 0.247426
3.661017 0.155670
3.728814 0.876970
3.796610 0.638072
3.864407 0.643767
3.932203 0.743619
4.000000 0.012501
