0.000000 -0.000000
0.102564 0.007829
0.205128 0.026430
0.307692 0.053603
0.410256 0.088911
0.512821 0.132921
0.615385 0.187391
0.717949 0.256217
0.820513 0.348335
0.923077 0.485010
0.950000 0.532596
0.980000 0.608349
1.010000 0.692982
1.025641 0.734473
1.040000 0.779771
1.070000 0.858605
1.128205 0.937277
1.230769 0.998776
1.333333 1.015889
1.435897 1.015070
1.538462 1.011858
1.641026 1.009071
1.743590 1.006977
1.846154 1.005440
1.948718 1.004303
2.051282 1.003449
2.153846 1.002797
2.256410 1.002293
2.358974 1.001897
2.461538 1.001582
2.564103 1.001329
2.666667 1.001124
2.769231 1.000956
2.871795 1.000818
2.974359 1.000703
3.076923 1.000607
3.179487 1.000526
3.282051 1.000458
3.384615 1.000400
3.487179 1.000350
3.589744 1.000308
3.692308 1.000271
3.794872 1.000239
3.897436 1.000212
4.000000 1.000188
