0.000000 0.159703
1.000000 0.174614
2.000000 0.177504
3.000000 0.178188
4.000000 0.178367
5.000000 0.178417
6.000000 0.178431
7.000000 0.178435
8.000000 0.178437
9.000000 0.178437
10.000000 0.178437
11.000000 0.178437
12.000000 0.178437
13.000000 0.178437
14.000000 0.178437
15.000000 0.178437
16.000000 0.178437
17.000000 0.178437
18.000000 0.178437
19.000000 0.178437
20.000000 0.178437
21.000000 0.178437
22.000000 0.178437
23.000000 0.178437
24.000000 0.178437
25.000000 0.178437
26.000000 0.178437
27.000000 0.178437
28.000000 0.178437
29.000000 0.178437
30.000000 0.178437
31.000000 0.178437
32.000000 0.178437
33.000000 0.178437
34.000000 0.178437
35.000000 0.178437
36.000000 0.178437
37.000000 0.178437
38.000000 0.178437
39.000000 0.178437
40.000000 0.178437
41.000000 0.178437
42.000000 0.178437
43.000000 0.178437
44.000000 0.178437
45.000000 0.178437
46.000000 0.178437
47.000000 0.178437
48.000000 0.178437
49.000000 0.178437
50.000000 0.178437
51.000000 0.178437
52.000000 0.178437
53.000000 0.178437
54.000000 0.178437
55.000000 0.178437
56.000000 0.178437
57.000000 0.178437
58.000000 0.178437
59.000000 0.178437
60.000000 0.178437
61.000000 0.178437
62.000000 0.178437
63.000000 0.178437
64.000000 0.178437
65.000000 0.178437
66.000000 0.178437
67.000000 0.178437
68.000000 0.178437
69.000000 0.178437
70.000000 0.178437
71.000000 0.178437
72.000000 0.178437
73.000000 0.178437
74.000000 0.178437
75.000000 0.178437
76.000000 0.178437
77.000000 0.178437
78.000000 0.178437
79.000000 0.178437
80.000000 0.178437
81.000000 0.178437
82.000000 0.178437
83.000000 0.178437
84.000000 0.178437
85.000000 0.178437
86.000000 0.178437
87.000000 0.178437
88.000000 0.178437
89.000000 0.178437
90.000000 0.178437
91.000000 0.178435
92.000000 0.178431
93.000000 0.178417
94.000000 0.178367
95.000000 0.178188
96.000000 0.177504
97.000000 0.174614
98.000000 0.159703
