0.000000 -0.000000
0.071429 0.004118
0.142857 0.014036
0.214286 0.028522
0.285714 0.047096
0.357143 0.069598
0.428571 0.096099
0.500000 0.126899
0.571429 0.162585
0.642857 0.204178
0.714286 0.253435
0.785714 0.313521
0.857143 0.390352
0.928571 0.494260
1.000000 0.635804
1.071429 0.799654
1.142857 0.928232
1.214286 0.991254
1.285714 1.011318
1.357143 1.016143
1.428571 0.979335
1.500000 0.830646
1.571429 0.019096
1.642857 0.011454
1.714286 0.527361
1.785714 0.372629
1.857143 0.005429
1.928571 0.369862
2.000000 0.021615
2.071429 0.354326
2.142857 0.963434
2.214286 0.012758
2.285714 0.504471
2.357143 0.038946
2.428571 0.001680
2.500000 0.477406
2.571429 0.681770
2.642857 0.001198
2.714286 0.052740
2.785714 0.003278
2.857143 0.048416
2.928571 0.992937
3.000000 0.080533
3.071429 0.547334
3.142857 0.112093
3.214286 0.003322
3.285714 0.008754
3.357143 0.726355
3.428571 0.021006
3.500000 0.332232
3.571429 0.192032
3.642857 0.006363
3.714286 0.475611
3.785714 0.019024
3.857143 0.854454
3.928571 0.122232
4.000000 0.000946
