0.000000 -0.000000
0.071429 0.004118
0.142857 0.014036
0.214286 0.028522
0.285714 0.047096
0.357143 0.069598
0.428571 0.096099
0.500000 0.126899
0.571429 0.162586
0.642857 0.204181
0.714286 0.253464
0.785714 0.313776
0.857143 0.392462
0.928571 0.512115
1.000000 0.838807
1.071429 0.668820
1.142857 0.490066
1.214286 0.044344
1.285714 0.031597
1.357143 0.746093
1.428571 0.018072
1.500000 0.034160
1.571429 0.993610
1.642857 0.017724
1.714286 0.007672
1.785714 0.641271
1.857143 0.005323
1.928571 0.892624
2.000000 0.004000
2.000000 0.003889
2.071429 0.242972
2.142857 0.150702
2.214286 0.031295
2.285714 0.002193
2.357143 0.996748
2.428571 0.005724
2.500000 0.018451
2.571429 0.033181
2.642857 0.006526
2.714286 0.099299
2.785714 0.071601
2.857143 0.001605
2.928571 0.026106
3.000000 0.000678
3.000000 0.826196
3.071429 0.348947
3.142857 0.000799
3.214286 0.001635
3.285714 0.028225
3.357143 0.002392
3.428571 0.000380
3.500000 0.000391
3.571429 0.160027
3.642857 0.056347
3.714286 0.911277
3.785714 0.013431
3.857143 0.123016
3.928571 0.206533
4.000000 0.719993
