0.000000 0.081226
1.000000 0.084676
2.000000 0.084971
3.000000 0.085001
4.000000 0.085005
5.000000 0.085005
6.000000 0.085005
7.000000 0.085005
8.000000 0.085005
9.000000 0.085005
10.000000 0.085005
11.000000 0.085005
12.000000 0.085005
13.000000 0.085005
14.000000 0.085005
15.000000 0.085005
16.000000 0.085005
17.000000 0.085005
18.000000 0.085005
19.000000 0.085005
20.000000 0.085005
21.000000 0.085005
22.000000 0.085005
23.000000 0.085005
24.000000 0.085005
25.000000 0.085005
26.000000 0.085005
27.000000 0.085005
28.000000 0.085005
29.000000 0.085005
30.000000 0.085005
31.000000 0.085005
32.000000 0.085005
33.000000 0.085005
34.000000 0.085005
35.000000 0.085005
36.000000 0.085005
37.000000 0.085005
38.000000 0.085005
39.000000 0.085005
40.000000 0.085005
41.000000 0.085005
42.000000 0.085005
43.000000 0.085005
44.000000 0.085005
45.000000 0.085005
46.000000 0.085005
47.000000 0.085005
48.000000 0.085005
49.000000 0.085005
50.000000 0.085005
51.000000 0.085005
52.000000 0.085005
53.000000 0.085005
54.000000 0.085005
55.000000 0.085005
56.000000 0.085005
57.000000 0.085005
58.000000 0.085005
59.000000 0.085005
60.000000 0.085005
61.000000 0.085005
62.000000 0.085005
63.000000 0.085005
64.000000 0.085005
65.000000 0.085005
66.000000 0.085005
67.000000 0.085005
68.000000 0.085005
69.000000 0.085005
70.000000 0.085005
71.000000 0.085005
72.000000 0.085005
73.000000 0.085005
74.000000 0.085005
75.000000 0.085005
76.000000 0.085005
77.000000 0.085005
78.000000 0.085005
79.000000 0.085005
80.000000 0.085005
81.000000 0.085005
82.000000 0.085005
83.000000 0.085005
84.000000 0.085005
85.000000 0.085005
86.000000 0.085005
87.000000 0.085005
88.000000 0.085005
89.000000 0.085005
90.000000 0.085005
91.000000 0.085005
92.000000 0.085005
93.000000 0.085005
94.000000 0.085005
95.000000 0.085001
96.000000 0.084971
97.000000 0.084676
98.000000 0.081226
