0.000000 0.007465
1.000000 0.007486
2.000000 0.007486
3.000000 0.007486
4.000000 0.007486
5.000000 0.007486
6.000000 0.007486
7.000000 0.007486
8.000000 0.007486
9.000000 0.007486
10.000000 0.007486
11.000000 0.007486
12.000000 0.007486
13.000000 0.007486
14.000000 0.007486
15.000000 0.007486
16.000000 0.007486
17.000000 0.007486
18.000000 0.007486
19.000000 0.007486
20.000000 0.007486
21.000000 0.007486
22.000000 0.007486
23.000000 0.007486
24.000000 0.007486
25.000000 0.007486
26.000000 0.007486
27.000000 0.007486
28.000000 0.007486
29.000000 0.007486
30.000000 0.007486
31.000000 0.007486
32.000000 0.007486
33.000000 0.007486
34.000000 0.007486
35.000000 0.007486
36.000000 0.007486
37.000000 0.007486
38.000000 0.007486
39.000000 0.007486
40.000000 0.007486
41.000000 0.007486
42.000000 0.007486
43.000000 0.007486
44.000000 0.007486
45.000000 0.007486
46.000000 0.007486
47.000000 0.007486
48.000000 0.007465
