0.000000 0.039000
1.000000 0.039071
2.000000 0.039071
3.000000 0.039071
4.000000 0.039071
5.000000 0.039071
6.000000 0.039071
7.000000 0.039071
8.000000 0.039071
9.000000 0.039071
10.000000 0.039071
11.000000 0.039071
12.000000 0.039071
13.000000 0.039071
14.000000 0.039071
15.000000 0.039071
16.000000 0.039071
17.000000 0.039071
18.000000 0.039071
19.000000 0.039071
20.000000 0.039071
21.000000 0.039071
22.000000 0.039071
23.000000 0.039071
24.000000 0.039071
25.000000 0.039071
26.000000 0.039071
27.000000 0.039071
28.000000 0.039071
29.000000 0.039071
30.000000 0.039071
31.000000 0.039071
32.000000 0.039071
33.000000 0.039071
34.000000 0.039071
35.000000 0.039071
36.000000 0.039071
37.000000 0.039071
38.000000 0.039071
39.000000 0.039071
40.000000 0.039071
41.000000 0.039071
42.000000 0.039071
43.000000 0.039071
44.000000 0.039071
45.000000 0.039071
46.000000 0.039071
47.000000 0.039071
48.000000 0.039000
