0.000000 1.146727
1.000000 1.340378
2.000000 1.388601
3.000000 1.401043
4.000000 1.404267
5.000000 1.405102
6.000000 1.405317
7.000000 1.405373
8.000000 1.405387
9.000000 1.405391
10.000000 1.405391
11.000000 1.405393
12.000000 1.405393
13.000000 1.405393
14.000000 1.405393
15.000000 1.405393
16.000000 1.405393
17.000000 1.405393
18.000000 1.405393
19.000000 1.405393
20.000000 1.405393
21.000000 1.405393
22.000000 1.405393
23.000000 1.405393
24.000000 1.405393
25.000000 1.405393
26.000000 1.405393
27.000000 1.405393
28.000000 1.405393
29.000000 1.405393
30.000000 1.405393
31.000000 1.405393
32.000000 1.405393
33.000000 1.405393
34.000000 1.405393
35.000000 1.405393
36.000000 1.405393
37.000000 1.405393
38.000000 1.405391
39.000000 1.405391
40.000000 1.405387
41.000000 1.405373
42.000000 1.405317
43.000000 1.405102
44.000000 1.404267
45.000000 1.401043
46.000000 1.388601
47.000000 1.340378
48.000000 1.146727