0.000000 0.382894
1.000000 0.482927
2.000000 0.538695
3.000000 0.576788
4.000000 0.605434
5.000000 0.628192
6.000000 0.646914
7.000000 0.662680
8.000000 0.676174
9.000000 0.687854
10.000000 0.698044
11.000000 0.706977
12.000000 0.714830
13.000000 0.721736
14.000000 0.727799
15.000000 0.733102
16.000000 0.737709
17.000000 0.741674
18.000000 0.745038
19.000000 0.747834
20.000000 0.750088
21.000000 0.751822
22.000000 0.753050
23.000000 0.753783
24.000000 0.754026
25.000000 0.753783
26.000000 0.753050
27.000000 0.751822
28.000000 0.750088
29.000000 0.747834
30.000000 0.745038
31.000000 0.741674
32.000000 0.737709
33.000000 0.733102
34.000000 0.727799
35.000000 0.721736
36.000000 0.714830
37.000000 0.706977
38.000000 0.698044
39.000000 0.687854
40.000000 0.676174
41.000000 0.662680
42.000000 0.646914
43.000000 0.628192
44.000000 0.605434
45.000000 0.576788
46.000000 0.538695
47.000000 0.482927
48.000000 0.382894
