0.000000 0.910478
1.000000 0.970699
2.000000 0.985702
3.000000 0.998426
4.000000 1.010235
5.000000 1.021068
6.000000 1.030938
7.000000 1.039905
8.000000 1.048038
9.000000 1.055408
10.000000 1.062078
11.000000 1.068102
12.000000 1.073530
13.000000 1.078402
14.000000 1.082753
15.000000 1.086614
16.000000 1.090009
17.000000 1.092960
18.000000 1.095484
19.000000 1.097597
20.000000 1.099310
21.000000 1.100633
22.000000 1.101573
23.000000 1.102135
24.000000 1.102322
25.000000 1.102135
26.000000 1.101573
27.000000 1.100633
28.000000 1.099310
29.000000 1.097597
30.000000 1.095484
31.000000 1.092960
32.000000 1.090009
33.000000 1.086614
34.000000 1.082753
35.000000 1.078402
36.000000 1.073530
37.000000 1.068102
38.000000 1.062078
39.000000 1.055408
40.000000 1.048038
41.000000 1.039905
42.000000 1.030938
43.000000 1.021068
44.000000 1.010235
45.000000 0.998426
46.000000 0.985702
47.000000 0.970699
48.000000 0.910478
