-0.011621
-0.036016
-0.005930
-0.001886
-0.009224
-0.001368
-0.018682
-0.018800
-0.001007
-0.022215
-0.007477
-0.001890
-0.031963
-0.031498
-0.043993
-0.023021
-0.036146
-0.039627
-0.023370
-0.024033
-0.030708
-0.018760
-0.031207
-0.017128
-0.010207
-0.001756
-0.007035
-0.017046
-0.018483
-0.019092
-0.032188
-0.022066
-0.025935
-0.016567
-0.043101
-0.032399
-0.046929
-0.021492
-0.002636
-0.029147
-0.012243
-0.029145
-0.002262
-0.017715
-0.021327
-0.046826
-0.006503
-0.030952
-0.004500
-0.037935
-0.011540
-0.010728
-0.028562
-0.033935
-0.039084
-0.018722
-0.004181
-0.001538
-0.021223
-0.005520
-0.033948
-0.047548
-0.001837
-0.026119
-0.040913
-0.018633
-0.015267
-0.014225
-0.019499
-0.045723
-0.013905
-0.042874
-0.037537
-0.014139
-0.040331
-0.027406
-0.018138
-0.042008
-0.002904
-0.003244
-0.017921
-0.025008
-0.047090
-0.042987
-0.039981
-0.022551
-0.016681
-0.040193
-0.032760
-0.005959
-0.010830
-0.039936
-0.032427
-0.026794
-0.014939
-0.006246
-0.042755
-0.012259
-0.026463
-0.046780
-0.046093
-0.016534
-0.008480
-0.003177
-0.035803
-0.046090
-0.029852
-0.037657
-0.008763
-0.007638
-0.035655
-0.006888
-0.009239
-0.038056
-0.033879
-0.000414
-0.027585
-0.003581
-0.002083
-0.012582
-0.041499
-0.000627
-0.041030
-0.037837
-0.046465
-0.004116
-0.004717
-0.045361
-0.019595
-0.048333
-0.027005
-0.028476
-0.035200
-0.009012
-0.013890
-0.021748
-0.042774
-0.006526
-0.018297
-0.041753
-0.015862
-0.006826
-0.017480
-0.025083
-0.044311
-0.032783
-0.047598
-0.034896
-0.031797
-0.023056
-0.048104
-0.042684
-0.021084
-0.004859
-0.001982
-0.005384
-0.042882
-0.025884
-0.041391
-0.010850
-0.011575
-0.002482
-0.040040
-0.001841
-0.006239
-0.043921
-0.028826
-0.022804
-0.022089
-0.033738
-0.009492
-0.013697
-0.020419
-0.046003
-0.036546
-0.049373
-0.020936
-0.036734
-0.015611
-0.011291
-0.012094
-0.034300
-0.023039
-0.020769
-0.022666
-0.004443
-0.030703
-0.002471
-0.020336
-0.018873
-0.029704
-0.013421
-0.022051
-0.043944
-0.021663
-0.000532
-0.022856
-0.049988
-0.036185
-0.023403
-0.015138
-0.039768
-0.007902
-0.045067
-0.025302
-0.016744
-0.001601
-0.027795
-0.008846
-0.006794
-0.034142
-0.021440
-0.022233
-0.016910
-0.037141
-0.002196
-0.006477
-0.039874
-0.039548
-0.032686
-0.012272
-0.024291
-0.003136
-0.014486
-0.016751
-0.035816
-0.002130
-0.046073
-0.036865
-0.030330
-0.018752
-0.021361
-0.009998
-0.016709
-0.001365
-0.029295
-0.005027
-0.005811
-0.014371
-0.011678
-0.031322
-0.038047
-0.015486
-0.008465
-0.041560
-0.017347
-0.049073
-0.025630
-0.011661
-0.007938
-0.041160
-0.001318
-0.025403
-0.011633
-0.027004
-0.003177
-0.021869
-0.046166
-0.007067
-0.002160
-0.043756
-0.001417
-0.024387
-0.011216
-0.013035
-0.034564
-0.010237
-0.009267
-0.041152
-0.011413
-0.015758
-0.014347
-0.036707
-0.020900
-0.047136
-0.012136
-0.017154
-0.006616
-0.030444
-0.044450
-0.015319
-0.013295
-0.038674
-0.014058
-0.034442
-0.031623
-0.018384
-0.032464
-0.015421
-0.043676
-0.012153
-0.027472
-0.017098
-0.006392
-0.034422
-0.045807
-0.046543
-0.004384
-0.010767
-0.009349
-0.010566
-0.037714
-0.006022
-0.034124
-0.043488
-0.045770
-0.044112
-0.008395
-0.008906
-0.038334
-0.030863
-0.003597
-0.034604
-0.010748
-0.013308
-0.048327
-0.049545
-0.030661
-0.045448
-0.029646
-0.032489
-0.012998
-0.029682
-0.007075
-0.001175
-0.026370
-0.036830
-0.015850
-0.003917
-0.003172
-0.048165
-0.031920
-0.035727
-0.000701
-0.016433
-0.049202
-0.034019
-0.012368
-0.045913
-0.045814
-0.001582
-0.007047
-0.003291
-0.043264
-0.004018
-0.012091
-0.026184
-0.014980
-0.007459
-0.033716
-0.031332
-0.032835
-0.016515
-0.031237
-0.015374
-0.048718
-0.016896
-0.047963
-0.012296
-0.028985
-0.014202
-0.009769
-0.026265
-0.044153
-0.042761
-0.019509
-0.028605
-0.023849
-0.034469
-0.047140
-0.044157
-0.045779
-0.013513
-0.000682
-0.031575
-0.028655
-0.046420
-0.009979
-0.006364
-0.031743
-0.046122
-0.026161
-0.020448
-0.032477
-0.020989
-0.021066
-0.021785
-0.012118
-0.035175
-0.035028
-0.000152
-0.009066
-0.021849
-0.019636
-0.025902
-0.024564
-0.015475
-0.032166
-0.049769
-0.013878
-0.008572
-0.009498
-0.014355
-0.023404
-0.042205
-0.021112
-0.010975
-0.024287
-0.006724
-0.007002
-0.037762
-0.017159
-0.015256
-0.045239
-0.032581
-0.037616
-0.033981
-0.048834
-0.017159
-0.016983
-0.010125
-0.034313
-0.024608
-0.045959
-0.008743
-0.019254
-0.036081
-0.041665
-0.018761
-0.042812
-0.008524
-0.046485
-0.046554
-0.042862
-0.029232
-0.026100
-0.036053
-0.047409
-0.000424
-0.024236
-0.046894
-0.018256
-0.026985
-0.048666
-0.013856
-0.044885
-0.035747
-0.002801
-0.038084
-0.049342
-0.021605
-0.029896
-0.039873
-0.014853
-0.000648
-0.033336
-0.020898
-0.026800
-0.030779
-0.033354
-0.025358
-0.033615
-0.014318
-0.001703
-0.017227
-0.034278
-0.049830
-0.027067
-0.019942
-0.028675
-0.008209
-0.041144
-0.043275
-0.024814
-0.039226
-0.003596
-0.029710
-0.036629
-0.027759
-0.033423
-0.018510
-0.046301
-0.024323
-0.021082
-0.027578
-0.036974
-0.049984
-0.047423
-0.021779
-0.000686
-0.004953
-0.040264
-0.019750
-0.046953
-0.037540
-0.026298
-0.025059
-0.042256
-0.009184
-0.040263
-0.024790
-0.036705
-0.000788
-0.014846
-0.038519
-0.018133
-0.005906
-0.016342
-0.003681
-0.020466
-0.013800
-0.043370
-0.046267
-0.015458
-0.030473
-0.037100
-0.044613
-0.010872
-0.031881
-0.015644
-0.026799
-0.024365
-0.019224
-0.025365
-0.021666
-0.043790
-0.005848
-0.012041
-0.045980
-0.039909
-0.034245
-0.042142
-0.028291
-0.020614
-0.018024
-0.007903
-0.031470
-0.010757
-0.043565
-0.041484
-0.024594
-0.040141
-0.037082
-0.025305
-0.038905
-0.011843
-0.038499
-0.024778
-0.033113
-0.013127
-0.013180
-0.014940
-0.031747
-0.028640
-0.040158
-0.029139
-0.013737
-0.020174
-0.005676
-0.009786
-0.003033
-0.047145
-0.030319
-0.022546
-0.020018
-0.027278
-0.039142
-0.005555
-0.004526
-0.041153
-0.033107
-0.015565
-0.005328
-0.042309
-0.025802
-0.023222
-0.040137
-0.003252
-0.019704
-0.001216
-0.035430
-0.026844
-0.020280
-0.000150
-0.026684
-0.022418
-0.010642
-0.044218
-0.040748
-0.027280
-0.004795
-0.023372
-0.012240
-0.020788
-0.008198
-0.019425
-0.032329
-0.048140
-0.008366
-0.010666
-0.016443
-0.021160
-0.043808
-0.038909
-0.049938
-0.044441
-0.013690
-0.005069
-0.040468
-0.017372
-0.002659
-0.028161
-0.047974
-0.044547
-0.023478
-0.047257
-0.004304
-0.022906
-0.012463
-0.038025
-0.006401
-0.040484
-0.023756
-0.001066
-0.000157
-0.013846
-0.041553
-0.003624
-0.027163
-0.037993
-0.007236
-0.004618
-0.042510
-0.004689
-0.018494
-0.012693
-0.044166
-0.009604
-0.023398
-0.019749
-0.048041
-0.007432
-0.002627
-0.009937
-0.038772
-0.040768
-0.003320
-0.028404
-0.006536
-0.010320
-0.010539
-0.040738
-0.004550
-0.013394
-0.033586
-0.018693
-0.036536
-0.046047
-0.048075
-0.001556
-0.030722
-0.046304
-0.006151
-0.003407
-0.018078
-0.013578
-0.023750
-0.017572
-0.010932
-0.000572
-0.010837
-0.044011
-0.030572
-0.004236
-0.027987
-0.006925
-0.023651
-0.010044
-0.015179
-0.001594
-0.013964
-0.016754
-0.026000
-0.027232
-0.043942
-0.007580
-0.023360
-0.016326
-0.043231
-0.029433
-0.017615
-0.046536
-0.010823
-0.042313
-0.013094
-0.043684
-0.034310
-0.024765
-0.030433
-0.021825
-0.030475
-0.007133
-0.042966
-0.029946
-0.038098
-0.039427
-0.044523
-0.013710
-0.046402
-0.003637
-0.019071
-0.021916
-0.041329
-0.042934
-0.008508
-0.003072
-0.043226
-0.038803
-0.035291
-0.027301
-0.008667
-0.020543
-0.020908
-0.010171
-0.040680
-0.014909
-0.030596
-0.018522
-0.019809
-0.001991
-0.040141
-0.026276
-0.041028
-0.012958
-0.044791
-0.001966
-0.003102
-0.037781
-0.046583
-0.023984
-0.003930
-0.007322
-0.004624
-0.026804
-0.039715
-0.018632
-0.009858
-0.003465
-0.025748
-0.015445
-0.034675
-0.011274
-0.046552
-0.044777
-0.031410
-0.028017
-0.022718
-0.013530
-0.018440
-0.034489
-0.007553
-0.027886
-0.013971
-0.005369
-0.003354
-0.006833
-0.028453
-0.031003
-0.028022
-0.049878
-0.004907
-0.009574
-0.011884
-0.038334
-0.039229
-0.027874
-0.042677
-0.046395
-0.002949
-0.037079
-0.044046
-0.040087
-0.026490
-0.003161
-0.002831
-0.005206
-0.015097
-0.033020
-0.006493
-0.027650
-0.015393
-0.005907
-0.030150
-0.023227
-0.048298
-0.028110
-0.027338
-0.028259
-0.002686
-0.041654
-0.041568
-0.008190
-0.007343
-0.000352
-0.001405
-0.017482
-0.024434
-0.046614
-0.002145
-0.040161
-0.015175
-0.027275
-0.020639
-0.000945
-0.004134
-0.007607
-0.037892
-0.023874
-0.041316
-0.011442
-0.011082
-0.019476
-0.029056
-0.012081
-0.035176
-0.034183
-0.042231
-0.015653
-0.040423
-0.044362
-0.006808
-0.043201
-0.035616
-0.049826
-0.025657
-0.045185
-0.029519
-0.044427
-0.014767
-0.040997
-0.041449
-0.042715
-0.034697
-0.036557
-0.038908
-0.040313
-0.004044
-0.029980
-0.002506
-0.013953
-0.013556
-0.015308
-0.046191
-0.033747
-0.007413
-0.030155
-0.033753
-0.012372
-0.019878
-0.037262
-0.042184
-0.005463
-0.024140
-0.004632
-0.023535
-0.021907
-0.009097
-0.002205
-0.000640
-0.037764
-0.045426
-0.039454
-0.019421
-0.041154
-0.005053
-0.025769
-0.008588
-0.010568
-0.032890
-0.025557
-0.015520
-0.021968
-0.022615
-0.043889
-0.037433
-0.002962
-0.030493
-0.041430
-0.026887
-0.027446
-0.024085
-0.028432
-0.008627
-0.007164
-0.014024
-0.028275
-0.022990
-0.021016
-0.004260
-0.047303
-0.008887
-0.031320
-0.000619
-0.041809
-0.042250
-0.022570
-0.037781
-0.025203
-0.036021
-0.011483
-0.027486
-0.036289
-0.000299
-0.017170
-0.000822
-0.036538
-0.036083
-0.043075
-0.027729
-0.015980
-0.011041
-0.017615
-0.009008
-0.011659
-0.033135
-0.034477
-0.005868
-0.007730
-0.026964
-0.044717
-0.002962
-0.041848
-0.033682
-0.027695
-0.029840
-0.025870
-0.015592
-0.008366
-0.006284
-0.017092
-0.040329
-0.040513
-0.010307
-0.046120
-0.007447
-0.044137
-0.026131
-0.021519
-0.010437
-0.043523
-0.023310
-0.045872
-0.049779
-0.000517
-0.011086
-0.009159
-0.043545
-0.036779
-0.044139
-0.001250
-0.009409
-0.042422
-0.015042
-0.019107
-0.019005
-0.047821
-0.027258
-0.034662
-0.030628
-0.026075
-0.009899
-0.006294
-0.004901
-0.048421
-0.025812
-0.023806
-0.006963
-0.009460
-0.012561
-0.042277
-0.019505
-0.018456
-0.044999
-0.039604
-0.025771
-0.006759
-0.034451
-0.030859
-0.036956
-0.041613
-0.030985
-0.000408
-0.029616
-0.019552
-0.038156
-0.028500
-0.003854
-0.025656
-0.045199
-0.000431
-0.054160
-0.050713
-0.056124
-0.059824
-0.056899
-0.053488
-0.055469
-0.050097
-0.051449
-0.056931
-0.053464
-0.059825
-0.054407
-0.051943
-0.055211
-0.054581
-0.055997
-0.054593
-0.050176
-0.055778
-0.054128
-0.056599
-0.050927
-0.051047
-0.052621
-0.059570
-0.053703
-0.052320
-0.057459
-0.051585
-0.052078
-0.050623
-0.057662
-0.054509
-0.055751
-0.052643
-0.055699
-0.058532
-0.058110
-0.051426
-0.054999
-0.056447
-0.058269
-0.056201
-0.056202
-0.050696
-0.056593
-0.054703
-0.055986
-0.057838
-0.103050
-0.109015
-0.105770
-0.104677
-0.101233
-0.108368
-0.109275
-0.106232
-0.103238
-0.100245
-0.107533
-0.104927
-0.108686
-0.102139
-0.108048
-0.107749
-0.102143
-0.100151
-0.101908
-0.108811
-0.108580
-0.109846
-0.108897
-0.109125
-0.102197
-0.103621
-0.107496
-0.106590
-0.108656
-0.105568
-0.108609
-0.109694
-0.105001
-0.108409
-0.106188
-0.106087
-0.102700
-0.108909
-0.102777
-0.109486
-0.101211
-0.104284
-0.109140
-0.101298
-0.103264
-0.106543
-0.102613
-0.103445
-0.109732
-0.103776
-0.157101
-0.156133
-0.156935
-0.150905
-0.154086
-0.151040
-0.159431
-0.159706
-0.159192
-0.154016
-0.155341
-0.156486
-0.150204
-0.159040
-0.159556
-0.151024
-0.153476
-0.150879
-0.156331
-0.155029
-0.151998
-0.153383
-0.157809
-0.154683
-0.158678
-0.152367
-0.156410
-0.151142
-0.158187
-0.159326
-0.155481
-0.154922
-0.158143
-0.158148
-0.155758
-0.158085
-0.154147
-0.154478
-0.155522
-0.159884
-0.153788
-0.157707
-0.156228
-0.151291
-0.156786
-0.152398
-0.152050
-0.152741
-0.158190
-0.152076
-0.204806
-0.200304
-0.203607
-0.201421
-0.205828
-0.204190
-0.205531
-0.201066
-0.205582
-0.206400
-0.205793
-0.206416
-0.202617
-0.200383
-0.200482
-0.201637
-0.200749
-0.205452
-0.203199
-0.205172
-0.201480
-0.204501
-0.201488
-0.200517
-0.202625
-0.253927
-0.254276
-0.259274
-0.251054
-0.256620
-0.250592
-0.255509
-0.255762
-0.253504
-0.251876
-0.258865
-0.257859
-0.250029
-0.252541
-0.251661
-0.256492
-0.250690
-0.258315
-0.250641
-0.257380
-0.253401
-0.258375
-0.255246
-0.254680
-0.259237
-0.302570
-0.303135
-0.300775
-0.309550
-0.306240
-0.300507
-0.308455
-0.301076
-0.300639
-0.304801
-0.301733
-0.309641
-0.309835
-0.307091
-0.308648
-0.306922
-0.307432
-0.301387
-0.304188
-0.307995
-0.300454
-0.306678
-0.304214
-0.308057
-0.304292
-0.354371
-0.350376
-0.356790
-0.352942
-0.351317
-0.350124
-0.356021
-0.353023
-0.359622
-0.359348
-0.404085
-0.401262
-0.402499
-0.403700
-0.408970
-0.401432
-0.406677
-0.401270
-0.408642
-0.401071
-0.453110
-0.459009
-0.454123
-0.454661
-0.450949
-0.503968
-0.508221
-0.507330
-0.503735
-0.504456
-0.555203
-0.553810
-0.606060
-0.603796
