0.000000 0.810885
1.000000 1.055864
2.000000 1.068092
3.000000 1.068250
4.000000 1.068250
5.000000 1.068250
6.000000 1.068250
7.000000 1.068250
8.000000 1.068250
9.000000 1.068250
10.000000 1.068250
11.000000 1.068250
12.000000 1.068250
13.000000 1.068250
14.000000 1.068250
15.000000 1.068250
16.000000 1.068250
17.000000 1.068250
18.000000 1.068250
19.000000 1.068250
20.000000 1.068250
21.000000 1.068250
22.000000 1.068250
23.000000 1.068250
24.000000 1.068250
25.000000 1.068250
26.000000 1.068250
27.000000 1.068250
28.000000 1.068250
29.000000 1.068250
30.000000 1.068250
31.000000 1.068250
32.000000 1.068250
33.000000 1.068250
34.000000 1.068250
35.000000 1.068250
36.000000 1.068250
37.000000 1.068250
38.000000 1.068250
39.000000 1.068250
40.000000 1.068250
41.000000 1.068250
42.000000 1.068250
43.000000 1.068250
44.000000 1.068250
45.000000 1.068250
46.000000 1.068250
47.000000 1.068250
48.000000 1.068250
49.000000 1.068250
50.000000 1.068250
51.000000 1.068250
52.000000 1.068250
53.000000 1.068250
54.000000 1.068250
55.000000 1.068250
56.000000 1.068250
57.000000 1.068250
58.000000 1.068250
59.000000 1.068250
60.000000 1.068250
61.000000 1.068250
62.000000 1.068250
63.000000 1.068250
64.000000 1.068250
65.000000 1.068250
66.000000 1.068250
67.000000 1.068250
68.000000 1.068250
69.000000 1.068250
70.000000 1.068250
71.000000 1.068250
72.000000 1.068250
73.000000 1.068250
74.000000 1.068250
75.000000 1.068250
76.000000 1.068250
77.000000 1.068250
78.000000 1.068250
79.000000 1.068250
80.000000 1.068250
81.000000 1.068250
82.000000 1.068250
83.000000 1.068250
84.000000 1.068250
85.000000 1.068250
86.000000 1.068250
87.000000 1.068250
88.000000 1.068250
89.000000 1.068250
90.000000 1.068250
91.000000 1.068250
92.000000 1.068250
93.000000 1.068250
94.000000 1.068250
95.000000 1.068250
96.000000 1.068092
97.000000 1.055864
98.000000 0.810885
