0.000000 0.313370
1.000000 0.358043
2.000000 0.358640
3.000000 0.358641
4.000000 0.358641
5.000000 0.358641
6.000000 0.358641
7.000000 0.358641
8.000000 0.358641
9.000000 0.358641
10.000000 0.358641
11.000000 0.358641
12.000000 0.358641
13.000000 0.358641
14.000000 0.358641
15.000000 0.358641
16.000000 0.358641
17.000000 0.358641
18.000000 0.358641
19.000000 0.358641
20.000000 0.358641
21.000000 0.358641
22.000000 0.358641
23.000000 0.358641
24.000000 0.358641
25.000000 0.358641
26.000000 0.358641
27.000000 0.358641
28.000000 0.358641
29.000000 0.358641
30.000000 0.358641
31.000000 0.358641
32.000000 0.358641
33.000000 0.358641
34.000000 0.358641
35.000000 0.358641
36.000000 0.358641
37.000000 0.358641
38.000000 0.358641
39.000000 0.358641
40.000000 0.358641
41.000000 0.358641
42.000000 0.358641
43.000000 0.358641
44.000000 0.358641
45.000000 0.358641
46.000000 0.358640
47.000000 0.358043
48.000000 0.313370
