0.000000 -0.112231
1.000000 -0.000664
2.000000 -0.010641
3.000000 -0.031496
4.000000 -0.000072
5.000000 -0.086691
6.000000 -0.007400
7.000000 -0.176777
8.000000 -0.079084
9.000000 -0.003681
10.000000 -0.297739
11.000000 -0.077339
12.000000 -0.001726
13.000000 -0.029391
14.000000 -0.000226
15.000000 -0.014606
16.000000 -0.247475
17.000000 -0.027986
18.000000 -0.082315
19.000000 -0.004499
20.000000 -0.010579
21.000000 -0.001303
22.000000 -0.000761
23.000000 -0.002142
24.000000 -0.015506
25.000000 -0.014328
26.000000 -0.026022
27.000000 -0.000249
28.000000 -0.128019
29.000000 -0.183249
30.000000 -0.000227
31.000000 -0.190180
32.000000 -0.004691
33.000000 -0.091251
34.000000 -0.000586
35.000000 -0.019341
36.000000 -0.030796
37.000000 -0.034296
38.000000 -0.003942
39.000000 -0.045276
40.000000 -0.007292
41.000000 -0.072661
42.000000 -0.000028
43.000000 -0.001562
44.000000 -0.258575
45.000000 -0.294563
46.000000 -0.079474
47.000000 -0.000177
48.000000 -0.279006
49.000000 -0.000583
50.000000 -0.012649
51.000000 -0.000022
52.000000 -0.001830
53.000000 -0.255123
54.000000 -0.090802
55.000000 -0.000291
56.000000 -0.000021
57.000000 -0.067083
58.000000 -0.000021
59.000000 -0.069968
60.000000 -0.009170
61.000000 -0.000071
62.000000 -0.149438
63.000000 -0.000021
64.000000 -0.000021
65.000000 -0.144162
66.000000 -0.000040
67.000000 -0.000032
